Date,High,Low,Open,Close,Volume,Adj Close
2000-01-03,116.0,111.875,112.4375,116.0,10347700.0,72.60359954833984
2000-01-04,114.5,110.875,114.0,112.0625,8227800.0,70.13914489746094
2000-01-05,119.75,112.125,112.9375,116.0,12733200.0,72.60359954833984
2000-01-06,118.9375,113.5,118.0,114.0,7971900.0,71.35185241699219
2000-01-07,117.9375,110.625,117.25,113.5,11856700.0,71.03889465332031
2000-01-10,119.375,115.375,117.25,118.0,8540500.0,73.85542297363281
2000-01-11,121.125,116.625,117.875,119.0,7873300.0,74.4813461303711
2000-01-12,122.0,118.25,119.625,119.5,6803800.0,74.79425811767578
2000-01-13,121.0,115.75,119.9375,118.25,8489700.0,74.01190185546875
2000-01-14,123.3125,117.5,120.9375,119.625,10956600.0,74.87248992919922
2000-01-18,119.75,115.0,119.6875,115.75,7643900.0,72.44717407226562
2000-01-19,122.0,112.6875,115.5625,119.5,8634500.0,74.79425811767578
2000-01-20,124.75,119.0,123.0,119.0,17783400.0,74.4813461303711
2000-01-21,123.0,119.9375,121.875,121.5,7868700.0,76.0460433959961
2000-01-24,122.875,116.5625,121.875,121.5,6499200.0,76.0460433959961
2000-01-25,119.5,116.0,116.75,119.125,6936900.0,74.55953216552734
2000-01-26,119.9375,116.0,119.0625,116.75,4895100.0,73.07308197021484
2000-01-27,118.4375,111.625,118.0,113.5,8324600.0,71.03889465332031
2000-01-28,114.1875,110.0625,112.75,111.5625,6669400.0,69.82620239257812
2000-01-31,112.8125,109.625,111.375,112.25,6202700.0,70.25650024414062
2000-02-01,113.4375,109.125,112.375,110.0,7304700.0,68.84825134277344
2000-02-02,115.8125,110.375,112.0,113.5,7707700.0,71.03889465332031
2000-02-03,117.5,114.0625,115.0,117.125,6213800.0,73.3077621459961
2000-02-04,118.4375,114.8125,118.1875,115.625,5405300.0,72.36895751953125
2000-02-07,116.875,113.125,116.0,114.125,5779500.0,71.4300765991211
2000-02-08,119.0,116.1875,116.9375,118.8125,5464300.0,74.44223022460938
2000-02-09,119.75,117.0,119.0,117.375,5374700.0,73.54156494140625
2000-02-10,119.125,116.875,117.6875,119.125,4446600.0,74.63802337646484
2000-02-11,119.4375,114.5625,119.0625,115.375,5749400.0,72.2884521484375
2000-02-14,116.375,114.5,116.0,116.0625,4544000.0,72.71919250488281
2000-02-15,117.4375,113.875,115.875,117.125,5177500.0,73.38490295410156
2000-02-16,117.3125,115.25,116.5,115.75,3966900.0,72.52342224121094
2000-02-17,118.875,115.75,116.5,116.75,5237500.0,73.14997863769531
2000-02-18,115.9375,111.5,115.25,112.5,7673400.0,70.48712921142578
2000-02-22,113.4375,108.75,112.0,111.0,7654800.0,69.54729461669922
2000-02-23,110.5,108.5,110.5,108.75,7435300.0,68.13754272460938
2000-02-24,111.0,108.1875,108.8125,110.5,9112000.0,69.2340087890625
2000-02-25,109.875,104.9375,109.875,108.0,10312200.0,67.66765594482422
2000-02-28,106.5,103.9375,104.625,104.5,8479900.0,65.47472381591797
2000-02-29,105.5625,100.9375,105.5625,102.75,10484900.0,64.37822723388672
2000-03-01,105.5,100.0625,102.0,100.25,10807800.0,62.81187438964844
2000-03-02,105.4375,99.5,100.5,103.125,11192900.0,64.61318969726562
2000-03-03,110.0,106.0625,107.25,108.0,10162800.0,67.66765594482422
2000-03-06,111.0,101.0,109.9375,103.0625,10747400.0,64.57403564453125
2000-03-07,107.0,101.6875,106.0,103.0,10035100.0,64.53489685058594
2000-03-08,106.875,102.75,103.0,106.25,8376400.0,66.57115936279297
2000-03-09,108.0,104.125,106.5,108.0,6334100.0,67.66765594482422
2000-03-10,109.0,105.0,107.625,105.25,7093200.0,65.94461822509766
2000-03-13,109.0,102.5,104.0,107.6875,7871000.0,67.47186279296875
2000-03-14,110.0,107.375,107.75,108.625,7973700.0,68.05923461914062
2000-03-15,108.25,106.125,107.5,107.0,5665900.0,67.04106903076172
2000-03-16,109.8125,107.875,109.0,109.0,6622500.0,68.294189453125
2000-03-17,111.6875,107.6875,108.25,110.0,8857300.0,68.92074584960938
2000-03-20,113.375,109.9375,110.0,112.75,6563500.0,70.64376068115234
2000-03-21,114.6875,111.9375,112.8125,113.5,6771600.0,71.1136703491211
2000-03-22,115.375,113.875,114.5,114.25,6137800.0,71.58358001708984
2000-03-23,115.875,111.625,115.875,115.25,6492400.0,72.21015930175781
2000-03-24,122.25,115.0625,115.375,120.625,12125600.0,75.57785034179688
2000-03-27,128.25,124.625,125.0,126.875,11862900.0,79.49380493164062
2000-03-28,127.0,122.0625,125.75,122.5,8149600.0,76.75262451171875
2000-03-29,122.4375,118.5,122.3125,119.0,7312300.0,74.55970764160156
2000-03-30,123.0,118.6875,118.875,122.75,9158000.0,76.9092788696289
2000-03-31,123.75,117.0625,122.625,118.375,8015200.0,74.16812896728516
2000-04-03,122.375,119.4375,120.0,122.0,7715600.0,76.4393539428711
2000-04-04,126.9375,115.0625,121.5,121.1875,16667200.0,75.93030548095703
2000-04-05,125.75,119.75,120.5,125.0,8693500.0,78.31906127929688
2000-04-06,128.0,122.625,123.5,122.75,8887400.0,76.9092788696289
2000-04-07,125.6875,121.5,123.5,123.125,5380300.0,77.14422607421875
2000-04-10,125.375,121.5625,124.75,122.125,5507300.0,76.51768493652344
2000-04-11,121.625,117.8125,121.625,119.375,7738700.0,74.79469299316406
2000-04-12,119.625,111.6875,119.625,113.75,8885200.0,71.27030181884766
2000-04-13,114.3125,110.0,112.5,110.625,8236400.0,69.31233978271484
2000-04-14,112.75,102.875,109.8125,105.0,11782000.0,65.78799438476562
2000-04-17,112.25,103.3125,103.875,111.875,9969500.0,70.09554290771484
2000-04-18,115.125,110.0625,112.25,111.5,8205500.0,69.86054992675781
2000-04-19,109.75,102.8125,109.75,105.0,14674500.0,65.78799438476562
2000-04-20,105.25,102.0625,105.0,104.0,10633300.0,65.16143798828125
2000-04-24,107.1875,101.25,102.0,106.5,8523100.0,66.72783660888672
2000-04-25,113.0,106.4375,106.5,112.5,9576400.0,70.48712921142578
2000-04-26,113.9375,109.0,112.5,110.5,6182800.0,69.2340087890625
2000-04-27,113.125,108.6875,109.5,110.625,6317500.0,69.31233978271484
2000-04-28,112.6875,110.125,112.0,111.5,4888600.0,69.86054992675781
2000-05-01,113.1875,110.4375,112.5,112.0,4196100.0,70.17387390136719
2000-05-02,113.625,110.6875,111.0,111.375,4085000.0,69.78226470947266
2000-05-03,111.125,106.5625,110.5,108.125,5543800.0,67.74596405029297
2000-05-04,109.1875,107.1875,109.125,107.625,3631300.0,67.43268585205078
2000-05-05,109.625,106.5,106.625,107.875,4695100.0,67.58930969238281
2000-05-08,110.375,107.625,108.0625,109.75,4826900.0,68.84707641601562
2000-05-09,110.625,108.25,110.5,109.0,4864900.0,68.3766098022461
2000-05-10,105.6875,102.0625,105.5,103.0,10012700.0,64.61272430419922
2000-05-11,107.5,103.1875,104.0,104.4375,8106200.0,65.51449584960938
2000-05-12,105.75,103.25,103.75,104.4375,5599700.0,65.51449584960938
2000-05-15,104.875,102.0,104.0,104.1875,5907800.0,65.35765838623047
2000-05-16,109.25,105.0,105.125,109.0,7265800.0,68.3766098022461
2000-05-17,108.875,106.125,107.5,107.875,5524500.0,67.67084503173828
2000-05-18,107.3125,104.6875,106.125,106.0625,4577200.0,66.53387451171875
2000-05-19,107.5,105.0,106.0625,106.4375,6419200.0,66.76910400390625
2000-05-22,109.25,103.4375,106.0,109.25,6769400.0,68.533447265625
2000-05-23,110.0,107.125,109.0,107.375,5978900.0,67.35721588134766
2000-05-24,110.0,104.1875,106.5,109.625,8184200.0,68.76866149902344
2000-05-25,112.25,106.375,110.5,106.5,5967600.0,66.80831909179688
2000-05-26,107.1875,104.5625,105.5,106.9375,4296900.0,67.082763671875
2000-05-30,111.0,107.6875,107.75,110.9375,3617500.0,69.59197998046875
2000-05-31,110.75,107.1875,110.5,107.3125,3732500.0,67.31804656982422
2000-06-01,108.9375,105.5,107.5625,106.0,5712500.0,66.49464416503906
2000-06-02,109.75,107.625,109.0,108.8125,5473300.0,68.25900268554688
2000-06-05,114.1875,108.4375,108.4375,112.8125,7281400.0,70.7681884765625
2000-06-06,114.625,111.25,112.25,112.375,5369400.0,70.49375915527344
2000-06-07,121.75,111.5,112.5,121.0,11115500.0,75.90425872802734
2000-06-08,122.3125,117.5,119.375,119.75,9325600.0,75.12017059326172
2000-06-09,120.75,118.875,119.875,119.6875,4739100.0,75.08096313476562
2000-06-12,120.4375,118.84375,119.125,118.84375,3640300.0,74.55166625976562
2000-06-13,119.9375,116.75,118.875,119.3125,4008600.0,74.84574127197266
2000-06-14,120.0,115.5,118.875,116.0,5282600.0,72.76774597167969
2000-06-15,119.0,115.875,116.0,116.8125,5386300.0,73.27742767333984
2000-06-16,117.6875,113.25,116.3125,113.25,8046200.0,71.04264831542969
2000-06-19,120.375,113.25,113.5,120.375,6059200.0,75.51220703125
2000-06-20,120.6875,115.375,120.0,116.375,7103800.0,73.00297546386719
2000-06-21,115.9375,113.5,115.5625,114.5,6487000.0,71.82679748535156
2000-06-22,114.3125,111.25,114.125,111.8125,4853100.0,70.1408920288086
2000-06-23,113.625,110.8125,113.5,111.875,3360900.0,70.18009948730469
2000-06-26,115.75,112.875,113.0,114.40625,3625900.0,71.76797485351562
2000-06-27,112.8125,108.75,111.625,109.75,6607900.0,68.84707641601562
2000-06-28,115.1875,109.875,110.0,113.78125,6436600.0,71.37589263916016
2000-06-29,114.375,110.0625,111.75,114.0,7688500.0,71.51312255859375
2000-06-30,113.1875,108.625,112.6875,109.5625,8612600.0,68.72945404052734
2000-07-03,109.875,108.3125,108.75,109.5,2304400.0,68.69024658203125
2000-07-05,105.625,101.125,105.625,105.0,14339600.0,65.86735534667969
2000-07-06,105.125,100.0,105.0,101.25,12932700.0,63.51496124267578
2000-07-07,105.0625,101.625,102.6875,105.0625,9031700.0,65.90656280517578
2000-07-10,104.9375,102.875,104.6875,103.3125,4212200.0,64.80875396728516
2000-07-11,104.0,101.0,103.25,102.0,5619800.0,63.985435485839844
2000-07-12,105.875,102.625,103.1875,104.625,5550500.0,65.63214111328125
2000-07-13,105.9375,102.0,105.4375,104.0,5669700.0,65.24005126953125
2000-07-14,104.875,103.125,103.75,103.9375,4020000.0,65.2008285522461
2000-07-17,107.875,104.1875,104.4375,105.5,6632700.0,66.18099212646484
2000-07-18,104.8125,102.625,104.125,103.3125,6452700.0,64.80875396728516
2000-07-19,109.5,101.0,102.375,108.75,7781400.0,68.21977996826172
2000-07-20,117.8125,111.75,112.0,117.25,23048400.0,73.5519027709961
2000-07-21,117.0,113.75,117.0,114.75,8966400.0,71.98361206054688
2000-07-24,115.625,111.625,114.125,112.5,6814400.0,70.5721435546875
2000-07-25,113.375,110.25,113.25,112.0,5566900.0,70.25850677490234
2000-07-26,112.375,108.875,111.0,109.875,6670400.0,68.92549896240234
2000-07-27,111.5,109.3125,109.875,110.3125,4047400.0,69.199951171875
2000-07-28,112.5,108.875,111.125,111.8125,5355600.0,70.1408920288086
2000-07-31,113.6875,110.0625,110.5,112.25,5113500.0,70.41535949707031
2000-08-01,112.4375,110.25,112.0,110.5,2996500.0,69.31754302978516
2000-08-02,114.875,110.75,111.0,114.25,5877900.0,71.66995239257812
2000-08-03,116.5,112.3125,113.0,116.0,5567400.0,72.76774597167969
2000-08-04,116.5,114.3125,116.0,115.875,4460500.0,72.68933868408203
2000-08-07,119.0,115.8125,116.625,116.3125,5910700.0,72.96376037597656
2000-08-08,119.625,115.5625,115.6875,118.875,5736700.0,74.65470123291016
2000-08-09,120.8125,118.75,119.0,118.75,6585400.0,74.576171875
2000-08-10,120.25,117.875,118.75,119.75,5484100.0,75.20421600341797
2000-08-11,121.8125,119.1875,119.75,120.625,6142400.0,75.75370025634766
2000-08-14,123.6875,119.3125,120.0,123.25,4949400.0,77.4022216796875
2000-08-15,122.625,120.75,122.0625,122.0,4378100.0,76.61724090576172
2000-08-16,122.9375,119.5,121.0625,122.375,5946000.0,76.85275268554688
2000-08-17,122.8125,119.5,119.75,122.5,4338400.0,76.93123626708984
2000-08-18,123.375,120.125,122.375,120.4375,4127500.0,75.635986328125
2000-08-21,122.1875,120.0625,121.0625,121.4375,3234200.0,76.26398468017578
2000-08-22,122.1875,121.0,121.1875,121.375,2769400.0,76.22472381591797
2000-08-23,123.75,119.875,120.3125,123.25,4251200.0,77.4022216796875
2000-08-24,125.4375,122.6875,123.0,124.8125,5988300.0,78.3835220336914
2000-08-25,129.875,124.25,124.3125,129.0,8279000.0,81.01331329345703
2000-08-28,133.1875,129.75,129.875,131.5,8536600.0,82.58330535888672
2000-08-29,134.25,131.0,131.5,132.875,6040000.0,83.44684600830078
2000-08-30,131.5,129.5625,130.75,130.3125,4928800.0,81.83753967285156
2000-08-31,134.1875,131.625,131.875,132.015625,5469500.0,82.90713500976562
2000-09-01,134.9375,132.625,133.0625,133.625,5776300.0,83.9178466796875
2000-09-05,133.3125,130.8125,132.8125,131.1875,4112100.0,82.38710021972656
2000-09-06,134.875,130.375,130.875,131.4375,6473000.0,82.54407501220703
2000-09-07,134.5,131.875,131.875,133.375,4622800.0,83.76084899902344
2000-09-08,132.9375,129.375,132.5,129.5,4993700.0,81.32732391357422
2000-09-11,128.25,123.625,127.875,124.5,7617700.0,78.18724822998047
2000-09-12,126.875,124.0625,124.8125,125.0,5001700.0,78.50125885009766
2000-09-13,128.8125,122.75,123.125,127.6875,5473600.0,80.18905639648438
2000-09-14,129.1875,126.3125,128.0,126.875,4425500.0,79.67876434326172
2000-09-15,127.25,124.75,126.8125,125.0,5481700.0,78.50125885009766
2000-09-18,126.0,123.0625,125.25,123.25,3932800.0,77.4022216796875
2000-09-19,126.25,122.5625,122.75,124.9375,3341000.0,78.4620132446289
2000-09-20,126.5625,123.5,124.6875,124.75,4623400.0,78.3442611694336
2000-09-21,126.6875,120.0,124.1875,121.5,4302200.0,76.30321502685547
2000-09-22,124.3125,121.3125,123.0,123.875,5930100.0,77.79473114013672
2000-09-25,126.625,121.0,124.5,123.0,4291000.0,77.24522399902344
2000-09-26,121.875,118.375,120.0,119.125,6217200.0,74.81170654296875
2000-09-27,120.3125,115.5,120.0625,118.0,5948900.0,74.10518646240234
2000-09-28,118.875,115.0,117.375,115.25,5309100.0,72.37816619873047
2000-09-29,116.9375,110.25,115.5,112.625,9594600.0,70.7296371459961
2000-10-02,119.625,112.625,112.625,117.8125,8872200.0,73.98743438720703
2000-10-03,119.375,110.0,118.875,110.5625,11744200.0,69.43437194824219
2000-10-04,114.875,108.5625,110.375,114.375,11668900.0,71.8286361694336
2000-10-05,114.5625,111.5625,113.8125,113.1875,5547000.0,71.08290100097656
2000-10-06,116.125,112.75,114.0,116.0,6108400.0,72.84918212890625
2000-10-09,119.375,114.3125,115.9375,117.9375,4898000.0,74.0659408569336
2000-10-10,117.125,112.4375,116.625,114.875,5614200.0,72.14266967773438
2000-10-11,112.9375,107.5,111.875,112.0,8775800.0,70.33711242675781
2000-10-12,114.375,103.125,114.25,103.125,9704900.0,64.7635269165039
2000-10-13,110.4375,104.1875,104.1875,109.0625,9092600.0,68.49236297607422
2000-10-16,113.125,108.5625,111.5,111.125,7710400.0,69.78762817382812
2000-10-17,113.875,108.5625,111.9375,113.0,8882500.0,70.96514129638672
2000-10-18,99.125,90.25,96.75,95.4375,29777800.0,59.935707092285156
2000-10-19,98.5,92.6875,98.0,96.4375,17966900.0,60.56374740600586
2000-10-20,96.25,94.1875,95.125,94.75,9369200.0,59.503944396972656
2000-10-23,95.0,91.0625,94.75,92.875,9338600.0,58.326419830322266
2000-10-24,94.375,90.1875,93.0,91.4375,8826200.0,57.423675537109375
2000-10-25,90.9375,86.9375,90.5,87.5625,14058500.0,54.99013137817383
2000-10-26,92.875,87.625,88.0,92.75,10135700.0,58.247928619384766
2000-10-27,93.6875,91.0,93.0,93.6875,6431400.0,58.836669921875
2000-10-30,93.75,90.3125,93.5,93.3125,8084000.0,58.601173400878906
2000-10-31,99.125,93.75,93.75,98.5,10902600.0,61.85897445678711
2000-11-01,99.875,97.25,98.4375,98.5625,7466200.0,61.89824295043945
2000-11-02,102.3125,98.5,99.0,101.9375,7445100.0,64.01777648925781
2000-11-03,102.625,99.375,102.5,100.125,5848500.0,62.87950897216797
2000-11-06,102.375,99.4375,99.875,100.3125,4448500.0,62.997276306152344
2000-11-07,103.5,100.6875,101.125,102.3125,5420600.0,64.2532730102539
2000-11-08,103.75,99.25,103.625,100.0,6990800.0,62.880897521972656
2000-11-09,100.0,95.6875,96.75,99.4375,9047900.0,62.527217864990234
2000-11-10,98.375,93.0,98.0,93.0,6807900.0,58.47924041748047
2000-11-13,99.4375,91.625,91.8125,97.4375,8684900.0,61.26959991455078
2000-11-14,99.875,98.5,99.25,99.5,5150900.0,62.566524505615234
2000-11-15,100.0625,97.625,99.5,99.375,4160300.0,62.48787307739258
2000-11-16,99.6875,98.25,99.25,98.25,3739700.0,61.780487060546875
2000-11-17,102.5,98.25,98.3125,101.9375,7717400.0,64.09922790527344
2000-11-20,103.25,100.875,101.5,103.25,7426600.0,64.92452239990234
2000-11-21,104.375,98.5,103.25,98.5,7180700.0,61.93769454956055
2000-11-22,100.8125,98.3125,98.5,98.5,5537100.0,61.93769454956055
2000-11-24,101.75,99.25,99.375,99.9375,2497500.0,62.841575622558594
2000-11-27,102.0,98.4375,100.4375,98.4375,3866200.0,61.89842224121094
2000-11-28,100.75,97.375,98.75,97.875,4799100.0,61.544654846191406
2000-11-29,99.9375,96.6875,97.75,99.8125,5524600.0,62.76301193237305
2000-11-30,98.0,92.25,98.0,93.5,10651400.0,58.793643951416016
2000-12-01,99.3125,94.375,94.4375,95.625,7525100.0,60.12989044189453
2000-12-04,99.1875,95.75,96.0,98.375,5566800.0,61.85905456542969
2000-12-05,104.75,99.625,100.4375,103.375,7804200.0,65.00312805175781
2000-12-06,101.8125,94.8125,101.75,96.75,10096900.0,60.83727264404297
2000-12-07,95.9375,93.125,95.0625,93.125,7922000.0,58.55784606933594
2000-12-08,99.0,95.75,98.0,97.0,6140600.0,60.99449157714844
2000-12-11,98.25,93.75,96.5,95.0,6185600.0,59.73685073852539
2000-12-12,96.125,92.5,95.25,93.875,7913300.0,59.02944564819336
2000-12-13,96.625,90.6875,94.875,91.25,6992600.0,57.378849029541016
2000-12-14,93.6875,91.8125,92.0,92.4375,6131400.0,58.12554931640625
2000-12-15,90.6875,87.3125,90.0,87.8125,14254500.0,55.21730041503906
2000-12-18,90.5,88.375,88.375,90.5,7693800.0,56.90723419189453
2000-12-19,94.4375,89.8125,90.1875,90.125,7705300.0,56.671424865722656
2000-12-20,88.0,84.8125,85.875,86.0,12579400.0,54.07761001586914
2000-12-21,87.9375,80.0625,85.5,81.5625,12725500.0,51.287227630615234
2000-12-22,89.375,84.5,84.5,89.0,9514000.0,55.964012145996094
2000-12-26,89.5625,84.25,89.0,84.8125,6052300.0,53.330875396728516
2000-12-27,88.125,83.5625,84.75,84.6875,8245100.0,53.252262115478516
2000-12-28,88.1875,82.125,83.5,85.25,9798600.0,53.605979919433594
2000-12-29,86.9375,84.25,86.9375,85.0,6943700.0,53.448787689208984
2001-01-02,87.5,84.125,84.5,84.8125,8007200.0,53.330875396728516
2001-01-03,95.0,83.75,83.75,94.625,12769900.0,59.50105667114258
2001-01-04,99.75,92.6875,94.75,93.1875,15420500.0,58.597137451171875
2001-01-05,94.6875,91.0,93.9375,94.0,8043200.0,59.10806655883789
2001-01-08,93.9375,91.5625,93.5,93.5625,6064800.0,58.832942962646484
2001-01-09,95.75,91.4375,94.4375,92.5625,7547100.0,58.20414733886719
2001-01-10,94.9375,91.6875,92.5,93.4375,7656100.0,58.75434112548828
2001-01-11,94.25,91.25,92.9375,93.6875,9635000.0,58.911537170410156
2001-01-12,96.4375,92.375,93.6875,93.8125,6448000.0,58.990150451660156
2001-01-16,94.0,91.8125,93.75,92.75,5671900.0,58.3220329284668
2001-01-17,97.75,94.3125,95.375,96.6875,9727000.0,60.79796600341797
2001-01-18,110.0,103.5,104.375,108.3125,25244900.0,68.10787200927734
2001-01-19,113.9375,107.25,107.5,111.25,14762200.0,69.95500946044922
2001-01-22,109.9375,108.1875,109.5,108.5625,9618500.0,68.26509094238281
2001-01-23,109.9375,107.625,109.5625,109.0625,9826900.0,68.57948303222656
2001-01-24,111.4375,108.9375,109.0625,110.4375,6760900.0,69.4441146850586
2001-01-25,111.125,109.4375,110.125,110.75,4982100.0,69.64063262939453
2001-01-26,115.25,109.1875,109.625,114.1875,9095200.0,71.8021469116211
2001-01-29,115.5,112.47000122070312,112.5,114.9800033569336,5125000.0,72.30047607421875
2001-01-30,116.75,113.4000015258789,115.0,116.61000061035156,8242000.0,73.32542419433594
2001-01-31,116.75,112.0,115.75,112.0,8314200.0,70.42660522460938
2001-02-01,114.33999633789062,111.19999694824219,112.4000015258789,114.05000305175781,5580800.0,71.71570587158203
2001-02-02,113.98999786376953,109.5999984741211,112.75,110.2699966430664,5428400.0,69.3387680053711
2001-02-05,112.5999984741211,109.30000305175781,109.4000015258789,112.22000122070312,5113700.0,70.56493377685547
2001-02-06,115.69000244140625,111.19999694824219,112.2300033569336,114.19000244140625,7526400.0,71.8036880493164
2001-02-07,117.5999984741211,112.66999816894531,113.4000015258789,116.91000366210938,9006900.0,73.59783935546875
2001-02-08,118.19999694824219,114.02999877929688,116.91000366210938,114.0999984741211,8380800.0,71.82887268066406
2001-02-09,114.98999786376953,111.0,114.02999877929688,112.0,6318800.0,70.50690460205078
2001-02-12,115.72000122070312,110.30000305175781,110.55000305175781,114.9000015258789,6729300.0,72.33248901367188
2001-02-13,117.37999725341797,113.06999969482422,114.1500015258789,113.75,7193200.0,71.60852813720703
2001-02-14,116.16999816894531,112.5,113.75,115.0999984741211,7032900.0,72.45840454101562
2001-02-15,118.63999938964844,116.37999725341797,116.80000305175781,116.77999877929688,8098700.0,73.51602935791016
2001-02-16,115.75,113.94000244140625,114.55000305175781,115.0,7073000.0,72.39543151855469
2001-02-20,115.5999984741211,110.77999877929688,114.55000305175781,111.5,6748300.0,70.19213104248047
2001-02-21,111.5,107.29000091552734,109.55000305175781,107.51000213623047,9156900.0,67.68031311035156
2001-02-22,110.9000015258789,103.37999725341797,106.5,108.9000015258789,11709000.0,68.55535888671875
2001-02-23,107.5,100.25,107.5,104.0,15276600.0,65.47066497802734
2001-02-26,105.80000305175781,101.83000183105469,105.80000305175781,105.30000305175781,8344100.0,66.28907775878906
2001-02-27,106.87000274658203,102.55999755859375,104.9000015258789,102.58999633789062,9787900.0,64.58301544189453
2001-02-28,103.54000091552734,99.0999984741211,102.94999694824219,99.9000015258789,11933200.0,62.88963317871094
2001-03-01,106.4000015258789,97.5,99.30000305175781,106.05000305175781,15102000.0,66.76118469238281
2001-03-02,107.6500015258789,100.94000244140625,104.0,102.30000305175781,14745500.0,64.40050506591797
2001-03-05,105.5999984741211,102.63999938964844,102.80999755859375,104.91000366210938,6743900.0,66.04354858398438
2001-03-06,108.4000015258789,105.25,106.25,106.0,8120000.0,66.72972869873047
2001-03-07,108.25,105.66000366210938,107.44999694824219,107.55000305175781,7788900.0,67.70549774169922
2001-03-08,107.33999633789062,105.37000274658203,107.16999816894531,106.47000122070312,6793600.0,67.02560424804688
2001-03-09,105.01000213623047,97.9000015258789,105.0,99.29000091552734,16688100.0,62.505611419677734
2001-03-12,98.4000015258789,95.0199966430664,97.9000015258789,95.48999786376953,14494800.0,60.11343765258789
2001-03-13,98.44000244140625,94.19999694824219,95.0999984741211,98.38999938964844,12127900.0,61.93903732299805
2001-03-14,98.9000015258789,93.33999633789062,95.4000015258789,94.95999908447266,14246600.0,59.77976608276367
2001-03-15,97.87000274658203,95.16999816894531,96.0,95.55999755859375,8420000.0,60.15747833251953
2001-03-16,93.9000015258789,88.19999694824219,93.9000015258789,90.0999984741211,20029400.0,56.72026824951172
2001-03-19,92.80000305175781,89.19999694824219,91.0,92.5999984741211,10235500.0,58.29409408569336
2001-03-20,92.02999877929688,88.0999984741211,91.5999984741211,88.30000305175781,10101100.0,55.58713912963867
2001-03-21,91.5999984741211,87.75,88.44999694824219,89.08000183105469,11013000.0,56.078155517578125
2001-03-22,91.0,87.6500015258789,89.12000274658203,89.0999984741211,13328200.0,56.09075164794922
2001-03-23,94.98999786376953,90.29000091552734,93.5,93.51000213623047,12233600.0,58.86696243286133
2001-03-26,95.66000366210938,93.75,95.25,95.4000015258789,8581200.0,60.0567741394043
2001-03-27,100.0,93.97000122070312,94.0,99.5,11851200.0,62.63780975341797
2001-03-28,98.44999694824219,94.25,97.9000015258789,94.41000366210938,11890500.0,59.433528900146484
2001-03-29,97.06999969482422,94.26000213623047,94.45999908447266,95.04000091552734,10553700.0,59.830142974853516
2001-03-30,97.55999755859375,95.13999938964844,96.5,96.18000030517578,9461300.0,60.54778289794922
2001-04-02,98.0999984741211,93.58000183105469,97.44999694824219,94.66000366210938,8787000.0,59.59091567993164
2001-04-03,94.6500015258789,90.0999984741211,94.5999984741211,90.38999938964844,13330000.0,56.902828216552734
2001-04-04,94.05000305175781,90.05000305175781,90.44999694824219,92.0,13515600.0,57.91634750366211
2001-04-05,100.0,95.52999877929688,95.80000305175781,98.20999908447266,12506100.0,61.82572555541992
2001-04-06,100.0,96.4000015258789,98.0,97.94999694824219,13424200.0,61.66205978393555
2001-04-09,98.73999786376953,93.80000305175781,98.5,96.0,9486600.0,60.434471130371094
2001-04-10,99.9000015258789,96.55999755859375,97.0,99.05000305175781,10499400.0,62.3545036315918
2001-04-11,101.94000244140625,95.80000305175781,101.5,97.43000030517578,11498400.0,61.3347053527832
2001-04-12,97.5,95.1500015258789,96.4000015258789,96.19999694824219,9390100.0,60.560367584228516
2001-04-16,99.88999938964844,95.19999694824219,96.19999694824219,96.75,9188500.0,60.90662384033203
2001-04-17,99.87999725341797,97.0,97.0,99.69999694824219,9957300.0,62.76370620727539
2001-04-18,110.0,102.30000305175781,103.0,106.5,19814300.0,67.04448699951172
2001-04-19,115.9000015258789,110.44999694824219,112.0,114.47000122070312,25822400.0,72.06182098388672
2001-04-20,116.4000015258789,113.75,114.3499984741211,114.83000183105469,12759100.0,72.2884521484375
2001-04-23,114.05000305175781,111.68000030517578,114.01000213623047,112.0,8537500.0,70.50690460205078
2001-04-24,114.75,112.30000305175781,113.4000015258789,112.66999816894531,8742000.0,70.92867279052734
2001-04-25,114.8499984741211,111.98999786376953,112.0,114.8499984741211,6858500.0,72.30101013183594
2001-04-26,116.69999694824219,113.68000030517578,114.94999694824219,113.73999786376953,7346100.0,71.60224914550781
2001-04-27,116.9000015258789,114.55000305175781,116.80000305175781,116.19999694824219,7390600.0,73.1509017944336
2001-04-30,118.05000305175781,114.72000122070312,116.4000015258789,115.13999938964844,7357200.0,72.48357391357422
2001-05-01,118.6500015258789,114.9000015258789,115.8499984741211,118.51000213623047,7790800.0,74.60509490966797
2001-05-02,118.94999694824219,113.73999786376953,118.30000305175781,115.4000015258789,9706200.0,72.64727783203125
2001-05-03,115.0999984741211,112.3499984741211,114.5999984741211,113.69999694824219,6578000.0,71.57708740234375
2001-05-04,115.86000061035156,111.19999694824219,112.0,115.86000061035156,8681400.0,72.93685913085938
2001-05-07,117.25,115.0,116.19999694824219,115.9000015258789,6088600.0,72.96199798583984
2001-05-08,117.75,115.5,117.25,117.69999694824219,7605800.0,74.18480682373047
2001-05-09,118.18000030517578,115.30000305175781,116.19999694824219,116.9800033569336,7680200.0,73.73096466064453
2001-05-10,118.9000015258789,115.19999694824219,118.5,115.19999694824219,7993900.0,72.60906219482422
2001-05-11,114.1500015258789,110.95999908447266,113.75,111.80999755859375,8390200.0,70.47240447998047
2001-05-14,113.18000030517578,111.0,111.19999694824219,112.55999755859375,5254800.0,70.94510650634766
2001-05-15,114.1500015258789,112.5,113.5,113.58000183105469,5873400.0,71.5880126953125
2001-05-16,115.80000305175781,112.19999694824219,112.5,115.80000305175781,7796700.0,72.98723602294922
2001-05-17,117.08999633789062,115.05000305175781,115.80000305175781,115.06999969482422,6887700.0,72.52714538574219
2001-05-18,117.68000030517578,114.9000015258789,115.06999969482422,117.44000244140625,6714900.0,74.02093505859375
2001-05-21,119.9000015258789,117.55000305175781,117.94999694824219,119.04000091552734,8409400.0,75.02937316894531
2001-05-22,119.69999694824219,117.25,119.69999694824219,118.01000213623047,6005300.0,74.38018035888672
2001-05-23,118.94999694824219,117.0999984741211,117.80000305175781,117.4000015258789,6402600.0,73.99571990966797
2001-05-24,119.5999984741211,117.5,117.5,119.5999984741211,7726400.0,75.38233947753906
2001-05-25,119.9000015258789,117.76000213623047,119.5199966430664,117.80000305175781,5629100.0,74.24783325195312
2001-05-29,117.58999633789062,115.08000183105469,117.3499984741211,115.2699966430664,5818000.0,72.6532211303711
2001-05-30,114.0999984741211,112.0,114.0,112.6500015258789,9598700.0,71.0018539428711
2001-05-31,113.86000061035156,111.63999938964844,112.6500015258789,111.80000305175781,6724100.0,70.46610260009766
2001-06-01,113.5999984741211,111.9000015258789,112.5,112.88999938964844,5138900.0,71.15309143066406
2001-06-04,114.75,112.8499984741211,113.25,113.63999938964844,3812200.0,71.62581634521484
2001-06-05,117.5999984741211,113.55999755859375,113.63999938964844,116.97000122070312,6154400.0,73.7247085571289
2001-06-06,119.0,116.5,117.5999984741211,117.5,9624200.0,74.0587158203125
2001-06-07,118.25,117.0,117.0,117.25,6423700.0,73.90119934082031
2001-06-08,117.5,115.5999984741211,117.5,116.0999984741211,3099100.0,73.17631530761719
2001-06-11,118.13999938964844,116.0999984741211,116.30000305175781,117.36000061035156,6542700.0,73.97046661376953
2001-06-12,117.80000305175781,115.55000305175781,116.75,117.25,7301500.0,73.90119934082031
2001-06-13,118.47000122070312,116.52999877929688,117.25,116.54000091552734,5703200.0,73.45365142822266
2001-06-14,116.08000183105469,113.98999786376953,115.5999984741211,115.75,7502500.0,72.95572662353516
2001-06-15,115.44999694824219,113.37999725341797,115.0999984741211,113.5999984741211,12470100.0,71.60059356689453
2001-06-18,115.44000244140625,113.30999755859375,113.9800033569336,114.2699966430664,5182800.0,72.02288818359375
2001-06-19,117.25,114.55999755859375,116.26000213623047,114.83999633789062,6152800.0,72.38217163085938
2001-06-20,114.98999786376953,111.76000213623047,113.5,113.08999633789062,8828300.0,71.2791748046875
2001-06-21,114.69999694824219,111.36000061035156,112.1500015258789,112.5999984741211,8155800.0,70.97030639648438
2001-06-22,114.43000030517578,112.5,112.5999984741211,112.87000274658203,5607200.0,71.14051055908203
2001-06-25,114.9000015258789,111.77999877929688,113.75,112.6500015258789,5675900.0,71.0018539428711
2001-06-26,114.05000305175781,111.0999984741211,111.25,113.04000091552734,7081900.0,71.24765014648438
2001-06-27,114.18000030517578,112.44999694824219,113.0999984741211,113.5199966430664,4814100.0,71.5501937866211
2001-06-28,116.94999694824219,113.75,113.80000305175781,115.0999984741211,8181000.0,72.54605102539062
2001-06-29,116.6500015258789,113.0,115.5999984741211,113.5,9477400.0,71.53759765625
2001-07-02,115.4000015258789,112.95999908447266,113.5,114.3499984741211,5913100.0,72.07331848144531
2001-07-03,114.19000244140625,112.76000213623047,114.0999984741211,112.9800033569336,3325800.0,71.20984649658203
2001-07-05,113.26000213623047,111.79000091552734,112.5999984741211,112.0999984741211,4419000.0,70.65521240234375
2001-07-06,110.9000015258789,105.80999755859375,110.9000015258789,106.5,11704600.0,67.12556457519531
2001-07-09,106.94999694824219,103.6500015258789,106.5,104.72000122070312,9312600.0,66.00366973876953
2001-07-10,105.4000015258789,101.5999984741211,104.7300033569336,101.95999908447266,10266600.0,64.26407623291016
2001-07-11,104.12999725341797,101.55999755859375,101.5999984741211,103.8499984741211,8895400.0,65.45531463623047
2001-07-12,107.80000305175781,105.62000274658203,105.9000015258789,107.25,8766400.0,67.59828186035156
2001-07-13,109.30000305175781,106.11000061035156,106.1500015258789,108.52999877929688,7841800.0,68.40504455566406
2001-07-16,109.37999725341797,107.27999877929688,108.52999877929688,107.81999969482422,5330100.0,67.95756530761719
2001-07-17,108.58000183105469,104.75,106.0999984741211,108.52999877929688,8662400.0,68.40504455566406
2001-07-18,107.5999984741211,103.19999694824219,106.0999984741211,104.27999877929688,11670300.0,65.72633361816406
2001-07-19,106.0,103.0999984741211,105.5999984741211,104.0,13644500.0,65.54985046386719
2001-07-20,105.69999694824219,103.02999877929688,103.4000015258789,105.69999694824219,8991700.0,66.62133026123047
2001-07-23,106.94999694824219,105.30000305175781,105.69999694824219,105.8499984741211,6315700.0,66.71586608886719
2001-07-24,106.1500015258789,103.79000091552734,104.8499984741211,104.51000213623047,7299800.0,65.8713150024414
2001-07-25,105.69999694824219,102.7300033569336,104.5,104.88999938964844,6247600.0,66.11078643798828
2001-07-26,106.0,102.93000030517578,104.75,106.0,8428700.0,66.81043243408203
2001-07-27,105.94999694824219,104.11000061035156,104.75,104.69999694824219,4346500.0,65.9910659790039
2001-07-30,106.25,104.76000213623047,104.9000015258789,105.8499984741211,4030800.0,66.71586608886719
2001-07-31,107.0,105.1500015258789,105.9000015258789,105.20999908447266,5603000.0,66.3125
2001-08-01,108.5,105.30999755859375,105.3499984741211,107.05999755859375,6036100.0,67.47855377197266
2001-08-02,109.47000122070312,107.20999908447266,108.5,108.80000305175781,5675100.0,68.5752182006836
2001-08-03,110.08999633789062,107.0999984741211,107.80000305175781,108.18000030517578,3704100.0,68.18443298339844
2001-08-06,107.37000274658203,105.79000091552734,107.25,106.51000213623047,4176800.0,67.1318588256836
2001-08-07,107.37000274658203,105.26000213623047,105.80000305175781,106.25,4029300.0,66.968017578125
2001-08-08,106.0999984741211,104.0999984741211,105.0,104.19000244140625,6398000.0,65.75628662109375
2001-08-09,104.54000091552734,102.69999694824219,103.69999694824219,104.08000183105469,6763200.0,65.68685150146484
2001-08-10,104.94999694824219,102.80999755859375,103.8499984741211,104.94999694824219,5254800.0,66.23590850830078
2001-08-13,106.63999938964844,104.6500015258789,105.0,105.86000061035156,6024400.0,66.81021881103516
2001-08-14,106.8499984741211,105.4000015258789,106.5,106.19999694824219,5730200.0,67.02481842041016
2001-08-15,106.58999633789062,105.01000213623047,106.3499984741211,105.01000213623047,4712900.0,66.27377319335938
2001-08-16,106.0199966430664,103.66000366210938,104.19999694824219,105.75,6215200.0,66.74079895019531
2001-08-17,105.48999786376953,103.9000015258789,105.48999786376953,104.58999633789062,7006200.0,66.0086898803711
2001-08-20,105.0,102.80000305175781,104.68000030517578,104.0999984741211,5612700.0,65.69947814941406
2001-08-21,104.97000122070312,101.4000015258789,103.8499984741211,101.88999938964844,6515900.0,64.30467224121094
2001-08-22,104.04000091552734,101.76000213623047,102.5,103.95999908447266,8029000.0,65.61112976074219
2001-08-23,104.69999694824219,103.0,104.0,103.0,5474300.0,65.00523376464844
2001-08-24,107.80000305175781,103.41000366210938,103.94999694824219,106.98999786376953,7711900.0,67.52339172363281
2001-08-27,108.19999694824219,106.63999938964844,106.98999786376953,106.86000061035156,4540900.0,67.44136047363281
2001-08-28,107.16999816894531,104.87000274658203,106.9000015258789,104.94999694824219,5808100.0,66.23590850830078
2001-08-29,105.9000015258789,103.81999969482422,105.75,104.12999725341797,4840300.0,65.71837615966797
2001-08-30,103.4000015258789,98.86000061035156,102.75,100.36000061035156,15015500.0,63.33906555175781
2001-08-31,101.36000061035156,99.23999786376953,101.0,99.94999694824219,8126600.0,63.080318450927734
2001-09-04,103.12999725341797,99.29000091552734,100.1500015258789,101.48999786376953,9891800.0,64.05223846435547
2001-09-05,102.83000183105469,99.61000061035156,101.5,100.3499984741211,11880700.0,63.332763671875
2001-09-06,100.68000030517578,97.6500015258789,100.68000030517578,98.0,9043100.0,61.84962463378906
2001-09-07,98.1500015258789,96.0,97.9000015258789,96.58999633789062,10507000.0,60.95974349975586
2001-09-10,97.4000015258789,95.58999633789062,96.0,96.47000122070312,10311500.0,60.88401412963867
2001-09-17,95.86000061035156,92.55000305175781,93.9000015258789,93.33999633789062,15132800.0,58.90861892700195
2001-09-18,96.75,93.68000030517578,94.0,96.4000015258789,12305000.0,60.839847564697266
2001-09-19,96.8499984741211,92.44999694824219,96.4000015258789,96.0,14883500.0,60.58739471435547
2001-09-20,95.75,92.8499984741211,94.0999984741211,93.4000015258789,15182900.0,58.946495056152344
2001-09-21,93.5,89.5,90.5999984741211,90.5,18364700.0,57.116233825683594
2001-09-24,95.54000091552734,91.80000305175781,91.80000305175781,94.80000305175781,11201800.0,59.83005142211914
2001-09-25,96.0,93.41000366210938,94.0999984741211,94.44999694824219,12575100.0,59.609153747558594
2001-09-26,94.44999694824219,90.30000305175781,94.44999694824219,91.30000305175781,13783100.0,57.62113571166992
2001-09-27,91.5,87.48999786376953,91.30000305175781,90.0,13172300.0,56.80067443847656
2001-09-28,92.70999908447266,89.9000015258789,90.19999694824219,91.72000122070312,11077200.0,57.88621139526367
2001-10-01,93.4800033569336,91.33999633789062,91.72000122070312,92.70999908447266,8676200.0,58.511043548583984
2001-10-02,93.9000015258789,92.0999984741211,92.30000305175781,93.7699966430664,7221200.0,59.17998504638672
2001-10-03,97.62000274658203,92.4000015258789,92.9000015258789,96.94999694824219,11117000.0,61.18696975708008
2001-10-04,98.87999725341797,96.80000305175781,97.1500015258789,97.30999755859375,9785100.0,61.414154052734375
2001-10-05,98.44999694824219,95.37000274658203,96.6500015258789,98.0199966430664,9708200.0,61.86226272583008
2001-10-08,99.0,96.75,98.02999877929688,98.5,7093400.0,62.16515350341797
2001-10-09,98.5,96.76000213623047,98.5,97.13999938964844,7525300.0,61.306884765625
2001-10-10,97.30000305175781,94.9000015258789,95.0,97.25,10636900.0,61.37629318237305
2001-10-11,99.4000015258789,96.5,97.69999694824219,99.4000015258789,11501600.0,62.73319625854492
2001-10-12,101.0,98.0,98.69999694824219,100.83999633789062,11501200.0,63.64201354980469
2001-10-15,102.76000213623047,99.8499984741211,99.8499984741211,102.0,10204200.0,64.37407684326172
2001-10-16,103.0,99.66000366210938,101.87000274658203,101.8499984741211,11946000.0,64.27945709228516
2001-10-17,106.69999694824219,102.9000015258789,106.30000305175781,102.9000015258789,18920500.0,64.94210052490234
2001-10-18,103.75,100.77999877929688,103.05000305175781,101.26000213623047,10694900.0,63.90708923339844
2001-10-19,102.73999786376953,100.06999969482422,101.6500015258789,102.6500015258789,11771900.0,64.78433990478516
2001-10-22,105.77999877929688,101.9000015258789,102.6500015258789,105.25,7623900.0,66.42526245117188
2001-10-23,106.69000244140625,104.55000305175781,105.75,105.80999755859375,7429300.0,66.7786865234375
2001-10-24,108.75,106.08999633789062,106.5,108.56999969482422,8293200.0,68.52054595947266
2001-10-25,110.8499984741211,106.75,108.05000305175781,110.66000366210938,9683400.0,69.83960723876953
2001-10-26,112.0999984741211,109.62000274658203,110.0,111.16000366210938,10142500.0,70.1551284790039
2001-10-29,110.69999694824219,108.62000274658203,110.5,108.62000274658203,7072800.0,68.55209350585938
2001-10-30,109.75,107.76000213623047,107.80000305175781,108.6500015258789,8625100.0,68.571044921875
2001-10-31,111.12000274658203,108.06999969482422,109.5999984741211,108.06999969482422,7177700.0,68.20498657226562
2001-11-01,110.16999816894531,106.9000015258789,107.25,109.88999938964844,8024000.0,69.35363006591797
2001-11-02,110.30000305175781,108.7699966430664,109.1500015258789,109.5,6216900.0,69.10749816894531
2001-11-05,110.58999633789062,109.08000183105469,109.94999694824219,109.97000122070312,5708500.0,69.40409851074219
2001-11-06,114.80000305175781,109.0,109.5999984741211,113.61000061035156,8509700.0,71.70137023925781
2001-11-07,115.19999694824219,113.02999877929688,113.05000305175781,113.8499984741211,10129700.0,71.94151306152344
2001-11-08,115.55999755859375,113.61000061035156,113.95999908447266,113.80999755859375,7991200.0,71.91624450683594
2001-11-09,114.9000015258789,113.0999984741211,113.0999984741211,114.08000183105469,5045900.0,72.08687591552734
2001-11-12,114.9000015258789,112.05000305175781,113.0,114.86000061035156,5608400.0,72.5797348022461
2001-11-13,117.0,115.69999694824219,115.69999694824219,116.69999694824219,9216700.0,73.742431640625
2001-11-14,116.8499984741211,113.33000183105469,116.69999694824219,114.3499984741211,8091700.0,72.25743103027344
2001-11-15,116.33000183105469,113.83999633789062,114.0999984741211,114.75,7013800.0,72.51020812988281
2001-11-16,115.0,112.55000305175781,115.0,114.5,6661500.0,72.35224914550781
2001-11-19,115.80000305175781,113.7699966430664,114.69999694824219,115.0,4931300.0,72.66818237304688
2001-11-20,116.80000305175781,114.25,114.3499984741211,115.44000244140625,6452200.0,72.94622802734375
2001-11-21,115.25,113.05000305175781,114.94999694824219,114.33999633789062,4184700.0,72.2511215209961
2001-11-23,115.37000274658203,113.72000122070312,114.29000091552734,115.3499984741211,1714000.0,72.88936614990234
2001-11-26,116.4000015258789,115.19999694824219,115.9000015258789,116.33000183105469,4854300.0,73.50860595703125
2001-11-27,116.30000305175781,114.06999969482422,116.25,114.19999694824219,6894100.0,72.16268920898438
2001-11-28,114.37999725341797,112.0999984741211,114.0999984741211,112.1500015258789,6161200.0,70.86727905273438
2001-11-29,114.55000305175781,111.80999755859375,112.9000015258789,114.43000030517578,6128700.0,72.30802154541016
2001-11-30,115.94000244140625,113.80000305175781,114.43000030517578,115.58999633789062,5597800.0,73.0409927368164
2001-12-03,114.8499984741211,113.20999908447266,114.80000305175781,114.12999725341797,5785800.0,72.11843872070312
2001-12-04,116.72000122070312,113.37999725341797,114.30000305175781,116.63999938964844,6585900.0,73.70448303222656
2001-12-05,121.9800033569336,116.6500015258789,116.8499984741211,121.4000015258789,14646200.0,76.7123031616211
2001-12-06,121.69999694824219,119.80000305175781,120.5,120.13999938964844,11225700.0,75.91616821289062
2001-12-07,121.0,118.75,119.5,120.4000015258789,6889200.0,76.08045959472656
2001-12-10,121.0,119.41000366210938,120.0,119.66000366210938,5570900.0,75.61283111572266
2001-12-11,122.73999786376953,119.80000305175781,120.4000015258789,121.5,7793200.0,76.77552795410156
2001-12-12,123.20999908447266,120.05999755859375,121.12000274658203,123.19999694824219,7977900.0,77.8497543334961
2001-12-13,122.30000305175781,120.12000274658203,121.55000305175781,120.25,8061000.0,75.98563385009766
2001-12-14,121.4800033569336,119.41000366210938,120.80000305175781,121.0999984741211,7036000.0,76.52275848388672
2001-12-17,122.13999938964844,120.1500015258789,120.1500015258789,121.33999633789062,6205100.0,76.67443084716797
2001-12-18,122.97000122070312,121.3499984741211,121.51000213623047,122.19999694824219,5596200.0,77.21785736083984
2001-12-19,124.69999694824219,121.01000213623047,121.9000015258789,123.88999938964844,8053900.0,78.28577423095703
2001-12-20,124.0,122.1500015258789,123.88999938964844,122.69999694824219,6344800.0,77.53382873535156
2001-12-21,123.5,121.70999908447266,122.69999694824219,122.0,8659100.0,77.09146118164062
2001-12-24,122.4800033569336,121.0999984741211,122.05000305175781,121.44999694824219,1654400.0,76.74391174316406
2001-12-26,123.69999694824219,121.80999755859375,122.0,122.4000015258789,3755700.0,77.34423065185547
2001-12-27,123.93000030517578,122.63999938964844,122.75,123.5,3826200.0,78.0393295288086
2001-12-28,123.87999725341797,122.3499984741211,123.5,122.9000015258789,4213900.0,77.6601791381836
2001-12-31,123.23999786376953,120.94999694824219,122.75,120.95999908447266,3512700.0,76.43431091308594
2002-01-02,121.5,119.80000305175781,120.5999984741211,121.5,6862800.0,76.77552795410156
2002-01-03,124.22000122070312,120.25,121.5,123.66000366210938,8621700.0,78.14041137695312
2002-01-04,125.5999984741211,123.9800033569336,124.05000305175781,125.5999984741211,8405200.0,79.3663101196289
2002-01-07,126.19000244140625,123.69999694824219,125.0,124.05000305175781,5939600.0,78.38687133789062
2002-01-08,125.19999694824219,123.7300033569336,124.25,124.69999694824219,5311800.0,78.79759216308594
2002-01-09,126.38999938964844,124.1500015258789,124.69999694824219,124.48999786376953,6839900.0,78.66492462158203
2002-01-10,124.0,121.41999816894531,123.75,122.13999938964844,8926300.0,77.17992401123047
2002-01-11,122.18000030517578,120.27999877929688,121.5,120.30999755859375,4797800.0,76.0235824584961
2002-01-14,120.08999633789062,117.0999984741211,120.0,118.05000305175781,10026700.0,74.59546661376953
2002-01-15,119.69999694824219,117.72000122070312,118.05000305175781,118.8499984741211,5647900.0,75.10100555419922
2002-01-16,118.75,117.25,118.0,117.4000015258789,5366300.0,74.18473815917969
2002-01-17,120.55000305175781,117.26000213623047,119.8499984741211,119.9000015258789,11153700.0,75.76449584960938
2002-01-18,114.9000015258789,112.80999755859375,114.25,114.25,18440200.0,72.19426727294922
2002-01-22,114.26000213623047,110.33000183105469,114.25,110.5,10130400.0,69.82466125488281
2002-01-23,111.25,107.0,110.80000305175781,107.9000015258789,12556700.0,68.18175506591797
2002-01-24,109.7300033569336,107.06999969482422,108.80000305175781,108.72000122070312,8581500.0,68.69985961914062
2002-01-25,110.69000244140625,108.0999984741211,108.5,109.27999877929688,6761800.0,69.0537338256836
2002-01-28,110.20999908447266,107.05999755859375,109.5,108.1500015258789,7092900.0,68.3396987915039
2002-01-29,108.55999755859375,102.41000366210938,108.1500015258789,103.0,14509400.0,65.08543395996094
2002-01-30,105.75,101.0,104.25,105.55000305175781,17713300.0,66.69676971435547
2002-01-31,107.9800033569336,104.45999908447266,106.4000015258789,107.88999938964844,9877000.0,68.1754150390625
2002-02-01,109.30000305175781,106.63999938964844,107.63999938964844,108.0,6799500.0,68.24491882324219
2002-02-04,108.0,105.98999786376953,108.0,106.80000305175781,6601900.0,67.4866714477539
2002-02-05,108.5,106.0,106.25,106.30000305175781,6737700.0,67.17070770263672
2002-02-06,107.81999969482422,105.33000183105469,106.69999694824219,106.62999725341797,6669800.0,67.46805572509766
2002-02-07,107.0,103.86000061035156,106.63999938964844,103.91000366210938,7253800.0,65.74703216552734
2002-02-08,105.72000122070312,102.61000061035156,103.0,104.98999786376953,8339400.0,66.4303970336914
2002-02-11,107.69000244140625,104.51000213623047,105.0,107.37999725341797,6271900.0,67.94264221191406
2002-02-12,107.88999938964844,106.05999755859375,106.75,106.56999969482422,4559800.0,67.43013763427734
2002-02-13,108.4800033569336,106.12000274658203,106.69999694824219,108.06999969482422,5086900.0,68.37919616699219
2002-02-14,109.1500015258789,107.19999694824219,109.0,107.88999938964844,5816300.0,68.26530456542969
2002-02-15,104.80000305175781,101.69999694824219,104.80000305175781,102.88999938964844,18204600.0,65.10165405273438
2002-02-19,101.80000305175781,98.86000061035156,101.5,101.30000305175781,13395900.0,64.09561157226562
2002-02-20,100.0,97.0,99.54000091552734,99.30999755859375,14525200.0,62.83648681640625
2002-02-21,99.69999694824219,96.01000213623047,98.75,96.37999725341797,10131700.0,60.98257064819336
2002-02-22,99.19999694824219,95.76000213623047,96.37999725341797,98.44999694824219,10471600.0,62.29233169555664
2002-02-25,99.25,97.12000274658203,98.44999694824219,98.30000305175781,9902800.0,62.197418212890625
2002-02-26,99.19000244140625,95.98999786376953,99.0,97.1500015258789,11634500.0,61.46978759765625
2002-02-27,100.30999755859375,96.69999694824219,98.0999984741211,97.83000183105469,11978700.0,61.900054931640625
2002-02-28,99.5999984741211,97.81999969482422,98.48999786376953,98.12000274658203,7939000.0,62.083534240722656
2002-03-01,103.0999984741211,98.5,98.5999984741211,103.0199966430664,10492900.0,65.18392181396484
2002-03-04,106.52999877929688,103.12999725341797,103.3499984741211,105.9000015258789,10767700.0,67.00617218017578
2002-03-05,106.5,104.16000366210938,104.25,105.66999816894531,7562100.0,66.86063385009766
2002-03-06,107.08999633789062,104.75,105.1500015258789,106.30000305175781,7687400.0,67.25926208496094
2002-03-07,107.5,103.23999786376953,107.30000305175781,103.70999908447266,10971900.0,65.62049865722656
2002-03-08,107.33999633789062,104.81999969482422,104.81999969482422,105.08999633789062,10726400.0,66.49365997314453
2002-03-11,105.97000122070312,103.5999984741211,104.3499984741211,105.23999786376953,8639100.0,66.58856201171875
2002-03-12,108.8499984741211,105.51000213623047,105.5199966430664,108.5,11059300.0,68.65129089355469
2002-03-13,108.6500015258789,106.69999694824219,108.30000305175781,107.18000030517578,6409200.0,67.81610870361328
2002-03-14,107.94999694824219,106.58999633789062,107.0199966430664,106.5999984741211,5335500.0,67.4490737915039
2002-03-15,107.44999694824219,105.58999633789062,106.55000305175781,106.79000091552734,10864100.0,67.5693359375
2002-03-18,108.63999938964844,106.2300033569336,107.0999984741211,106.3499984741211,5301200.0,67.29092407226562
2002-03-19,108.05000305175781,106.48999786376953,106.8499984741211,107.48999786376953,4614800.0,68.01219940185547
2002-03-20,106.9000015258789,105.48999786376953,106.9000015258789,105.5,4844100.0,66.75308227539062
2002-03-21,106.77999877929688,104.69999694824219,105.69999694824219,106.77999877929688,5113100.0,67.56297302246094
2002-03-22,106.69999694824219,105.06999969482422,106.5,105.5999984741211,5507900.0,66.81633758544922
2002-03-25,106.66000366210938,103.5,105.80000305175781,103.55999755859375,6277900.0,65.52558135986328
2002-03-26,105.69999694824219,102.30000305175781,103.56999969482422,102.9000015258789,8144000.0,65.10798645019531
2002-03-27,103.79000091552734,102.5,103.75,103.38999938964844,5602400.0,65.41803741455078
2002-03-28,105.13999938964844,103.38999938964844,103.55000305175781,104.0,5347500.0,65.80400848388672
2002-04-01,104.0,102.4000015258789,104.0,102.86000061035156,5587000.0,65.08267974853516
2002-04-02,102.01000213623047,100.51000213623047,102.0,100.94999694824219,7382200.0,63.87416076660156
2002-04-03,101.5,98.9000015258789,101.4000015258789,99.95999908447266,7649100.0,63.24774169921875
2002-04-04,101.13999938964844,99.5,99.95999908447266,100.83999633789062,5928500.0,63.80455017089844
2002-04-05,101.25,97.25,100.83999633789062,97.25,9801800.0,61.53303909301758
2002-04-08,88.58999633789062,85.3499984741211,87.5,87.41000366210938,41207300.0,55.306968688964844
2002-04-09,88.5199966430664,87.0999984741211,88.5,87.73999786376953,17383600.0,55.515769958496094
2002-04-10,89.94999694824219,88.19999694824219,88.44999694824219,89.01000213623047,13143900.0,56.31936264038086
2002-04-11,88.51000213623047,83.33999633789062,88.05000305175781,84.19000244140625,23343700.0,53.26958084106445
2002-04-12,87.95999908447266,84.4000015258789,87.55999755859375,85.5999984741211,15819300.0,54.1617317199707
2002-04-15,86.5999984741211,84.69999694824219,86.5,85.3499984741211,8871600.0,54.003536224365234
2002-04-16,86.8499984741211,85.58000183105469,86.3499984741211,86.19999694824219,7933100.0,54.54140090942383
2002-04-17,87.19999694824219,84.0,87.05000305175781,84.80999755859375,11019500.0,53.6618766784668
2002-04-18,89.0999984741211,86.9000015258789,86.97000122070312,88.94999694824219,14763500.0,56.28140640258789
2002-04-19,90.02999877929688,87.5999984741211,89.9000015258789,89.0,9273200.0,56.31301498413086
2002-04-22,88.94999694824219,87.36000061035156,88.94999694824219,87.93000030517578,6757700.0,55.63600540161133
2002-04-23,89.08000183105469,87.23999786376953,88.3499984741211,87.33000183105469,5144100.0,55.25639343261719
2002-04-24,88.25,86.2699966430664,88.19999694824219,86.5,6520500.0,54.73118209838867
2002-04-25,86.91999816894531,85.7699966430664,86.05000305175781,86.70999908447266,6870000.0,54.864070892333984
2002-04-26,86.95999908447266,84.69999694824219,86.69999694824219,84.70999908447266,6684200.0,53.598609924316406
2002-04-29,85.0999984741211,83.55000305175781,84.70999908447266,83.88999938964844,6535600.0,53.079769134521484
2002-04-30,85.2300033569336,83.52999877929688,83.91000366210938,83.76000213623047,8883900.0,52.99750900268555
2002-05-01,84.6500015258789,81.66999816894531,83.8499984741211,84.30000305175781,12203800.0,53.33917999267578
2002-05-02,84.80000305175781,83.12999725341797,83.75,83.86000061035156,6582900.0,53.060791015625
2002-05-03,83.5,81.11000061035156,83.0999984741211,81.77999877929688,8656300.0,51.74470138549805
2002-05-06,81.87000274658203,76.0,81.69999694824219,76.0,13648400.0,48.08754348754883
2002-05-07,77.5,75.91999816894531,76.88999938964844,76.5,17418700.0,48.40388870239258
2002-05-08,82.80000305175781,78.19999694824219,78.19999694824219,82.44999694824219,12779700.0,52.27113723754883
2002-05-09,83.0,79.0,81.9000015258789,79.93000030517578,10130100.0,50.67353439331055
2002-05-10,80.5,79.25,79.94999694824219,79.68000030517578,7386300.0,50.51502227783203
2002-05-13,82.29000091552734,79.5,80.25,82.19000244140625,6527600.0,52.10627746582031
2002-05-14,85.4800033569336,82.19000244140625,84.5,85.4800033569336,9624700.0,54.192081451416016
2002-05-15,86.48999786376953,84.05000305175781,84.5999984741211,84.5,8552300.0,53.570796966552734
2002-05-16,86.0,83.4000015258789,84.19999694824219,85.44999694824219,6768300.0,54.17306137084961
2002-05-17,86.4000015258789,85.0,86.25,85.69000244140625,5874800.0,54.3252067565918
2002-05-20,85.45999908447266,83.93000030517578,85.44999694824219,84.44999694824219,4530300.0,53.53905487060547
2002-05-21,85.0,83.30000305175781,84.41000366210938,83.44999694824219,4454000.0,52.90509796142578
2002-05-22,84.38999938964844,82.73999786376953,83.76000213623047,84.0,5040700.0,53.2537956237793
2002-05-23,85.05000305175781,82.5199966430664,84.25,84.3499984741211,6865600.0,53.47568893432617
2002-05-24,83.75,82.62000274658203,83.6500015258789,83.0999984741211,4122000.0,52.683223724365234
2002-05-28,83.11000061035156,81.69000244140625,82.80000305175781,82.08000183105469,4552100.0,52.036563873291016
2002-05-29,82.0,81.0,81.5,81.5999984741211,4519500.0,51.73226547241211
2002-05-30,82.25,80.22000122070312,80.5999984741211,82.25,7374100.0,52.14434814453125
2002-05-31,82.05000305175781,80.4000015258789,82.05000305175781,80.44999694824219,5126200.0,51.003204345703125
2002-06-03,80.91000366210938,78.0,80.75,78.11000061035156,8383600.0,49.519710540771484
2002-06-04,79.6500015258789,77.5999984741211,78.11000061035156,79.30999755859375,7273200.0,50.28044891357422
2002-06-05,80.70999908447266,79.11000061035156,79.6500015258789,80.55000305175781,7172100.0,51.066612243652344
2002-06-06,80.94999694824219,78.88999938964844,80.55000305175781,79.66000366210938,5540600.0,50.50236129760742
2002-06-07,78.8499984741211,77.0,78.4800033569336,78.30000305175781,9309400.0,49.6401481628418
2002-06-10,78.80000305175781,76.5999984741211,77.75,76.80000305175781,7075800.0,48.68921661376953
2002-06-11,78.25,75.19999694824219,77.8499984741211,75.48999786376953,7953400.0,47.85867691040039
2002-06-12,75.94999694824219,73.25,75.4000015258789,74.6500015258789,13296100.0,47.32615661621094
2002-06-13,77.4000015258789,75.30000305175781,75.44999694824219,75.5999984741211,8909600.0,47.92840576171875
2002-06-14,76.7699966430664,73.25,74.19999694824219,76.16999816894531,8592000.0,48.289772033691406
2002-06-17,77.75,75.16000366210938,76.18000030517578,77.13999938964844,7775800.0,48.90472412109375
2002-06-18,76.9000015258789,75.47000122070312,75.5999984741211,75.94000244140625,7242000.0,48.143978118896484
2002-06-19,75.19999694824219,73.25,74.19999694824219,73.3499984741211,9455400.0,46.501976013183594
2002-06-20,74.08999633789062,71.43000030517578,74.0,71.58000183105469,11116900.0,45.37983322143555
2002-06-21,70.98999786376953,68.19000244140625,70.0,68.75,15542600.0,43.58571243286133
2002-06-24,71.48999786376953,67.25,67.25,69.69999694824219,14687700.0,44.187965393066406
2002-06-25,71.44999694824219,68.41000366210938,70.30000305175781,68.5999984741211,8554800.0,43.4906120300293
2002-06-26,70.58999633789062,66.0999984741211,66.0999984741211,70.05000305175781,11544000.0,44.409881591796875
2002-06-27,72.1500015258789,69.0999984741211,71.19999694824219,71.9000015258789,10610100.0,45.582725524902344
2002-06-28,73.62000274658203,71.25,71.3499984741211,72.0,10945600.0,45.646095275878906
2002-07-01,72.41000366210938,67.16000366210938,72.01000213623047,67.5999984741211,12055900.0,42.85660934448242
2002-07-02,69.4000015258789,67.69999694824219,67.8499984741211,68.58000183105469,12012900.0,43.47791290283203
2002-07-03,70.70999908447266,67.87000274658203,67.94999694824219,70.51000213623047,8469900.0,44.70148849487305
2002-07-05,73.9000015258789,72.0,72.44999694824219,73.5,5243000.0,46.597076416015625
2002-07-08,73.4800033569336,71.02999877929688,73.0,71.30000305175781,9488100.0,45.20232009887695
2002-07-09,72.25,69.44999694824219,71.4000015258789,69.66999816894531,11165600.0,44.168949127197266
2002-07-10,71.25,68.52999877929688,70.5999984741211,68.76000213623047,10073400.0,43.59202194213867
2002-07-11,69.75,67.55000305175781,68.0,69.41000366210938,11026400.0,44.004119873046875
2002-07-12,71.73999786376953,68.80000305175781,70.0,69.20999908447266,8572200.0,43.87731170654297
2002-07-15,71.0,66.5999984741211,68.4000015258789,71.0,10420900.0,45.01213455200195
2002-07-16,71.38999938964844,68.4800033569336,69.51000213623047,69.01000213623047,10486800.0,43.75053024291992
2002-07-17,71.5999984741211,69.62000274658203,71.0,70.69000244140625,11537300.0,44.81559753417969
2002-07-18,74.19999694824219,70.0,70.5,72.05000305175781,15310800.0,45.67780685424805
2002-07-19,72.69999694824219,70.0,70.95999908447266,72.0,11612900.0,45.646095275878906
2002-07-22,72.19000244140625,68.30999755859375,71.25,68.5,14866900.0,43.42720413208008
2002-07-23,70.0,66.66000366210938,68.25,67.05000305175781,12766700.0,42.50794219970703
2002-07-24,70.0,65.69999694824219,66.0,69.54000091552734,13804500.0,44.08652877807617
2002-07-25,70.0,67.30000305175781,68.9000015258789,69.3499984741211,10989800.0,43.966087341308594
2002-07-26,69.47000122070312,65.76000213623047,68.75,66.4000015258789,11576400.0,42.09586715698242
2002-07-29,71.4000015258789,68.0,70.37000274658203,71.18000030517578,11919300.0,45.12625503540039
2002-07-30,72.69999694824219,70.0199966430664,70.5,71.79000091552734,10138600.0,45.51298141479492
2002-07-31,71.5999984741211,69.11000061035156,70.75,70.4000015258789,12718600.0,44.631744384765625
2002-08-01,70.69999694824219,67.22000122070312,70.4000015258789,68.25,8832000.0,43.26871109008789
2002-08-02,68.2300033569336,67.12000274658203,68.20999908447266,67.87999725341797,6915000.0,43.03413009643555
2002-08-05,68.3499984741211,65.8499984741211,67.94000244140625,65.98999786376953,7126900.0,41.83592224121094
2002-08-06,69.41999816894531,66.61000061035156,67.0,67.9000015258789,8370800.0,43.04682159423828
2002-08-07,69.9000015258789,66.80000305175781,69.0,69.16999816894531,8037300.0,43.949058532714844
2002-08-08,72.05000305175781,68.3499984741211,69.19999694824219,71.61000061035156,8420500.0,45.49937438964844
2002-08-09,74.30000305175781,70.4000015258789,70.61000061035156,71.83000183105469,6940900.0,45.6391487121582
2002-08-12,72.63999938964844,70.61000061035156,71.05000305175781,71.7699966430664,5263300.0,45.601016998291016
2002-08-13,73.80000305175781,71.19000244140625,71.55000305175781,71.9000015258789,8014700.0,45.683631896972656
2002-08-14,75.0199966430664,71.3499984741211,71.94999694824219,74.91999816894531,8353000.0,47.60247802734375
2002-08-15,76.70999908447266,74.5999984741211,75.4000015258789,76.5,9267300.0,48.606388092041016
2002-08-16,79.9800033569336,75.9800033569336,76.5,79.3499984741211,11645800.0,50.41722106933594
2002-08-19,82.8499984741211,79.01000213623047,79.3499984741211,82.48999786376953,10803900.0,52.41230392456055
2002-08-20,82.0,80.18000030517578,81.55999755859375,81.2699966430664,7671000.0,51.63709259033203
2002-08-21,82.33000183105469,79.55000305175781,81.9000015258789,81.0,7768600.0,51.465579986572266
2002-08-22,82.44999694824219,80.19999694824219,80.94999694824219,81.98999786376953,5446600.0,52.0945930480957
2002-08-23,81.4800033569336,79.3499984741211,81.19999694824219,80.4000015258789,5908900.0,51.08435821533203
2002-08-26,80.88999938964844,77.80000305175781,80.4000015258789,79.41999816894531,6997800.0,50.461692810058594
2002-08-27,80.44000244140625,77.30000305175781,80.4000015258789,77.95999908447266,7087800.0,49.53402328491211
2002-08-28,77.01000213623047,75.66999816894531,76.0,76.05999755859375,6590300.0,48.3267936706543
2002-08-29,77.3499984741211,75.1500015258789,75.5999984741211,76.62000274658203,5857400.0,48.682621002197266
2002-08-30,76.3499984741211,75.0999984741211,75.55000305175781,75.37999725341797,5002500.0,47.894737243652344
2002-09-03,75.0,72.30000305175781,74.19999694824219,72.3499984741211,6849400.0,45.969566345214844
2002-09-04,73.98999786376953,71.5999984741211,72.3499984741211,73.7300033569336,6264600.0,46.84637451171875
2002-09-05,72.8499984741211,71.5,72.73999786376953,72.18000030517578,6467700.0,45.86155319213867
2002-09-06,73.98999786376953,73.06999969482422,73.75,73.19999694824219,4586500.0,46.50962448120117
2002-09-09,74.9800033569336,71.8499984741211,72.44999694824219,74.5,5785000.0,47.33561325073242
2002-09-10,75.5999984741211,73.8499984741211,74.5999984741211,75.5999984741211,5538300.0,48.034523010253906
2002-09-11,77.5,74.05999755859375,76.4000015258789,74.19999694824219,5394400.0,47.14499282836914
2002-09-12,74.05000305175781,71.63999938964844,74.05000305175781,71.87000274658203,6707400.0,45.664588928222656
2002-09-13,72.87999725341797,71.30999755859375,71.5,72.5,5949600.0,46.06486511230469
2002-09-16,72.72000122070312,71.2300033569336,72.0,72.31999969482422,4595200.0,45.95050811767578
2002-09-17,73.44999694824219,71.3499984741211,73.0,71.75,6195100.0,45.58832931518555
2002-09-18,70.9000015258789,68.86000061035156,70.6500015258789,69.55000305175781,12712700.0,44.19049835205078
2002-09-19,66.4800033569336,64.6500015258789,64.80000305175781,64.80000305175781,22034900.0,41.172447204589844
2002-09-20,65.4000015258789,63.900001525878906,65.4000015258789,63.91999816894531,14195200.0,40.61333084106445
2002-09-23,63.75,62.369998931884766,63.75,63.369998931884766,8377100.0,40.263851165771484
2002-09-24,63.29999923706055,59.54999923706055,61.08000183105469,59.75,16710100.0,37.96380615234375
2002-09-25,63.77000045776367,60.9900016784668,61.20000076293945,63.0099983215332,13119200.0,40.035133361816406
2002-09-26,64.87999725341797,61.33000183105469,64.19999694824219,62.02000045776367,12368800.0,39.4061164855957
2002-09-27,63.4900016784668,60.310001373291016,61.43000030517578,60.36000061035156,8793100.0,38.351383209228516
2002-09-30,59.88999938964844,57.9900016784668,59.54999923706055,58.310001373291016,13020100.0,37.04886245727539
2002-10-01,61.97999954223633,58.9900016784668,59.20000076293945,61.16999816894531,11642800.0,38.86603546142578
2002-10-02,62.0,58.349998474121094,61.18000030517578,59.630001068115234,10653300.0,37.88755416870117
2002-10-03,61.15999984741211,58.95000076293945,60.29999923706055,60.0,11001100.0,38.12263107299805
2002-10-04,59.5099983215332,55.77000045776367,59.5,56.599998474121094,14551900.0,35.96235656738281
2002-10-07,58.5,56.599998474121094,56.599998474121094,56.86000061035156,9641600.0,36.1275520324707
2002-10-08,58.09000015258789,54.79999923706055,57.779998779296875,57.04999923706055,14744500.0,36.24827575683594
2002-10-09,56.70000076293945,54.810001373291016,56.04999923706055,55.06999969482422,12156000.0,34.99024200439453
2002-10-10,58.47999954223633,54.0099983215332,54.650001525878906,57.58000183105469,12670600.0,36.58502960205078
2002-10-11,63.91999816894531,61.5,62.0,63.91999816894531,17853800.0,40.61333084106445
2002-10-14,63.79999923706055,61.540000915527344,61.540000915527344,63.41999816894531,7925300.0,40.295623779296875
2002-10-15,68.4800033569336,66.58000183105469,67.75,68.4800033569336,14600200.0,43.510658264160156
2002-10-16,67.0,64.23999786376953,66.5999984741211,64.9000015258789,15900200.0,41.235992431640625
2002-10-17,73.0,71.2300033569336,72.80000305175781,72.19999694824219,21344600.0,45.874237060546875
2002-10-18,74.25,70.26000213623047,71.7300033569336,74.25,12482900.0,47.17677688598633
2002-10-21,75.9000015258789,72.94000244140625,73.6500015258789,75.55000305175781,10875700.0,48.00276184082031
2002-10-22,75.68000030517578,73.62000274658203,74.5,74.48999786376953,10371500.0,47.32925033569336
2002-10-23,74.97000122070312,72.45999908447266,74.4000015258789,74.5999984741211,12441900.0,47.39915084838867
2002-10-24,75.55000305175781,71.75,75.5,72.0999984741211,10524000.0,45.810707092285156
2002-10-25,74.62000274658203,72.16000366210938,72.5,74.55999755859375,7514200.0,47.37374496459961
2002-10-28,77.5,74.55999755859375,75.1500015258789,76.55999755859375,12544900.0,48.644474029541016
2002-10-29,77.05000305175781,74.19999694824219,76.55999755859375,76.73999786376953,11455200.0,48.758853912353516
2002-10-30,79.4000015258789,76.0199966430664,77.0,78.66999816894531,12865800.0,49.98515701293945
2002-10-31,79.79000091552734,78.5,78.66999816894531,78.94000244140625,9864300.0,50.15670394897461
2002-11-01,80.5,78.31999969482422,78.9000015258789,80.4000015258789,9395200.0,51.08435821533203
2002-11-04,83.80999755859375,81.69999694824219,81.98999786376953,82.5,12006000.0,52.41865158081055
2002-11-05,82.01000213623047,80.47000122070312,81.75,81.68000030517578,10466700.0,51.897621154785156
2002-11-06,81.87999725341797,80.05000305175781,80.80000305175781,81.54000091552734,10480800.0,51.90400695800781
2002-11-07,80.0,78.31999969482422,80.0,78.94999694824219,11036800.0,50.255340576171875
2002-11-08,79.29000091552734,77.19999694824219,78.5,77.58999633789062,8119600.0,49.3896369934082
2002-11-11,78.36000061035156,76.69999694824219,77.58999633789062,77.29000091552734,7386400.0,49.19866943359375
2002-11-12,79.9000015258789,77.30000305175781,77.5,79.1500015258789,9027700.0,50.38265609741211
2002-11-13,80.33000183105469,77.9800033569336,79.5,79.3499984741211,11984700.0,50.509979248046875
2002-11-14,80.98999786376953,79.4000015258789,80.37999725341797,80.72000122070312,9662800.0,51.38203430175781
2002-11-15,80.4000015258789,79.01000213623047,80.37999725341797,80.01000213623047,11367800.0,50.93006896972656
2002-11-18,80.98999786376953,79.08000183105469,80.80000305175781,79.18000030517578,7321300.0,50.40174865722656
2002-11-19,79.44999694824219,77.83999633789062,78.23999786376953,78.37000274658203,6918400.0,49.8861198425293
2002-11-20,81.70999908447266,77.9000015258789,77.94999694824219,81.61000061035156,9070900.0,51.94853973388672
2002-11-21,84.91999816894531,82.05000305175781,82.05000305175781,84.9000015258789,12737200.0,54.04278564453125
2002-11-22,85.16999816894531,83.80000305175781,83.94999694824219,84.43000030517578,9053300.0,53.743621826171875
2002-11-25,86.25,83.5199966430664,84.62999725341797,86.19999694824219,8651200.0,54.870277404785156
2002-11-26,86.1500015258789,84.38999938964844,86.1500015258789,85.05999755859375,8560800.0,54.144622802734375
2002-11-27,88.11000061035156,85.8499984741211,85.9000015258789,87.69999694824219,8209800.0,55.82511520385742
2002-11-29,88.05000305175781,86.76000213623047,87.70999908447266,86.91999816894531,2980700.0,55.328609466552734
2002-12-02,89.45999908447266,86.30000305175781,88.5999984741211,87.30000305175781,9694200.0,55.570499420166016
2002-12-03,87.02999877929688,85.1500015258789,86.72000122070312,85.20999908447266,7027800.0,54.24010467529297
2002-12-04,84.86000061035156,82.81999969482422,83.41000366210938,83.69000244140625,10053500.0,53.27256393432617
2002-12-05,84.9800033569336,82.5999984741211,84.9000015258789,83.05999755859375,6900000.0,52.87153625488281
2002-12-06,82.75,81.06999969482422,81.5,82.31999969482422,7594800.0,52.400482177734375
2002-12-09,81.33000183105469,79.5,81.0,79.58999633789062,8841900.0,50.662715911865234
2002-12-10,81.0,78.5999984741211,78.5999984741211,80.80000305175781,6869800.0,51.432960510253906
2002-12-11,82.4800033569336,79.98999786376953,80.80000305175781,81.44000244140625,6661000.0,51.8403434753418
2002-12-12,81.69000244140625,79.69999694824219,81.25,80.16999816894531,7208700.0,51.03192138671875
2002-12-13,80.0,78.2699966430664,79.25,80.0,7773800.0,50.9237174987793
2002-12-16,81.79000091552734,79.05000305175781,79.5999984741211,81.62000274658203,8483500.0,51.95491027832031
2002-12-17,81.7699966430664,80.02999877929688,80.5999984741211,80.30999755859375,6167100.0,51.12102508544922
2002-12-18,79.69000244140625,78.23999786376953,79.25,79.12999725341797,6514900.0,50.369911193847656
2002-12-19,80.33999633789062,78.3499984741211,78.5999984741211,78.66000366210938,7319900.0,50.07074737548828
2002-12-20,80.0,78.87999725341797,79.4000015258789,79.79000091552734,8053800.0,50.7900390625
2002-12-23,81.5,79.44000244140625,79.75,80.26000213623047,5922200.0,51.08921813964844
2002-12-24,81.0,79.76000213623047,80.19999694824219,79.76000213623047,2420200.0,50.770938873291016
2002-12-26,80.69999694824219,78.26000213623047,79.80999755859375,78.5,5784300.0,49.96887969970703
2002-12-27,79.18000030517578,76.61000061035156,78.5,77.36000061035156,6334100.0,49.24321746826172
2002-12-30,77.43000030517578,75.5999984741211,77.0,76.25,8066600.0,48.53666687011719
2002-12-31,78.45999908447266,77.0999984741211,77.0999984741211,77.5,7871400.0,49.33234405517578
2003-01-02,80.56999969482422,78.19000244140625,78.80000305175781,80.56999969482422,7864500.0,51.286537170410156
2003-01-03,81.6500015258789,80.20999908447266,80.69999694824219,81.6500015258789,5962300.0,51.974021911621094
2003-01-06,84.80000305175781,81.80999755859375,81.9000015258789,83.58999633789062,7921300.0,53.20890808105469
2003-01-07,86.18000030517578,83.75,83.94999694824219,86.0,11906900.0,54.74300765991211
2003-01-08,85.69000244140625,84.06999969482422,85.55000305175781,84.19000244140625,9508800.0,53.5908317565918
2003-01-09,87.0199966430664,84.75,84.75,87.0,10711600.0,55.37955856323242
2003-01-10,88.04000091552734,85.69999694824219,85.8499984741211,87.68000030517578,9955400.0,55.81237030029297
2003-01-13,88.94999694824219,87.3499984741211,88.30999755859375,87.51000213623047,10499000.0,55.70416259765625
2003-01-14,88.58999633789062,87.22000122070312,87.2300033569336,88.58000183105469,7569100.0,56.385276794433594
2003-01-15,88.6500015258789,86.94999694824219,88.58000183105469,87.58999633789062,8146600.0,55.75507736206055
2003-01-16,87.70999908447266,85.37999725341797,87.4000015258789,86.05000305175781,9904300.0,54.77480697631836
2003-01-17,83.73999786376953,81.18000030517578,83.73999786376953,81.30000305175781,17331200.0,51.75123596191406
2003-01-21,81.8499984741211,80.5,81.30000305175781,80.54000091552734,8926900.0,51.26742935180664
2003-01-22,80.7699966430664,79.38999938964844,80.0,79.69999694824219,9432400.0,50.73275375366211
2003-01-23,81.36000061035156,79.80000305175781,80.1500015258789,81.05000305175781,8371400.0,51.59209442138672
2003-01-24,81.5,78.81999969482422,80.5999984741211,78.98999786376953,7748000.0,50.28081512451172
2003-01-27,79.5,77.61000061035156,77.98999786376953,78.41999816894531,9307800.0,49.917964935302734
2003-01-28,80.47000122070312,78.36000061035156,78.5,80.11000061035156,8017400.0,50.99374008178711
2003-01-29,80.69999694824219,78.56999969482422,79.5,80.31999969482422,7755000.0,51.127403259277344
2003-01-30,81.30000305175781,78.30000305175781,81.30000305175781,78.30000305175781,7349500.0,49.84157180786133
2003-01-31,78.33999633789062,77.0199966430664,77.69999694824219,78.19999694824219,9744100.0,49.77792739868164
2003-02-03,78.87000274658203,77.75,78.19999694824219,78.18000030517578,6683500.0,49.765201568603516
2003-02-04,78.18000030517578,76.25,78.18000030517578,77.08999633789062,7216200.0,49.071346282958984
2003-02-05,78.9000015258789,76.87000274658203,77.8499984741211,77.26000213623047,7427200.0,49.17958450317383
2003-02-06,78.19999694824219,76.51000213623047,77.11000061035156,77.51000213623047,7755200.0,49.43470001220703
2003-02-07,78.1500015258789,76.61000061035156,77.97000122070312,77.0999984741211,8296400.0,49.17319107055664
2003-02-10,78.0199966430664,76.44999694824219,77.0999984741211,77.91000366210938,7949100.0,49.68980026245117
2003-02-11,78.97000122070312,77.30999755859375,78.30000305175781,77.38999938964844,8598200.0,49.35814666748047
2003-02-12,78.08999633789062,76.5,77.5,76.5,5609200.0,48.79053497314453
2003-02-13,76.3499984741211,74.30999755859375,76.0999984741211,75.86000061035156,11218400.0,48.382354736328125
2003-02-14,77.44999694824219,75.3499984741211,76.4000015258789,77.44999694824219,8299500.0,49.396427154541016
2003-02-18,79.5,77.91000366210938,78.0199966430664,79.33000183105469,7791200.0,50.595458984375
2003-02-19,79.69999694824219,78.81999969482422,79.08000183105469,79.51000213623047,5440300.0,50.71025848388672
2003-02-20,80.05000305175781,78.70999908447266,79.56999969482422,79.1500015258789,6285100.0,50.48066329956055
2003-02-21,80.0,78.16000366210938,79.48999786376953,79.94999694824219,7453900.0,50.99087905883789
2003-02-24,79.98999786376953,78.55999755859375,79.69999694824219,78.55999755859375,6874700.0,50.104366302490234
2003-02-25,79.37000274658203,76.9000015258789,77.9000015258789,79.06999969482422,7675900.0,50.429630279541016
2003-02-26,79.05000305175781,77.30000305175781,78.44999694824219,77.4000015258789,8587000.0,49.364524841308594
2003-02-27,78.58999633789062,76.75,77.9000015258789,77.27999877929688,9926500.0,49.28799057006836
2003-02-28,78.47000122070312,77.0,77.0,77.94999694824219,6585200.0,49.71531677246094
2003-03-03,79.0,77.12000274658203,78.9000015258789,77.33000183105469,6618300.0,49.319862365722656
2003-03-04,77.75,76.52999877929688,77.5999984741211,76.69999694824219,5672200.0,48.91808319091797
2003-03-05,77.7300033569336,76.25,76.69999694824219,77.7300033569336,6658000.0,49.57499694824219
2003-03-06,77.77999877929688,76.69999694824219,77.0,77.06999969482422,5876300.0,49.154056549072266
2003-03-07,77.98999786376953,75.70999908447266,75.70999908447266,77.9000015258789,8129200.0,49.683441162109375
2003-03-10,77.44999694824219,75.5,77.44999694824219,75.69999694824219,6641300.0,48.280303955078125
2003-03-11,76.33000183105469,75.19999694824219,75.81999969482422,75.3499984741211,8119200.0,48.057064056396484
2003-03-12,75.62999725341797,73.16999816894531,75.25,75.18000030517578,12773700.0,47.94865036010742
2003-03-13,78.68000030517578,75.30999755859375,75.98999786376953,78.44999694824219,10452500.0,50.03419876098633
2003-03-14,79.4800033569336,78.11000061035156,78.44999694824219,79.0,10117700.0,50.38498306274414
2003-03-17,82.66999816894531,77.83999633789062,78.0,82.45999908447266,15193000.0,52.59171676635742
2003-03-18,83.5,81.48999786376953,82.45999908447266,82.47000122070312,10795400.0,52.59810256958008
2003-03-19,82.5,81.08000183105469,82.08999633789062,82.0,10473100.0,52.298343658447266
2003-03-20,82.48999786376953,80.63999938964844,81.70999908447266,82.19999694824219,9046400.0,52.4259033203125
2003-03-21,84.9000015258789,82.76000213623047,82.76000213623047,84.9000015258789,12625400.0,54.14790344238281
2003-03-24,83.3499984741211,82.2300033569336,82.45999908447266,82.25,9352600.0,52.457794189453125
2003-03-25,84.0,81.73999786376953,82.0,83.44999694824219,8777100.0,53.22312927246094
2003-03-26,83.25,81.18000030517578,83.0,81.55000305175781,10531600.0,52.01133346557617
2003-03-27,82.33000183105469,80.51000213623047,80.75,81.44999694824219,7265800.0,51.947574615478516
2003-03-28,81.98999786376953,80.5,81.05000305175781,80.8499984741211,6649200.0,51.56489562988281
2003-03-31,79.61000061035156,78.30999755859375,79.26000213623047,78.43000030517578,10169200.0,50.021453857421875
2003-04-01,79.55999755859375,78.12000274658203,78.5,78.7300033569336,7861400.0,50.21278762817383
2003-04-02,81.97000122070312,79.9000015258789,79.9000015258789,81.45999908447266,9700100.0,51.953948974609375
2003-04-03,83.4800033569336,81.70999908447266,82.31999969482422,81.91000366210938,9623600.0,52.24089813232422
2003-04-04,82.55000305175781,80.04000091552734,82.3499984741211,80.79000091552734,8985000.0,51.52661895751953
2003-04-07,82.9000015258789,80.25,82.5999984741211,80.47000122070312,8881400.0,51.32251739501953
2003-04-08,80.69999694824219,78.47000122070312,80.62000274658203,80.06999969482422,8057600.0,51.06743621826172
2003-04-09,80.73999786376953,78.62999725341797,79.69999694824219,78.70999908447266,8543200.0,50.19999313354492
2003-04-10,79.25,78.12999725341797,79.0999984741211,79.01000213623047,6880100.0,50.3913688659668
2003-04-11,81.29000091552734,78.44999694824219,80.0999984741211,78.75,7573500.0,50.22553634643555
2003-04-14,80.06999969482422,78.16000366210938,78.5,80.06999969482422,9006000.0,51.06743621826172
2003-04-15,82.8499984741211,79.70999908447266,80.06999969482422,82.79000091552734,13613500.0,52.802181243896484
2003-04-16,84.4000015258789,82.73999786376953,83.37999725341797,82.87999725341797,10790700.0,52.85957717895508
2003-04-17,84.4000015258789,81.88999938964844,81.88999938964844,84.26000213623047,8802100.0,53.739723205566406
2003-04-21,84.51000213623047,83.0999984741211,84.4000015258789,83.36000061035156,6703400.0,53.16572189331055
2003-04-22,86.05999755859375,82.5999984741211,83.36000061035156,85.62999725341797,9542600.0,54.61347198486328
2003-04-23,85.97000122070312,84.95999908447266,85.23999786376953,85.75,7084500.0,54.690032958984375
2003-04-24,85.69999694824219,84.62999725341797,84.6500015258789,85.19999694824219,5943500.0,54.33924102783203
2003-04-25,85.27999877929688,83.86000061035156,85.20999908447266,83.87999725341797,6790700.0,53.49736404418945
2003-04-28,85.5,83.62000274658203,84.05000305175781,85.12000274658203,6363600.0,54.288238525390625
2003-04-29,86.48999786376953,84.97000122070312,85.33999633789062,85.66000366210938,8682900.0,54.63264846801758
2003-04-30,85.66999816894531,84.68000030517578,85.66000366210938,84.9000015258789,8444900.0,54.14790344238281
2003-05-01,86.2300033569336,84.47000122070312,85.30000305175781,85.88999938964844,7485700.0,54.77931213378906
2003-05-02,87.56999969482422,84.44999694824219,84.44999694824219,87.56999969482422,8381900.0,55.85078430175781
2003-05-05,88.0,86.5199966430664,87.19999694824219,86.5199966430664,7632500.0,55.181121826171875
2003-05-06,88.33999633789062,86.0,86.30000305175781,87.51000213623047,7459600.0,55.81252670288086
2003-05-07,87.80999755859375,86.5,86.94999694824219,86.68000030517578,6754600.0,55.384429931640625
2003-05-08,86.77999877929688,85.75,86.37000274658203,86.05000305175781,7188200.0,54.98188400268555
2003-05-09,87.69999694824219,86.4000015258789,86.9000015258789,87.55000305175781,6222600.0,55.9403190612793
2003-05-12,89.26000213623047,87.0999984741211,87.55000305175781,89.0,8445700.0,56.86680221557617
2003-05-13,90.0999984741211,88.55999755859375,88.77999877929688,89.9800033569336,8668300.0,57.49298858642578
2003-05-14,90.4000015258789,88.30000305175781,90.0,88.69999694824219,7752200.0,56.67511749267578
2003-05-15,89.95999908447266,89.0,89.5,89.9000015258789,7102900.0,57.44185256958008
2003-05-16,89.88999938964844,88.94999694824219,89.66999816894531,88.98999786376953,6831600.0,56.860416412353516
2003-05-19,88.47000122070312,86.41000366210938,88.05000305175781,86.44999694824219,7298400.0,55.237457275390625
2003-05-20,87.23999786376953,84.88999938964844,86.58000183105469,85.7699966430664,7331900.0,54.802978515625
2003-05-21,86.18000030517578,85.08000183105469,85.7699966430664,86.18000030517578,6741000.0,55.0649528503418
2003-05-22,86.80000305175781,85.80000305175781,86.25,86.08000183105469,6277300.0,55.001068115234375
2003-05-23,85.94999694824219,85.0999984741211,85.75,85.26000213623047,5187200.0,54.47712707519531
2003-05-27,87.9000015258789,84.51000213623047,84.51000213623047,87.69000244140625,7163400.0,56.029781341552734
2003-05-28,88.69999694824219,87.4000015258789,87.5999984741211,87.56999969482422,6539900.0,55.953086853027344
2003-05-29,88.58999633789062,87.19999694824219,87.56999969482422,87.36000061035156,6898900.0,55.81890869140625
2003-05-30,88.68000030517578,87.44999694824219,87.44999694824219,88.04000091552734,6184200.0,56.25339126586914
2003-06-02,89.08000183105469,87.25,89.0,87.33000183105469,7697200.0,55.799766540527344
2003-06-03,85.23999786376953,83.23999786376953,84.31999969482422,83.81999969482422,21106600.0,53.557029724121094
2003-06-04,84.95999908447266,83.83000183105469,84.0,84.25,10734400.0,53.83177185058594
2003-06-05,84.25,81.75,84.0,81.9000015258789,15256300.0,52.330238342285156
2003-06-06,83.2300033569336,79.83999633789062,82.25,80.05000305175781,15160900.0,51.14816665649414
2003-06-09,82.0,79.80999755859375,80.0,82.0,9756300.0,52.39414596557617
2003-06-10,82.91999816894531,81.20999908447266,82.3499984741211,81.70999908447266,8896000.0,52.208831787109375
2003-06-11,84.1500015258789,82.29000091552734,82.75,83.97000122070312,9815800.0,53.65288162231445
2003-06-12,84.9800033569336,83.55000305175781,84.80000305175781,83.94999694824219,7072400.0,53.64009094238281
2003-06-13,84.29000091552734,82.51000213623047,84.1500015258789,82.75,5727500.0,52.87337875366211
2003-06-16,84.55000305175781,82.55000305175781,83.0999984741211,84.5,6492100.0,53.99152755737305
2003-06-17,84.94999694824219,83.80000305175781,84.94999694824219,84.30000305175781,5873700.0,53.86372756958008
2003-06-18,84.98999786376953,83.22000122070312,84.1500015258789,84.69999694824219,5941400.0,54.119327545166016
2003-06-19,85.29000091552734,84.5,84.94999694824219,84.55000305175781,7277100.0,54.023475646972656
2003-06-20,85.23999786376953,84.69000244140625,85.0,84.91999816894531,11900000.0,54.25987243652344
2003-06-23,84.79000091552734,82.97000122070312,84.79000091552734,83.18000030517578,6311600.0,53.14810562133789
2003-06-24,84.18000030517578,82.8499984741211,82.94999694824219,83.62999725341797,5062800.0,53.43562316894531
2003-06-25,84.16000366210938,82.08999633789062,83.55000305175781,82.48999786376953,5548000.0,52.70722579956055
2003-06-26,84.37999725341797,82.81999969482422,83.69999694824219,84.3499984741211,6374400.0,53.89566421508789
2003-06-27,84.6500015258789,83.22000122070312,84.1500015258789,83.41999816894531,4532900.0,53.30144119262695
2003-06-30,84.19999694824219,82.5,83.9000015258789,82.5,7950900.0,52.71360778808594
2003-07-01,83.66000366210938,81.4000015258789,81.4000015258789,83.58999633789062,5785800.0,53.41006851196289
2003-07-02,84.88999938964844,83.75,83.94999694824219,84.73999786376953,6009700.0,54.14487075805664
2003-07-03,84.69000244140625,83.4800033569336,84.25,83.94999694824219,3009500.0,53.64009094238281
2003-07-07,86.44999694824219,84.73999786376953,84.80000305175781,86.08999633789062,7614900.0,55.00745391845703
2003-07-08,86.75,85.19000244140625,86.08999633789062,86.25,5873900.0,55.10968780517578
2003-07-09,86.3499984741211,84.8499984741211,86.0999984741211,85.47000122070312,6709700.0,54.61130905151367
2003-07-10,85.22000122070312,83.47000122070312,85.0,84.02999877929688,7509200.0,53.69120407104492
2003-07-11,85.27999877929688,83.69999694824219,84.0999984741211,84.88999938964844,4534700.0,54.24070358276367
2003-07-14,86.58000183105469,85.41999816894531,86.0,85.41999816894531,6455200.0,54.5793571472168
2003-07-15,87.0,85.81999969482422,86.1500015258789,86.44000244140625,7910400.0,55.2310905456543
2003-07-16,87.02999877929688,85.8499984741211,87.0,86.73999786376953,8837600.0,55.42278289794922
2003-07-17,83.94000244140625,82.5,82.69999694824219,83.33000183105469,13515700.0,53.24395751953125
2003-07-18,84.0199966430664,83.20999908447266,83.8499984741211,83.72000122070312,8567200.0,53.493141174316406
2003-07-21,83.43000030517578,82.20999908447266,83.19999694824219,82.5,7036100.0,52.71360778808594
2003-07-22,83.26000213623047,81.5199966430664,82.5,81.8499984741211,8744300.0,52.29828643798828
2003-07-23,82.7699966430664,81.7300033569336,82.0,82.30000305175781,5326800.0,52.585819244384766
2003-07-24,82.98999786376953,81.51000213623047,82.94999694824219,81.51000213623047,5859100.0,52.0810432434082
2003-07-25,83.73999786376953,81.56999969482422,81.5999984741211,83.55000305175781,6204700.0,53.384521484375
2003-07-28,83.69999694824219,82.04000091552734,83.66999816894531,82.54000091552734,6423500.0,52.7391357421875
2003-07-29,82.87999725341797,81.5999984741211,82.55000305175781,81.80000305175781,7282700.0,52.2663459777832
2003-07-30,82.44999694824219,80.58000183105469,82.44999694824219,80.95999908447266,6654600.0,51.72962188720703
2003-07-31,82.54000091552734,81.0999984741211,81.80000305175781,81.25,8050300.0,51.91492462158203
2003-08-01,81.2699966430664,80.05000305175781,81.1500015258789,81.2699966430664,6475400.0,51.927696228027344
2003-08-04,81.36000061035156,80.05999755859375,80.75,81.12999725341797,5888000.0,51.83823776245117
2003-08-05,81.33000183105469,79.80000305175781,81.12999725341797,79.8499984741211,7018100.0,51.02037811279297
2003-08-06,80.68000030517578,78.7300033569336,79.69999694824219,79.75,7472200.0,51.05881118774414
2003-08-07,80.81999969482422,79.37999725341797,79.69000244140625,80.69000244140625,5298500.0,51.66061782836914
2003-08-08,81.2699966430664,80.3499984741211,81.05000305175781,80.87999725341797,4613800.0,51.78226089477539
2003-08-11,81.5,80.27999877929688,80.87000274658203,81.0199966430664,4261200.0,51.871917724609375
2003-08-12,81.54000091552734,80.6500015258789,81.44999694824219,81.51000213623047,4634200.0,52.18560791015625
2003-08-13,82.19000244140625,80.58000183105469,81.6500015258789,81.19999694824219,5138400.0,51.98713302612305
2003-08-14,81.75,80.69000244140625,81.0,81.55999755859375,4562700.0,52.21760559082031
2003-08-15,81.9800033569336,81.19999694824219,81.80000305175781,81.79000091552734,3623600.0,52.3648567199707
2003-08-18,83.68000030517578,81.9000015258789,82.05000305175781,83.5199966430664,6847200.0,53.47248840332031
2003-08-19,83.80999755859375,82.55999755859375,83.0999984741211,82.8499984741211,6318300.0,53.043521881103516
2003-08-20,83.30999755859375,82.0,82.0,83.05000305175781,4829900.0,53.17157745361328
2003-08-21,83.8499984741211,82.8499984741211,83.38999938964844,82.8499984741211,5185200.0,53.043521881103516
2003-08-22,84.72000122070312,82.95999908447266,84.25,82.97000122070312,7434900.0,53.120357513427734
2003-08-25,83.02999877929688,81.75,82.8499984741211,81.95999908447266,5150900.0,52.473690032958984
2003-08-26,82.54000091552734,81.2699966430664,81.6500015258789,82.5,5569600.0,52.81943893432617
2003-08-27,82.52999877929688,81.9000015258789,82.0,82.0,3834100.0,52.49934387207031
2003-08-28,82.33999633789062,81.2699966430664,82.0,81.9000015258789,5516300.0,52.4353141784668
2003-08-29,82.11000061035156,81.55999755859375,81.94999694824219,82.01000213623047,4222700.0,52.5057373046875
2003-09-02,85.95999908447266,82.30000305175781,82.4000015258789,85.76000213623047,12406400.0,54.90663528442383
2003-09-03,87.30000305175781,86.0,86.23999786376953,86.33000183105469,10835700.0,55.27156066894531
2003-09-04,88.29000091552734,85.69000244140625,86.33000183105469,87.91000366210938,9889100.0,56.28312301635742
2003-09-05,88.26000213623047,86.75,87.0,86.94999694824219,7896600.0,55.66850662231445
2003-09-08,89.66000366210938,88.3499984741211,88.44999694824219,89.0999984741211,9213400.0,57.04499435424805
2003-09-09,89.97000122070312,88.93000030517578,89.19999694824219,89.41999816894531,8102500.0,57.2498779296875
2003-09-10,89.0,87.61000061035156,88.98999786376953,87.83999633789062,7322600.0,56.2382926940918
2003-09-11,88.41999816894531,86.4000015258789,86.75,87.91999816894531,9753500.0,56.28953552246094
2003-09-12,89.01000213623047,87.19999694824219,87.5999984741211,88.69999694824219,7209200.0,56.78888702392578
2003-09-15,89.95999908447266,88.38999938964844,89.69999694824219,88.48999786376953,7305400.0,56.65446853637695
2003-09-16,90.41000366210938,88.48999786376953,88.48999786376953,90.29000091552734,7896100.0,57.806915283203125
2003-09-17,91.94000244140625,90.19999694824219,90.4000015258789,90.62999725341797,9086600.0,58.02455520629883
2003-09-18,92.43000030517578,90.45999908447266,90.62999725341797,92.0,8338700.0,58.90169143676758
2003-09-19,93.47000122070312,91.80000305175781,92.44999694824219,93.27999877929688,9412500.0,59.721187591552734
2003-09-22,92.23999786376953,90.9000015258789,92.23999786376953,91.38999938964844,7302600.0,58.51113510131836
2003-09-23,92.08999633789062,90.55999755859375,91.5,91.33999633789062,7935200.0,58.479122161865234
2003-09-24,91.81999969482422,89.33000183105469,91.08000183105469,89.4000015258789,7575800.0,57.237091064453125
2003-09-25,90.97000122070312,89.19999694824219,89.4000015258789,89.41000366210938,6585500.0,57.24345779418945
2003-09-26,90.13999938964844,89.0,89.41000366210938,89.05000305175781,5095800.0,57.01298522949219
2003-09-29,90.18000030517578,89.06999969482422,89.25,89.44999694824219,5723200.0,57.26908874511719
2003-09-30,89.25,87.9000015258789,89.19999694824219,88.33000183105469,7056700.0,56.55202102661133
2003-10-01,90.5999984741211,88.69999694824219,88.75,90.3499984741211,7925200.0,57.84529113769531
2003-10-02,90.44999694824219,89.22000122070312,89.55000305175781,90.08000183105469,7428300.0,57.67243576049805
2003-10-03,91.94999694824219,90.56999969482422,91.0,90.63999938964844,7479300.0,58.030967712402344
2003-10-06,91.76000213623047,90.51000213623047,90.73999786376953,91.18000030517578,3845400.0,58.37666320800781
2003-10-07,91.69999694824219,90.4000015258789,90.5,91.69999694824219,5369800.0,58.70960235595703
2003-10-08,92.87000274658203,91.94999694824219,92.0,92.66000366210938,6418900.0,59.32423782348633
2003-10-09,93.5999984741211,92.19999694824219,93.30000305175781,92.44999694824219,7593000.0,59.18980026245117
2003-10-10,93.18000030517578,92.36000061035156,92.4000015258789,92.66999816894531,4500500.0,59.330657958984375
2003-10-13,93.54000091552734,92.58000183105469,93.0999984741211,93.19999694824219,4839200.0,59.6699333190918
2003-10-14,92.94999694824219,92.31999969482422,92.6500015258789,92.72000122070312,4699500.0,59.3626708984375
2003-10-15,94.54000091552734,92.73999786376953,93.9000015258789,92.73999786376953,11558700.0,59.375450134277344
2003-10-16,89.69999694824219,88.66000366210938,89.2699966430664,89.27999877929688,16994000.0,57.160255432128906
2003-10-17,89.68000030517578,88.80999755859375,89.27999877929688,89.2300033569336,9506200.0,57.128231048583984
2003-10-20,89.4000015258789,88.86000061035156,89.3499984741211,89.0,6971300.0,56.98098373413086
2003-10-21,89.33999633789062,88.69999694824219,89.25,88.93000030517578,5287100.0,56.936134338378906
2003-10-22,89.01000213623047,87.9000015258789,88.30000305175781,88.45999908447266,5600100.0,56.63526916503906
2003-10-23,88.4000015258789,87.52999877929688,87.5999984741211,88.1500015258789,6046400.0,56.436771392822266
2003-10-24,88.63999938964844,87.72000122070312,88.1500015258789,88.41999816894531,5471700.0,56.60964584350586
2003-10-27,89.0999984741211,88.05000305175781,88.80000305175781,88.5199966430664,5099200.0,56.67366409301758
2003-10-28,89.9000015258789,88.5199966430664,89.05000305175781,89.9000015258789,6959000.0,57.557212829589844
2003-10-29,89.94000244140625,89.1500015258789,89.5999984741211,89.33999633789062,5180700.0,57.19865798950195
2003-10-30,90.16999816894531,89.05999755859375,90.0,89.12000274658203,6535700.0,57.05778884887695
2003-10-31,90.70999908447266,89.19999694824219,90.70999908447266,89.4800033569336,4836200.0,57.288299560546875
2003-11-03,90.83999633789062,89.4800033569336,89.9000015258789,89.68000030517578,5825200.0,57.41633605957031
2003-11-04,89.80000305175781,88.86000061035156,89.68000030517578,89.13999938964844,5146100.0,57.07061004638672
2003-11-05,88.87999725341797,88.0,88.5199966430664,88.48999786376953,6296300.0,56.65446853637695
2003-11-06,89.58999633789062,87.72000122070312,88.33000183105469,89.33999633789062,5668600.0,57.302268981933594
2003-11-07,89.5999984741211,88.26000213623047,89.4000015258789,88.26000213623047,5543500.0,56.609580993652344
2003-11-10,90.47000122070312,89.55000305175781,89.55000305175781,89.94999694824219,8349700.0,57.69350051879883
2003-11-11,90.02999877929688,88.88999938964844,90.0,89.36000061035156,4841200.0,57.315093994140625
2003-11-12,91.16000366210938,89.30999755859375,89.44999694824219,90.69000244140625,5901700.0,58.16816329956055
2003-11-13,91.4800033569336,90.16000366210938,90.4000015258789,91.08999633789062,5277900.0,58.42471694946289
2003-11-14,91.41999816894531,89.80999755859375,91.0199966430664,90.25,4510200.0,57.88594055175781
2003-11-17,90.05000305175781,89.02999877929688,89.9000015258789,89.80000305175781,4748200.0,57.59729766845703
2003-11-18,90.18000030517578,88.9000015258789,89.91999816894531,88.94999694824219,5284300.0,57.05211639404297
2003-11-19,89.83000183105469,88.31999969482422,88.31999969482422,89.4000015258789,4156600.0,57.34075927734375
2003-11-20,89.79000091552734,88.37999725341797,89.30000305175781,88.38999938964844,5111000.0,56.69294357299805
2003-11-21,88.8499984741211,88.2300033569336,88.4000015258789,88.62999725341797,5935400.0,56.84688186645508
2003-11-24,89.73999786376953,88.94999694824219,89.02999877929688,89.66000366210938,4722200.0,57.50753402709961
2003-11-25,89.8499984741211,89.2699966430664,89.66000366210938,89.43000030517578,4305700.0,57.35996627807617
2003-11-26,90.08999633789062,89.11000061035156,89.79000091552734,89.91000366210938,4146800.0,57.6678581237793
2003-11-28,90.68000030517578,89.62000274658203,89.9000015258789,90.54000091552734,2195500.0,58.071956634521484
2003-12-01,91.36000061035156,90.4800033569336,90.9000015258789,91.01000213623047,5234900.0,58.37340545654297
2003-12-02,91.4800033569336,90.5199966430664,90.56999969482422,90.75,5091800.0,58.206642150878906
2003-12-03,91.44000244140625,90.30000305175781,91.1500015258789,90.30000305175781,6169800.0,57.91800308227539
2003-12-04,91.44000244140625,90.02999877929688,90.05000305175781,91.41999816894531,5360400.0,58.63636016845703
2003-12-05,91.30000305175781,90.5,91.30000305175781,90.63999938964844,5878400.0,58.13609313964844
2003-12-08,91.47000122070312,90.5199966430664,90.5199966430664,91.19999694824219,5342000.0,58.4952507019043
2003-12-09,92.16000366210938,90.61000061035156,91.1500015258789,90.62999725341797,6971500.0,58.129661560058594
2003-12-10,92.73999786376953,90.6500015258789,90.69000244140625,91.7300033569336,7138000.0,58.8351936340332
2003-12-11,92.97000122070312,91.91999816894531,91.95999908447266,92.4000015258789,6412100.0,59.26495361328125
2003-12-12,93.16000366210938,92.23999786376953,92.69999694824219,92.70999908447266,5079800.0,59.46377182006836
2003-12-15,93.97000122070312,92.08000183105469,93.43000030517578,92.11000061035156,5964500.0,59.07893371582031
2003-12-16,94.12000274658203,91.87999725341797,92.11000061035156,93.9800033569336,7501100.0,60.278350830078125
2003-12-17,93.87000274658203,92.8499984741211,93.8499984741211,93.4000015258789,6052900.0,59.90633773803711
2003-12-18,93.37999725341797,92.5,93.0,92.7300033569336,6873600.0,59.476600646972656
2003-12-19,93.25,92.66999816894531,93.2300033569336,93.13999938964844,7090500.0,59.73957061767578
2003-12-22,93.5,92.77999877929688,92.83000183105469,93.38999938964844,4332100.0,59.8999137878418
2003-12-23,93.44000244140625,92.33999633789062,93.06999969482422,92.79000091552734,3677000.0,59.515098571777344
2003-12-24,92.80000305175781,92.18000030517578,92.80000305175781,92.2699966430664,1760500.0,59.18157196044922
2003-12-26,93.0,92.30000305175781,92.37000274658203,92.9000015258789,1408500.0,59.58563995361328
2003-12-29,93.7300033569336,93.02999877929688,93.0999984741211,93.5199966430664,4033900.0,59.9832878112793
2003-12-30,93.5,92.36000061035156,93.2699966430664,92.62999725341797,4003400.0,59.412479400634766
2003-12-31,92.8499984741211,92.16000366210938,92.66000366210938,92.68000030517578,4726900.0,59.44451904296875
2004-01-02,93.05000305175781,91.19999694824219,92.86000061035156,91.55000305175781,5327800.0,58.71976089477539
2004-01-05,93.08999633789062,92.0,92.0,93.05000305175781,5276300.0,59.68183135986328
2004-01-06,93.19000244140625,92.13999938964844,92.19999694824219,93.05999755859375,4380000.0,59.6882438659668
2004-01-07,93.37999725341797,92.47000122070312,93.13999938964844,92.77999877929688,4927600.0,59.50861740112305
2004-01-08,93.20999908447266,92.02999877929688,93.20999908447266,93.04000091552734,6179800.0,59.67543029785156
2004-01-09,92.3499984741211,91.0,91.75,91.20999908447266,7930900.0,58.50168228149414
2004-01-12,92.13999938964844,91.20999908447266,91.20999908447266,91.55000305175781,5130400.0,58.71976089477539
2004-01-13,91.51000213623047,89.01000213623047,91.44999694824219,89.69999694824219,8842500.0,57.53319549560547
2004-01-14,90.45999908447266,89.75,89.9000015258789,90.30999755859375,5505100.0,57.92441177368164
2004-01-15,95.6500015258789,93.55000305175781,95.06999969482422,94.0199966430664,19812000.0,60.30400085449219
2004-01-16,95.3499984741211,94.70999908447266,95.0,95.31999969482422,9302000.0,61.137813568115234
2004-01-20,97.44000244140625,95.7300033569336,96.0,97.0999984741211,9285100.0,62.27948760986328
2004-01-21,98.04000091552734,96.63999938964844,97.2300033569336,97.69999694824219,6949000.0,62.664302825927734
2004-01-22,98.16000366210938,97.31999969482422,97.83999633789062,97.51000213623047,4371600.0,62.542457580566406
2004-01-23,98.20999908447266,97.0999984741211,97.81999969482422,97.9000015258789,5283900.0,62.7926025390625
2004-01-26,99.8499984741211,97.55999755859375,97.9000015258789,99.8499984741211,6189400.0,64.04331970214844
2004-01-27,99.66999816894531,98.69999694824219,99.4000015258789,98.80000305175781,5345300.0,63.369876861572266
2004-01-28,99.41999816894531,97.27999877929688,99.1500015258789,97.37999725341797,6549700.0,62.459075927734375
2004-01-29,98.5999984741211,96.55000305175781,98.0999984741211,98.01000213623047,6642500.0,62.863162994384766
2004-01-30,99.33000183105469,97.83999633789062,98.0199966430664,99.2300033569336,6137600.0,63.645668029785156
2004-02-02,99.94000244140625,98.5,99.1500015258789,99.38999938964844,6200000.0,63.748287200927734
2004-02-03,100.0,98.94999694824219,99.0,100.0,5604300.0,64.1395492553711
2004-02-04,100.43000030517578,99.30000305175781,99.37999725341797,100.19000244140625,8387500.0,64.26141357421875
2004-02-05,100.08999633789062,98.26000213623047,100.0,98.86000061035156,5975000.0,63.40836715698242
2004-02-06,99.23999786376953,98.25,98.8499984741211,98.94000244140625,5516900.0,63.56253433227539
2004-02-09,99.44000244140625,98.5999984741211,99.30999755859375,98.94999694824219,3742400.0,63.56894302368164
2004-02-10,99.97000122070312,98.41000366210938,98.44999694824219,99.61000061035156,4057500.0,63.99298095703125
2004-02-11,100.30999755859375,98.80000305175781,99.19999694824219,99.95999908447266,5505700.0,64.21781158447266
2004-02-12,100.30000305175781,99.30000305175781,100.05999755859375,99.30000305175781,3611500.0,63.79383850097656
2004-02-13,100.08999633789062,99.08000183105469,99.0999984741211,99.70999908447266,3562400.0,64.0572280883789
2004-02-17,100.0,99.31999969482422,99.98999786376953,99.37000274658203,3930400.0,63.83879852294922
2004-02-18,99.7699966430664,98.1500015258789,99.30999755859375,98.41999816894531,4830300.0,63.22844696044922
2004-02-19,99.2300033569336,97.5199966430664,98.41999816894531,97.80000305175781,5447200.0,62.830142974853516
2004-02-20,98.5999984741211,97.19000244140625,98.5999984741211,97.30999755859375,5690200.0,62.51535415649414
2004-02-23,97.51000213623047,95.45999908447266,97.4000015258789,95.95999908447266,6629100.0,61.6480827331543
2004-02-24,97.45999908447266,95.19999694824219,95.19999694824219,96.79000091552734,7008300.0,62.181297302246094
2004-02-25,97.08999633789062,96.2300033569336,96.5,96.54000091552734,3362500.0,62.02070617675781
2004-02-26,97.26000213623047,96.25,96.2699966430664,96.79000091552734,3965700.0,62.181297302246094
2004-02-27,97.37999725341797,96.0999984741211,96.80000305175781,96.5,4715000.0,61.9949836730957
2004-03-01,97.25,96.1500015258789,96.5,97.04000091552734,4454000.0,62.3419303894043
2004-03-02,97.5999984741211,96.62000274658203,97.5999984741211,96.81999969482422,4976200.0,62.20057678222656
2004-03-03,96.88999938964844,95.5999984741211,96.56999969482422,96.83999633789062,4806500.0,62.21342468261719
2004-03-04,96.91999816894531,96.12999725341797,96.58000183105469,96.38999938964844,3547900.0,61.92434310913086
2004-03-05,96.9800033569336,95.55999755859375,95.94999694824219,96.44999694824219,3970900.0,61.96287536621094
2004-03-08,96.87999725341797,94.58999633789062,96.48999786376953,94.58999633789062,5084200.0,60.76795196533203
2004-03-09,95.27999877929688,93.7699966430664,94.30000305175781,94.52999877929688,6390600.0,60.72938919067383
2004-03-10,94.73999786376953,92.68000030517578,94.37999725341797,93.05999755859375,6536300.0,59.78499221801758
2004-03-11,92.9800033569336,91.1500015258789,92.0,91.20999908447266,8560800.0,58.59651184082031
2004-03-12,93.37999725341797,91.68000030517578,92.0,93.30000305175781,6290600.0,59.93921661376953
2004-03-15,92.69000244140625,90.87999725341797,92.5999984741211,91.81999969482422,6523000.0,58.98838424682617
2004-03-16,92.69999694824219,91.41999816894531,92.4000015258789,92.44999694824219,4627600.0,59.39313507080078
2004-03-17,93.79000091552734,92.44999694824219,92.56999969482422,93.38999938964844,4663000.0,59.99700927734375
2004-03-18,93.18000030517578,91.9000015258789,93.05000305175781,92.8499984741211,4605200.0,59.6501350402832
2004-03-19,92.97000122070312,91.51000213623047,92.86000061035156,91.62000274658203,7058700.0,58.85990524291992
2004-03-22,91.4800033569336,90.27999877929688,91.2699966430664,91.0199966430664,6223500.0,58.474422454833984
2004-03-23,92.16000366210938,90.68000030517578,91.5999984741211,91.31999969482422,5065300.0,58.667179107666016
2004-03-24,92.48999786376953,91.04000091552734,91.56999969482422,91.7699966430664,6210400.0,58.95625686645508
2004-03-25,92.62999725341797,91.44999694824219,92.1500015258789,92.38999938964844,5585800.0,59.35457229614258
2004-03-26,93.25,92.16000366210938,92.38999938964844,92.7699966430664,4397700.0,59.598716735839844
2004-03-29,93.61000061035156,92.18000030517578,92.98999786376953,92.68000030517578,4876300.0,59.5408821105957
2004-03-30,92.66999816894531,91.3499984741211,92.66999816894531,92.31999969482422,5415700.0,59.309627532958984
2004-03-31,92.23999786376953,91.51000213623047,92.06999969482422,91.83999633789062,4613500.0,59.001243591308594
2004-04-01,92.68000030517578,91.62000274658203,91.66999816894531,92.37000274658203,4246900.0,59.34174728393555
2004-04-02,94.55000305175781,93.33000183105469,93.55000305175781,94.19999694824219,5894500.0,60.517398834228516
2004-04-05,94.37000274658203,93.51000213623047,93.94999694824219,94.18000030517578,3936000.0,60.50456619262695
2004-04-06,93.79000091552734,93.0199966430664,93.5999984741211,93.69999694824219,3860100.0,60.19618606567383
2004-04-07,93.58000183105469,92.51000213623047,93.37000274658203,93.08000183105469,4537300.0,59.79789352416992
2004-04-08,94.38999938964844,92.55000305175781,94.0,93.12000274658203,3868000.0,59.82356262207031
2004-04-12,94.36000061035156,93.4000015258789,93.5,93.73999786376953,3112600.0,60.221858978271484
2004-04-13,94.04000091552734,92.5,93.79000091552734,93.04000091552734,5013600.0,59.77219009399414
2004-04-14,93.86000061035156,92.0999984741211,92.0999984741211,93.69999694824219,5316300.0,60.19618606567383
2004-04-15,94.08999633789062,93.05999755859375,93.80000305175781,93.44999694824219,6844200.0,60.03554153442383
2004-04-16,92.3499984741211,91.04000091552734,92.30000305175781,92.27999877929688,11118000.0,59.28390121459961
2004-04-19,92.30000305175781,91.69999694824219,91.9000015258789,91.94000244140625,4159400.0,59.065486907958984
2004-04-20,92.4800033569336,90.6500015258789,92.0,90.6500015258789,4260200.0,58.23675537109375
2004-04-21,91.41999816894531,90.69000244140625,91.1500015258789,91.26000213623047,4623400.0,58.628631591796875
2004-04-22,91.51000213623047,89.69999694824219,90.5,90.73999786376953,7988000.0,58.29460144042969
2004-04-23,91.61000061035156,90.36000061035156,91.0,91.27999877929688,5063200.0,58.64149856567383
2004-04-26,91.55999755859375,90.3499984741211,90.75,90.43000030517578,4533600.0,58.09541320800781
2004-04-27,91.98999786376953,90.55999755859375,90.6500015258789,91.11000061035156,4768000.0,58.53227233886719
2004-04-28,90.9800033569336,90.20999908447266,90.30000305175781,90.41000366210938,4706000.0,58.08257293701172
2004-04-29,90.26000213623047,88.19000244140625,90.01000213623047,89.08000183105469,7763200.0,57.22812271118164
2004-04-30,89.19999694824219,88.01000213623047,89.01000213623047,88.16999816894531,5019500.0,56.64349365234375
2004-05-03,88.5199966430664,87.19999694824219,88.12999725341797,88.0199966430664,6070100.0,56.547142028808594
2004-05-04,89.73999786376953,88.0,88.0199966430664,89.0,5451800.0,57.17672348022461
2004-05-05,89.75,88.51000213623047,89.75,88.95999908447266,4402300.0,57.151031494140625
2004-05-06,89.0999984741211,87.58999633789062,88.0999984741211,88.36000061035156,4319100.0,56.88066864013672
2004-05-07,89.4000015258789,87.62000274658203,87.75,88.19000244140625,5407400.0,56.771240234375
2004-05-10,88.0999984741211,86.37000274658203,87.5999984741211,86.87999725341797,6692400.0,55.92792892456055
2004-05-11,88.1500015258789,86.81999969482422,87.19999694824219,87.12999725341797,6575000.0,56.088871002197266
2004-05-12,87.25,85.12000274658203,87.25,86.80999755859375,8445800.0,55.88285827636719
2004-05-13,87.41000366210938,86.26000213623047,86.79000091552734,87.19000244140625,4708400.0,56.12749481201172
2004-05-14,87.3499984741211,86.06999969482422,86.6500015258789,86.41000366210938,5197800.0,55.62538146972656
2004-05-17,86.02999877929688,85.1500015258789,85.30000305175781,85.52999877929688,5700000.0,55.05888366699219
2004-05-18,86.48999786376953,86.0,86.08000183105469,86.05999755859375,4401100.0,55.40005111694336
2004-05-19,88.87999725341797,86.5,87.4000015258789,87.05000305175781,7431800.0,56.03737258911133
2004-05-20,87.94999694824219,87.05000305175781,87.05999755859375,87.41999816894531,4031500.0,56.27553939819336
2004-05-21,88.18000030517578,86.91000366210938,87.58999633789062,87.12999725341797,5130000.0,56.088871002197266
2004-05-24,87.83999633789062,86.55000305175781,87.75,87.0999984741211,3778100.0,56.069549560546875
2004-05-25,88.91999816894531,86.55000305175781,86.75,88.69999694824219,5358100.0,57.099544525146484
2004-05-26,88.8499984741211,88.04000091552734,88.63999938964844,88.3499984741211,4308200.0,56.874237060546875
2004-05-27,89.08000183105469,87.9800033569336,88.75,88.58999633789062,4094600.0,57.028724670410156
2004-05-28,88.8499984741211,88.25,88.4800033569336,88.58999633789062,3203800.0,57.028724670410156
2004-06-01,88.4800033569336,87.30000305175781,88.0,88.12000274658203,4884300.0,56.726158142089844
2004-06-02,88.63999938964844,87.88999938964844,88.63999938964844,87.9800033569336,3912600.0,56.63603973388672
2004-06-03,88.0999984741211,87.3499984741211,87.8499984741211,87.3499984741211,3011500.0,56.230491638183594
2004-06-04,88.48999786376953,87.5,87.94999694824219,87.55999755859375,3803400.0,56.36569595336914
2004-06-07,88.98999786376953,88.01000213623047,88.75,88.63999938964844,4264500.0,57.06092071533203
2004-06-08,90.5,88.4000015258789,88.63999938964844,90.04000091552734,5400300.0,57.9621696472168
2004-06-09,90.55000305175781,89.80999755859375,89.9000015258789,90.08999633789062,5233400.0,57.99435043334961
2004-06-10,90.75,89.88999938964844,90.2300033569336,90.45999908447266,3468700.0,58.232521057128906
2004-06-14,90.58000183105469,89.62000274658203,90.05000305175781,90.06999969482422,4121400.0,57.98146438598633
2004-06-15,91.20999908447266,90.2300033569336,90.48999786376953,90.54000091552734,4508300.0,58.28400802612305
2004-06-16,90.93000030517578,90.08999633789062,90.25,90.37999725341797,3145700.0,58.18100357055664
2004-06-17,90.55999755859375,90.06999969482422,90.5,90.44000244140625,4180200.0,58.21963882446289
2004-06-18,90.80000305175781,89.9000015258789,90.19999694824219,90.05999755859375,6470800.0,57.975013732910156
2004-06-21,90.43000030517578,89.30999755859375,90.4000015258789,89.48999786376953,3843400.0,57.60809326171875
2004-06-22,90.23999786376953,89.12999725341797,89.27999877929688,90.0199966430664,4149300.0,57.94926834106445
2004-06-23,90.83999633789062,89.83999633789062,90.0999984741211,90.79000091552734,4354700.0,58.4449348449707
2004-06-24,90.91999816894531,89.83999633789062,90.27999877929688,89.98999786376953,4069400.0,57.92994689941406
2004-06-25,90.2300033569336,88.94000244140625,89.94999694824219,89.55000305175781,5604700.0,57.646728515625
2004-06-28,89.9000015258789,88.36000061035156,89.70999908447266,88.70999908447266,4423200.0,57.105987548828125
2004-06-29,88.48999786376953,87.9000015258789,88.3499984741211,88.29000091552734,4394800.0,56.8355827331543
2004-06-30,88.5,87.69999694824219,88.30000305175781,88.1500015258789,4724000.0,56.74547576904297
2004-07-01,88.44000244140625,86.56999969482422,88.27999877929688,87.5,5093900.0,56.32705307006836
2004-07-02,87.55000305175781,86.5999984741211,87.44999694824219,87.04000091552734,2874500.0,56.03093338012695
2004-07-06,86.7300033569336,85.12999725341797,86.5,85.69999694824219,6408100.0,55.168312072753906
2004-07-07,85.94000244140625,85.05000305175781,85.30000305175781,85.3499984741211,5677300.0,54.94301223754883
2004-07-08,85.01000213623047,83.58000183105469,85.0,83.6500015258789,7529000.0,53.848663330078125
2004-07-09,84.5,83.51000213623047,84.4000015258789,83.88999938964844,6595200.0,54.00315475463867
2004-07-12,85.25,83.41999816894531,84.0,84.0999984741211,6009200.0,54.13835144042969
2004-07-13,86.08999633789062,85.19999694824219,85.9000015258789,85.25,6001000.0,54.87862014770508
2004-07-14,85.23999786376953,83.77999877929688,84.83999633789062,84.12999725341797,6298600.0,54.15764236450195
2004-07-15,84.62999725341797,83.61000061035156,84.12999725341797,84.0199966430664,7086500.0,54.086822509765625
2004-07-16,86.4800033569336,84.27999877929688,86.05000305175781,84.27999877929688,10441400.0,54.254215240478516
2004-07-19,85.8499984741211,84.4000015258789,84.5,85.30000305175781,6596000.0,54.910823822021484
2004-07-20,86.48999786376953,85.30000305175781,85.62999725341797,86.36000061035156,5651300.0,55.59319305419922
2004-07-21,87.11000061035156,85.30000305175781,86.75,85.30000305175781,5534000.0,54.910823822021484
2004-07-22,86.4000015258789,84.68000030517578,85.0,86.05999755859375,5972600.0,55.40005111694336
2004-07-23,86.05999755859375,84.5,85.69999694824219,84.8499984741211,4309400.0,54.62114334106445
2004-07-26,85.58000183105469,84.51000213623047,84.8499984741211,85.08999633789062,4517500.0,54.7756462097168
2004-07-27,86.30000305175781,85.44999694824219,85.5999984741211,85.87999725341797,4098500.0,55.28420639038086
2004-07-28,86.27999877929688,84.87999725341797,85.87999725341797,85.8499984741211,6566200.0,55.26490020751953
2004-07-29,87.22000122070312,86.2300033569336,86.25,86.7699966430664,4232300.0,55.857112884521484
2004-07-30,87.4000015258789,86.38999938964844,86.44999694824219,87.06999969482422,3508500.0,56.05022430419922
2004-08-02,87.38999938964844,86.41999816894531,86.87000274658203,86.69000244140625,3408400.0,55.805633544921875
2004-08-03,86.80000305175781,85.44000244140625,86.69999694824219,85.70999908447266,4147200.0,55.17475891113281
2004-08-04,86.6500015258789,85.25,85.30000305175781,85.97000122070312,4160600.0,55.34212875366211
2004-08-05,86.41999816894531,85.01000213623047,85.97000122070312,85.19000244140625,3879900.0,54.84000778198242
2004-08-06,84.76000213623047,83.41999816894531,84.37999725341797,83.4800033569336,5219200.0,53.85300064086914
2004-08-09,83.95999908447266,82.87000274658203,83.4800033569336,83.55000305175781,3621100.0,53.898162841796875
2004-08-10,84.98999786376953,83.80999755859375,84.0,84.98999786376953,4351000.0,54.82710266113281
2004-08-11,83.9800033569336,83.0999984741211,83.69999694824219,83.69000244140625,5288000.0,53.988487243652344
2004-08-12,83.05000305175781,81.9000015258789,83.05000305175781,82.20999908447266,7134900.0,53.03374099731445
2004-08-13,83.94000244140625,82.51000213623047,82.54000091552734,83.91000366210938,5801900.0,54.13040542602539
2004-08-16,84.55999755859375,83.51000213623047,83.69999694824219,84.0199966430664,4361500.0,54.201351165771484
2004-08-17,84.54000091552734,83.66000366210938,84.0999984741211,84.04000091552734,3559400.0,54.21426010131836
2004-08-18,85.12999725341797,83.56999969482422,83.5999984741211,85.12999725341797,4397500.0,54.91744613647461
2004-08-19,85.3499984741211,84.44999694824219,84.75,84.88999938964844,4704500.0,54.762630462646484
2004-08-20,85.25,84.5199966430664,84.5199966430664,85.25,4501400.0,54.99482345581055
2004-08-23,85.44999694824219,84.6500015258789,85.2300033569336,84.6500015258789,4260600.0,54.607757568359375
2004-08-24,85.1500015258789,84.3499984741211,85.0,84.70999908447266,2710400.0,54.6464958190918
2004-08-25,85.2699966430664,84.55000305175781,85.0,85.06999969482422,4405600.0,54.878726959228516
2004-08-26,85.04000091552734,84.69000244140625,85.0,84.69000244140625,3134400.0,54.63359832763672
2004-08-27,84.94999694824219,84.58999633789062,84.6500015258789,84.94000244140625,2444800.0,54.794864654541016
2004-08-30,84.98999786376953,84.38999938964844,84.56999969482422,84.4000015258789,2277900.0,54.44652557373047
2004-08-31,84.69000244140625,83.6500015258789,84.55000305175781,84.69000244140625,3399500.0,54.63359832763672
2004-09-01,85.08999633789062,84.01000213623047,84.05000305175781,84.22000122070312,4748500.0,54.33037567138672
2004-09-02,84.77999877929688,83.8499984741211,84.22000122070312,84.56999969482422,3380400.0,54.55618667602539
2004-09-03,84.69000244140625,83.95999908447266,84.30000305175781,84.38999938964844,3479800.0,54.4400634765625
2004-09-07,85.44000244140625,84.5999984741211,84.69999694824219,84.97000122070312,4002800.0,54.8142204284668
2004-09-08,86.51000213623047,84.87999725341797,84.9000015258789,85.86000061035156,5721200.0,55.38835525512695
2004-09-09,86.79000091552734,85.86000061035156,85.86000061035156,86.44000244140625,4517400.0,55.76250457763672
2004-09-10,87.0,86.25,86.43000030517578,86.76000213623047,3753500.0,55.96895217895508
2004-09-13,87.27999877929688,86.08000183105469,87.0,86.48999786376953,4801400.0,55.79475402832031
2004-09-14,86.87999725341797,86.1500015258789,86.5999984741211,86.72000122070312,3953500.0,55.943145751953125
2004-09-15,86.5,85.88999938964844,85.94000244140625,86.37000274658203,4631200.0,55.71735763549805
2004-09-16,86.95999908447266,85.93000030517578,86.19999694824219,86.12000274658203,3623000.0,55.55607223510742
2004-09-17,86.5,85.44000244140625,86.4000015258789,85.73999786376953,6198700.0,55.31095504760742
2004-09-20,86.43000030517578,85.4000015258789,85.4000015258789,85.69999694824219,4380400.0,55.285125732421875
2004-09-21,86.11000061035156,85.33999633789062,85.69999694824219,85.72000122070312,4049700.0,55.298038482666016
2004-09-22,85.44000244140625,84.16999816894531,85.3499984741211,84.30999755859375,5037100.0,54.38846206665039
2004-09-23,84.2699966430664,83.23999786376953,84.04000091552734,83.87999725341797,4801200.0,54.11103057861328
2004-09-24,84.73999786376953,83.77999877929688,83.80000305175781,84.43000030517578,4899500.0,54.46586990356445
2004-09-27,84.44000244140625,83.9800033569336,84.0999984741211,84.16000366210938,4650300.0,54.29167938232422
2004-09-28,84.6500015258789,83.87999725341797,84.3499984741211,84.4800033569336,3874200.0,54.498130798339844
2004-09-29,84.9800033569336,84.1500015258789,84.4800033569336,84.9800033569336,4204500.0,54.82066345214844
2004-09-30,85.9800033569336,85.01000213623047,85.13999938964844,85.73999786376953,5198000.0,55.31095504760742
2004-10-01,86.9800033569336,85.87999725341797,85.94999694824219,86.72000122070312,4538000.0,55.943145751953125
2004-10-04,88.0999984741211,86.72000122070312,87.0,87.16000366210938,5001400.0,56.22697830200195
2004-10-05,88.02999877929688,87.12999725341797,87.94999694824219,87.31999969482422,5150700.0,56.3302001953125
2004-10-06,88.0999984741211,87.0999984741211,87.13999938964844,88.04000091552734,3984400.0,56.79467010498047
2004-10-07,88.0999984741211,87.4000015258789,88.04000091552734,87.41999816894531,3076900.0,56.39470672607422
2004-10-08,87.91000366210938,86.51000213623047,87.43000030517578,86.70999908447266,4090000.0,55.936676025390625
2004-10-11,87.19999694824219,86.2699966430664,86.7699966430664,86.62999725341797,3016300.0,55.885074615478516
2004-10-12,86.19999694824219,85.58000183105469,86.0199966430664,86.0,4626600.0,55.478660583496094
2004-10-13,86.4800033569336,84.43000030517578,86.26000213623047,84.9800033569336,6651400.0,54.82066345214844
2004-10-14,84.9800033569336,84.30000305175781,84.75,84.77999877929688,4233700.0,54.691627502441406
2004-10-15,85.25,84.5999984741211,84.77999877929688,84.8499984741211,5928500.0,54.73680114746094
2004-10-18,86.1500015258789,84.29000091552734,84.30000305175781,85.91999816894531,7182600.0,55.42706298828125
2004-10-19,89.7300033569336,88.0,88.19999694824219,89.37000274658203,13692200.0,57.65265655517578
2004-10-20,89.19000244140625,88.29000091552734,88.44999694824219,88.81999969482422,6926800.0,57.2978515625
2004-10-21,88.76000213623047,87.66000366210938,88.4000015258789,88.0999984741211,6137500.0,56.8333740234375
2004-10-22,88.44999694824219,87.29000091552734,88.22000122070312,87.38999938964844,5988700.0,56.37535095214844
2004-10-25,88.9000015258789,87.30999755859375,87.36000061035156,88.43000030517578,5774500.0,57.04627227783203
2004-10-26,89.56999969482422,88.25,88.33000183105469,89.0,7335800.0,57.41398239135742
2004-10-27,90.2699966430664,88.5,88.58000183105469,90.0,6035100.0,58.059085845947266
2004-10-28,90.23999786376953,89.43000030517578,89.80000305175781,89.5,4226500.0,57.736515045166016
2004-10-29,89.9000015258789,88.94999694824219,89.4000015258789,89.75,4518500.0,57.89778518676758
2004-11-01,90.5999984741211,89.2300033569336,89.33000183105469,90.11000061035156,5160600.0,58.1300163269043
2004-11-02,91.22000122070312,89.5,89.55000305175781,90.47000122070312,5388700.0,58.36223220825195
2004-11-03,91.9000015258789,90.97000122070312,91.25,91.19999694824219,6553300.0,58.83318328857422
2004-11-04,92.69999694824219,90.81999969482422,91.05000305175781,92.37999725341797,6951600.0,59.59442138671875
2004-11-05,93.5199966430664,92.4000015258789,92.4000015258789,93.27999877929688,6708400.0,60.174991607666016
2004-11-08,93.69999694824219,92.5,92.5,93.37000274658203,4907300.0,60.3494987487793
2004-11-09,93.94999694824219,93.0,93.0,93.37000274658203,4513100.0,60.3494987487793
2004-11-10,94.30000305175781,92.91999816894531,92.91999816894531,93.61000061035156,6258400.0,60.50464630126953
2004-11-11,95.22000122070312,93.54000091552734,93.5999984741211,94.79000091552734,7453400.0,61.267330169677734
2004-11-12,95.5,94.55999755859375,94.66000366210938,95.31999969482422,4958400.0,61.60990524291992
2004-11-15,96.0,94.80000305175781,95.08000183105469,95.91999816894531,4887600.0,61.9976806640625
2004-11-16,95.5,94.6500015258789,95.25,94.88999938964844,5684100.0,61.33197784423828
2004-11-17,96.62999725341797,95.30000305175781,95.30000305175781,95.45999908447266,6353200.0,61.700401306152344
2004-11-18,95.69999694824219,95.02999877929688,95.36000061035156,95.0999984741211,4655900.0,61.46770095825195
2004-11-19,95.16000366210938,94.25,94.94999694824219,94.44999694824219,5679100.0,61.04758834838867
2004-11-22,95.4000015258789,94.16000366210938,94.30000305175781,95.11000061035156,5814100.0,61.47414016723633
2004-11-23,95.37000274658203,94.55000305175781,94.69999694824219,95.27999877929688,5529900.0,61.58404541015625
2004-11-24,95.79000091552734,95.04000091552734,95.04000091552734,95.45999908447266,3750600.0,61.700401306152344
2004-11-26,95.37999725341797,94.58000183105469,95.05000305175781,94.72000122070312,2204300.0,61.22209548950195
2004-11-29,96.37999725341797,94.94000244140625,94.94000244140625,95.5,5699800.0,61.726226806640625
2004-11-30,95.6500015258789,94.23999786376953,95.1500015258789,94.23999786376953,5870300.0,60.91183853149414
2004-12-01,96.06999969482422,94.47000122070312,94.5,95.87999725341797,5664500.0,61.971866607666016
2004-12-02,96.77999877929688,95.48999786376953,95.6500015258789,95.76000213623047,5152300.0,61.8942985534668
2004-12-03,97.62999725341797,96.55000305175781,96.55000305175781,97.08000183105469,7026800.0,62.74745178222656
2004-12-06,97.9000015258789,96.6500015258789,96.87999725341797,97.66999816894531,5263000.0,63.128807067871094
2004-12-07,98.25,95.98999786376953,97.69999694824219,96.0999984741211,6477100.0,62.114036560058594
2004-12-08,97.3499984741211,95.7699966430664,96.43000030517578,96.6500015258789,5310700.0,62.46953582763672
2004-12-09,97.5999984741211,95.70999908447266,96.19999694824219,97.51000213623047,5713700.0,63.02540588378906
2004-12-10,97.98999786376953,96.0999984741211,96.0999984741211,96.66999816894531,4188300.0,62.482486724853516
2004-12-13,97.19999694824219,96.08000183105469,96.8499984741211,96.44999694824219,4799500.0,62.34027862548828
2004-12-14,97.69999694824219,96.29000091552734,96.30000305175781,97.30999755859375,4493200.0,62.89611053466797
2004-12-15,97.69999694824219,96.80999755859375,96.91999816894531,97.33000183105469,3914500.0,62.90903854370117
2004-12-16,98.1500015258789,96.80000305175781,96.80000305175781,97.44999694824219,5660100.0,62.98661422729492
2004-12-17,98.0,96.19999694824219,97.0,96.19999694824219,8853100.0,62.17865753173828
2004-12-20,97.56999969482422,96.3499984741211,96.3499984741211,96.55000305175781,4769900.0,62.404884338378906
2004-12-21,97.1500015258789,96.51000213623047,96.58999633789062,97.0199966430664,4841800.0,62.70869827270508
2004-12-22,97.9800033569336,97.29000091552734,97.3499984741211,97.61000061035156,4950100.0,63.090023040771484
2004-12-23,98.0,97.5,97.5,97.72000122070312,3590600.0,63.1611328125
2004-12-27,97.97000122070312,97.37999725341797,97.69000244140625,97.5,3262900.0,63.01893615722656
2004-12-28,98.55000305175781,97.37000274658203,97.4000015258789,98.30000305175781,4336400.0,63.53602600097656
2004-12-29,98.47000122070312,97.80000305175781,97.80999755859375,98.18000030517578,3296300.0,63.458431243896484
2004-12-30,99.0,98.06999969482422,98.0999984741211,98.30000305175781,3812400.0,63.53602600097656
2004-12-31,98.91000366210938,98.48999786376953,98.5999984741211,98.58000183105469,2793200.0,63.716976165771484
2005-01-03,99.0999984741211,97.25,98.97000122070312,97.75,5295200.0,63.180511474609375
2005-01-04,98.41999816894531,96.5199966430664,97.73999786376953,96.69999694824219,5711000.0,62.50185012817383
2005-01-05,97.83000183105469,96.4000015258789,96.5999984741211,96.5,5646700.0,62.37257766723633
2005-01-06,96.9800033569336,96.05000305175781,96.54000091552734,96.19999694824219,4561700.0,62.17865753173828
2005-01-07,96.80000305175781,95.47000122070312,96.5,95.77999877929688,6200700.0,61.9072380065918
2005-01-10,96.08999633789062,95.23999786376953,95.77999877929688,95.68000030517578,4625100.0,61.84257125854492
2005-01-11,95.79000091552734,94.70999908447266,95.68000030517578,95.0,4746400.0,61.403079986572266
2005-01-12,95.27999877929688,94.05999755859375,95.0,95.20999908447266,5828600.0,61.53879928588867
2005-01-13,96.19999694824219,93.69999694824219,95.38999938964844,94.44999694824219,5339400.0,61.04758834838867
2005-01-14,94.25,93.55000305175781,94.01000213623047,94.0999984741211,5520800.0,60.82136535644531
2005-01-18,95.33999633789062,93.62000274658203,93.6500015258789,94.9000015258789,8492100.0,61.338443756103516
2005-01-19,95.1500015258789,92.93000030517578,94.94999694824219,93.0999984741211,7352700.0,60.17499542236328
2005-01-20,93.83999633789062,92.5999984741211,92.61000061035156,93.0,5708600.0,60.11036682128906
2005-01-21,93.30000305175781,92.2300033569336,93.0,92.37999725341797,7002600.0,59.7096061706543
2005-01-24,92.8499984741211,91.76000213623047,92.69999694824219,91.79000091552734,6537300.0,59.32828903198242
2005-01-25,92.58999633789062,91.94999694824219,91.9800033569336,92.19000244140625,5070700.0,59.58684539794922
2005-01-26,92.87000274658203,91.94000244140625,92.30000305175781,91.94999694824219,5352000.0,59.43170166015625
2005-01-27,92.22000122070312,91.44000244140625,91.5,91.9800033569336,4746900.0,59.451114654541016
2005-01-28,93.58999633789062,92.4800033569336,92.68000030517578,92.88999938964844,5960600.0,60.039276123046875
2005-01-31,93.94999694824219,93.05000305175781,93.6500015258789,93.41999816894531,4759900.0,60.381839752197266
2005-02-01,94.0,93.37000274658203,93.66999816894531,93.86000061035156,3637400.0,60.66622543334961
2005-02-02,94.3499984741211,93.62999725341797,93.77999877929688,94.30000305175781,3597400.0,60.95061492919922
2005-02-03,93.94000244140625,93.05999755859375,93.87000274658203,93.54000091552734,3928700.0,60.45938491821289
2005-02-04,94.73999786376953,93.0,93.01000213623047,94.51000213623047,3807600.0,61.08637619018555
2005-02-07,94.9000015258789,94.33000183105469,94.3499984741211,94.52999877929688,2837800.0,61.09925842285156
2005-02-08,94.63999938964844,94.12999725341797,94.20999908447266,94.12999725341797,3541100.0,60.95680618286133
2005-02-09,94.83000183105469,92.54000091552734,94.13999938964844,92.69999694824219,5657100.0,60.030784606933594
2005-02-10,93.0999984741211,92.30000305175781,92.94999694824219,92.76000213623047,4838400.0,60.06963348388672
2005-02-11,93.97000122070312,92.5,92.69999694824219,93.30000305175781,4229300.0,60.419307708740234
2005-02-14,94.0199966430664,93.16000366210938,93.16000366210938,93.56999969482422,2868800.0,60.594154357910156
2005-02-15,94.66999816894531,93.4800033569336,93.5,94.33000183105469,4148000.0,61.08632278442383
2005-02-16,94.97000122070312,94.19999694824219,94.2300033569336,94.62000274658203,4466500.0,61.27412796020508
2005-02-17,94.76000213623047,93.73999786376953,94.5,93.75,4254200.0,60.71074295043945
2005-02-18,94.25,92.9000015258789,93.75,93.2699966430664,4265300.0,60.399898529052734
2005-02-22,93.5,92.2300033569336,92.66999816894531,92.31999969482422,4825100.0,59.78469467163086
2005-02-23,92.44000244140625,91.55000305175781,92.29000091552734,92.0999984741211,5622800.0,59.64219665527344
2005-02-24,93.08999633789062,91.8499984741211,91.9800033569336,92.63999938964844,4153900.0,59.99190902709961
2005-02-25,92.80000305175781,92.29000091552734,92.3499984741211,92.80000305175781,4078500.0,60.09553909301758
2005-02-28,92.76000213623047,92.41000366210938,92.52999877929688,92.58000183105469,4949800.0,59.95305633544922
2005-03-01,93.43000030517578,92.58999633789062,92.63999938964844,93.30000305175781,3819900.0,60.419307708740234
2005-03-02,93.7300033569336,92.75,92.75,92.91999816894531,4467400.0,60.17325210571289
2005-03-03,93.20999908447266,92.19999694824219,93.1500015258789,92.41000366210938,4037800.0,59.84295654296875
2005-03-04,93.18000030517578,92.36000061035156,92.94000244140625,92.37000274658203,4754000.0,59.81706237792969
2005-03-07,92.51000213623047,91.58999633789062,92.3499984741211,91.5999984741211,7046900.0,59.318458557128906
2005-03-08,92.55999755859375,91.69999694824219,91.69999694824219,92.12999725341797,5087800.0,59.661643981933594
2005-03-09,93.0,92.01000213623047,92.0199966430664,92.3499984741211,4511200.0,59.804134368896484
2005-03-10,92.80000305175781,92.08999633789062,92.3499984741211,92.41000366210938,3422500.0,59.84295654296875
2005-03-11,92.41000366210938,91.19999694824219,92.25,91.51000213623047,4494300.0,59.260162353515625
2005-03-14,92.04000091552734,91.5,91.5,91.9000015258789,3935500.0,59.51270294189453
2005-03-15,92.2699966430664,91.19999694824219,92.0,91.37999725341797,3663100.0,59.17595672607422
2005-03-16,91.4000015258789,90.25,90.73999786376953,90.6500015258789,5065300.0,58.70322036743164
2005-03-17,90.68000030517578,89.69999694824219,90.48999786376953,89.86000061035156,5562100.0,58.191627502441406
2005-03-18,89.9000015258789,89.08999633789062,89.86000061035156,89.27999877929688,7541500.0,57.8160514831543
2005-03-21,90.27999877929688,89.2699966430664,89.41999816894531,89.51000213623047,4402400.0,57.96500015258789
2005-03-22,90.33999633789062,89.26000213623047,89.61000061035156,89.5,4452500.0,57.95850372314453
2005-03-23,91.16999816894531,89.81999969482422,89.97000122070312,90.5199966430664,5472100.0,58.6190299987793
2005-03-24,91.55000305175781,90.69999694824219,90.80000305175781,90.69999694824219,4577100.0,58.73561096191406
2005-03-28,91.62999725341797,90.62000274658203,90.70999908447266,91.04000091552734,4088900.0,58.95579147338867
2005-03-29,91.06999969482422,90.18000030517578,90.73999786376953,90.5999984741211,6070400.0,58.67084503173828
2005-03-30,90.87999725341797,90.31999969482422,90.31999969482422,90.68000030517578,5253900.0,58.72267532348633
2005-03-31,91.41000366210938,90.22000122070312,90.45999908447266,91.37999725341797,4418600.0,59.17595672607422
2005-04-01,91.76000213623047,90.04000091552734,91.48999786376953,90.44000244140625,5721200.0,58.56724166870117
2005-04-04,90.62000274658203,89.7699966430664,90.08000183105469,90.31999969482422,3737800.0,58.489524841308594
2005-04-05,90.33000183105469,89.26000213623047,90.2300033569336,89.56999969482422,4568400.0,58.00385284423828
2005-04-06,89.37999725341797,88.70999908447266,89.05000305175781,89.0,7836800.0,57.63469696044922
2005-04-07,89.19999694824219,88.0999984741211,89.0,88.44000244140625,6355700.0,57.272064208984375
2005-04-08,88.45999908447266,87.5,88.27999877929688,87.5999984741211,5179200.0,56.72809982299805
2005-04-11,87.55999755859375,86.08999633789062,87.3499984741211,86.19999694824219,8296500.0,55.82148361206055
2005-04-12,86.23999786376953,85.16999816894531,85.9000015258789,85.75,8429700.0,55.53007888793945
2005-04-13,85.97000122070312,84.23999786376953,85.76000213623047,84.56999969482422,7090700.0,54.765926361083984
2005-04-14,85.41000366210938,83.47000122070312,84.51000213623047,83.63999938964844,10421200.0,54.163658142089844
2005-04-15,79.66000366210938,76.33000183105469,79.0,76.69999694824219,27906300.0,49.66946792602539
2005-04-18,77.75,76.13999938964844,77.1500015258789,76.6500015258789,13255000.0,49.6370849609375
2005-04-19,77.19999694824219,75.25,76.9800033569336,75.4800033569336,9259900.0,48.879432678222656
2005-04-20,75.87000274658203,71.8499984741211,75.4800033569336,72.01000213623047,20366300.0,46.6323127746582
2005-04-21,74.0999984741211,72.80000305175781,73.0,74.02999877929688,16224400.0,47.9404296875
2005-04-22,74.69999694824219,73.26000213623047,74.2300033569336,74.20999908447266,10984400.0,48.0569953918457
2005-04-25,75.72000122070312,74.05000305175781,75.0999984741211,74.61000061035156,10219400.0,48.3160285949707
2005-04-26,76.9800033569336,74.6500015258789,74.68000030517578,75.43000030517578,12484300.0,48.847042083740234
2005-04-27,77.18000030517578,75.5,75.5999984741211,77.05000305175781,11631400.0,49.8961296081543
2005-04-28,77.11000061035156,75.6500015258789,77.05000305175781,75.91000366210938,8629200.0,49.15788269042969
2005-04-29,77.08000183105469,75.91000366210938,77.05000305175781,76.37999725341797,8147700.0,49.46225357055664
2005-05-02,77.29000091552734,76.02999877929688,76.87999725341797,76.51000213623047,7232500.0,49.546443939208984
2005-05-03,76.95999908447266,75.93000030517578,76.77999877929688,76.47000122070312,6196300.0,49.52052307128906
2005-05-04,77.19999694824219,76.5,76.5999984741211,77.08000183105469,5512300.0,49.915565490722656
2005-05-05,78.11000061035156,75.33000183105469,78.0,75.5,12371800.0,48.89238739013672
2005-05-06,75.91999816894531,74.97000122070312,75.55999755859375,75.26000213623047,7750300.0,48.86642074584961
2005-05-09,75.45999908447266,74.70999908447266,75.26000213623047,74.9800033569336,5616700.0,48.684600830078125
2005-05-10,74.76000213623047,73.04000091552734,74.75,73.30000305175781,7982200.0,47.59378433227539
2005-05-11,73.69000244140625,72.51000213623047,73.62999725341797,73.27999877929688,6915700.0,47.58078384399414
2005-05-12,73.80000305175781,72.5,73.52999877929688,72.62000274658203,6061900.0,47.1522331237793
2005-05-13,73.86000061035156,72.5199966430664,72.52999877929688,73.16000366210938,7150600.0,47.50288009643555
2005-05-16,74.48999786376953,73.08999633789062,73.08999633789062,74.33999633789062,5501500.0,48.269046783447266
2005-05-17,74.43000030517578,73.33000183105469,73.93000030517578,74.29000091552734,5135600.0,48.236572265625
2005-05-18,76.81999969482422,74.69000244140625,75.0,76.36000061035156,10309600.0,49.58064270019531
2005-05-19,77.63999938964844,76.37000274658203,76.5,77.16000366210938,7030400.0,50.10007095336914
2005-05-20,77.27999877929688,76.36000061035156,77.27999877929688,76.41000366210938,6329800.0,49.61309051513672
2005-05-23,76.94999694824219,76.0,76.30000305175781,76.51000213623047,4759800.0,49.67803955078125
2005-05-24,76.51000213623047,75.55999755859375,76.13999938964844,75.80999755859375,5660700.0,49.223514556884766
2005-05-25,76.02999877929688,75.16999816894531,75.41999816894531,76.0,5483400.0,49.346893310546875
2005-05-26,77.41000366210938,76.29000091552734,76.44999694824219,77.13999938964844,5832000.0,50.08708953857422
2005-05-27,77.23999786376953,76.52999877929688,77.11000061035156,77.0999984741211,3163900.0,50.061119079589844
2005-05-31,77.41000366210938,75.5,77.30000305175781,75.55000305175781,6419000.0,49.0546989440918
2005-06-01,77.5,75.56999969482422,75.56999969482422,76.83999633789062,7380600.0,49.89229965209961
2005-06-02,77.38999938964844,76.68000030517578,76.75,77.3499984741211,4025600.0,50.22344207763672
2005-06-03,77.0999984741211,75.73999786376953,77.05999755859375,75.79000091552734,6149900.0,49.21052169799805
2005-06-06,75.9000015258789,74.91999816894531,75.80000305175781,75.0,5978600.0,48.69758605957031
2005-06-07,76.08999633789062,75.0,75.0,75.04000091552734,5226600.0,48.72356414794922
2005-06-08,75.4000015258789,74.62999725341797,75.04000091552734,74.80000305175781,4280000.0,48.567718505859375
2005-06-09,75.47000122070312,74.2300033569336,74.58000183105469,74.93000030517578,4423200.0,48.65212631225586
2005-06-10,75.05000305175781,74.0999984741211,74.75,74.7699966430664,4895800.0,48.54823684692383
2005-06-13,75.93000030517578,74.44999694824219,74.5,75.05000305175781,5715700.0,48.73004150390625
2005-06-14,75.43000030517578,74.7300033569336,75.05000305175781,74.88999938964844,4314900.0,48.62616729736328
2005-06-15,76.5,75.1500015258789,75.69999694824219,76.30000305175781,7103600.0,49.54166793823242
2005-06-16,77.25,76.30999755859375,76.4000015258789,77.05000305175781,7840000.0,50.02865219116211
2005-06-17,77.7300033569336,76.37999725341797,77.69999694824219,76.38999938964844,8593800.0,49.60009765625
2005-06-20,76.9800033569336,75.56999969482422,76.02999877929688,76.55000305175781,3745600.0,49.704002380371094
2005-06-21,77.0,76.11000061035156,76.69999694824219,76.41000366210938,5339100.0,49.61309051513672
2005-06-22,77.48999786376953,76.66999816894531,76.83000183105469,77.2300033569336,5646300.0,50.145530700683594
2005-06-23,76.97000122070312,75.05999755859375,76.80999755859375,75.41000366210938,7766700.0,48.963802337646484
2005-06-24,75.4000015258789,74.0,75.16999816894531,74.01000213623047,10792100.0,48.05477523803711
2005-06-27,74.7699966430664,73.5,74.01000213623047,73.87999725341797,6489800.0,47.97036361694336
2005-06-28,75.30000305175781,73.44999694824219,73.83000183105469,75.30000305175781,8188800.0,48.89237976074219
2005-06-29,75.68000030517578,74.62000274658203,75.26000213623047,74.7300033569336,5519100.0,48.52228927612305
2005-06-30,75.48999786376953,74.06999969482422,74.80000305175781,74.19999694824219,6127000.0,48.17813491821289
2005-07-01,75.33000183105469,74.30000305175781,74.30000305175781,74.66999816894531,4353100.0,48.48331069946289
2005-07-05,74.97000122070312,74.16000366210938,74.37999725341797,74.79000091552734,5181800.0,48.56122970581055
2005-07-06,76.1500015258789,74.4000015258789,74.80000305175781,75.80999755859375,8009300.0,49.223514556884766
2005-07-07,77.52999877929688,75.0,75.1500015258789,77.37999725341797,10757200.0,50.242923736572266
2005-07-08,79.5199966430664,77.13999938964844,77.37999725341797,79.30000305175781,13440500.0,51.48957824707031
2005-07-11,79.5199966430664,78.5199966430664,79.4000015258789,78.95999908447266,7186700.0,51.268802642822266
2005-07-12,80.48999786376953,79.18000030517578,79.19999694824219,80.04000091552734,10945500.0,51.970054626464844
2005-07-13,81.75,81.16000366210938,81.16000366210938,81.44999694824219,11340000.0,52.885562896728516
2005-07-14,82.66999816894531,82.0,82.0,82.41999816894531,8546200.0,53.515411376953125
2005-07-15,82.75,81.5199966430664,82.43000030517578,82.37999725341797,7644100.0,53.48942184448242
2005-07-18,83.94000244140625,81.68000030517578,81.98999786376953,81.80999755859375,8705600.0,53.119319915771484
2005-07-19,85.11000061035156,83.69999694824219,84.72000122070312,83.69999694824219,14149700.0,54.34650421142578
2005-07-20,84.95999908447266,82.98999786376953,83.19999694824219,84.5999984741211,9323200.0,54.93085861206055
2005-07-21,84.94999694824219,83.4000015258789,84.5999984741211,84.4000015258789,8265300.0,54.801002502441406
2005-07-22,84.62999725341797,83.86000061035156,83.9800033569336,84.44000244140625,4570400.0,54.826995849609375
2005-07-25,84.5199966430664,83.91999816894531,83.9800033569336,84.19999694824219,4457800.0,54.67116165161133
2005-07-26,84.3499984741211,83.8499984741211,84.1500015258789,84.12000274658203,4542900.0,54.61921310424805
2005-07-27,84.12999725341797,82.80999755859375,83.80000305175781,83.87000274658203,4862200.0,54.456886291503906
2005-07-28,83.97000122070312,83.2699966430664,83.55000305175781,83.80000305175781,6189700.0,54.411415100097656
2005-07-29,83.94999694824219,83.22000122070312,83.30000305175781,83.45999908447266,4330300.0,54.190670013427734
2005-08-01,83.8499984741211,82.8499984741211,83.0,83.43000030517578,3664300.0,54.17120361328125
2005-08-02,83.86000061035156,83.04000091552734,83.2699966430664,83.30999755859375,5380700.0,54.09326171875
2005-08-03,84.19999694824219,83.11000061035156,83.30999755859375,84.05999755859375,4256200.0,54.58026123046875
2005-08-04,83.88999938964844,82.9800033569336,83.75,83.12000274658203,5249900.0,53.96990966796875
2005-08-05,83.73999786376953,82.7300033569336,82.75,83.36000061035156,3714600.0,54.12574005126953
2005-08-08,83.88999938964844,83.0199966430664,83.41000366210938,83.36000061035156,4424300.0,54.25591278076172
2005-08-09,83.94999694824219,82.94000244140625,83.4000015258789,83.5,3793500.0,54.347023010253906
2005-08-10,84.01000213623047,81.97000122070312,83.6500015258789,82.0199966430664,5402400.0,53.38374328613281
2005-08-11,82.75,81.62000274658203,81.93000030517578,82.66000366210938,4570400.0,53.80033493041992
2005-08-12,82.58000183105469,82.05999755859375,82.1500015258789,82.19000244140625,4378200.0,53.49440383911133
2005-08-15,82.94000244140625,81.61000061035156,81.9000015258789,82.5,3431100.0,53.69618225097656
2005-08-16,82.43000030517578,81.08999633789062,82.06999969482422,81.30000305175781,4407400.0,52.915138244628906
2005-08-17,81.94000244140625,80.83999633789062,81.4000015258789,81.30000305175781,4853000.0,52.915138244628906
2005-08-18,82.0,80.80000305175781,81.0999984741211,81.1500015258789,3713300.0,52.8175048828125
2005-08-19,83.30000305175781,81.36000061035156,81.36000061035156,82.76000213623047,6481000.0,53.865413665771484
2005-08-22,83.3499984741211,81.8499984741211,82.75,82.5999984741211,5157200.0,53.761253356933594
2005-08-23,83.13999938964844,81.5999984741211,82.69999694824219,82.02999877929688,4000300.0,53.39027404785156
2005-08-24,82.4000015258789,81.2300033569336,81.52999877929688,81.31999969482422,4417600.0,52.92814636230469
2005-08-25,81.44999694824219,80.72000122070312,81.44999694824219,81.0999984741211,3606100.0,52.784969329833984
2005-08-26,81.0199966430664,80.26000213623047,80.80999755859375,80.37999725341797,5029300.0,52.31634521484375
2005-08-29,81.75,79.9000015258789,80.0,81.33999633789062,4025300.0,52.941139221191406
2005-08-30,81.0,79.9800033569336,81.0,80.54000091552734,5674200.0,52.42049026489258
2005-08-31,80.79000091552734,79.87000274658203,80.3499984741211,80.62000274658203,5400800.0,52.47254943847656
2005-09-01,80.31999969482422,79.33999633789062,80.16000366210938,79.54000091552734,6390600.0,51.76960372924805
2005-09-02,80.01000213623047,79.45999908447266,79.5,79.45999908447266,3680600.0,51.71754455566406
2005-09-06,81.19000244140625,79.69999694824219,79.69999694824219,81.0199966430664,6305500.0,52.73287582397461
2005-09-07,81.12999725341797,80.31999969482422,80.69999694824219,80.9800033569336,4116300.0,52.70685577392578
2005-09-08,81.5199966430664,80.5,81.27999877929688,80.80000305175781,4277300.0,52.58970642089844
2005-09-09,81.48999786376953,80.5199966430664,80.86000061035156,81.44000244140625,3982200.0,53.006263732910156
2005-09-12,82.11000061035156,81.0,81.02999877929688,81.4800033569336,3692800.0,53.03228759765625
2005-09-13,81.48999786376953,80.5199966430664,81.48999786376953,80.75,5040900.0,52.557151794433594
2005-09-14,81.4000015258789,80.41999816894531,80.75,80.4800033569336,3887700.0,52.38142395019531
2005-09-15,80.6500015258789,79.66999816894531,80.43000030517578,80.01000213623047,4864100.0,52.075531005859375
2005-09-16,80.5,79.83000183105469,80.37999725341797,80.33000183105469,7624900.0,52.28379440307617
2005-09-19,79.9800033569336,79.01000213623047,79.73999786376953,79.43000030517578,5148500.0,51.69801330566406
2005-09-20,79.6500015258789,78.62999725341797,79.2699966430664,78.69999694824219,7122300.0,51.222900390625
2005-09-21,78.45999908447266,77.37000274658203,78.0,77.55999755859375,7126000.0,50.480892181396484
2005-09-22,78.5,77.30000305175781,77.55999755859375,78.20999908447266,6870400.0,50.90398025512695
2005-09-23,78.11000061035156,77.5,77.69999694824219,78.0,5434600.0,50.767295837402344
2005-09-26,78.41000366210938,76.93000030517578,78.30999755859375,77.41000366210938,5433200.0,50.38328170776367
2005-09-27,78.5999984741211,77.16000366210938,77.16999816894531,77.98999786376953,5499600.0,50.76077651977539
2005-09-28,79.7300033569336,78.05999755859375,78.05999755859375,79.5,7747700.0,51.74357986450195
2005-09-29,80.55000305175781,78.87000274658203,79.25,80.36000061035156,5899700.0,52.3033561706543
2005-09-30,80.5,79.97000122070312,80.0199966430664,80.22000122070312,5536500.0,52.21220397949219
2005-10-03,80.5999984741211,79.5,80.22000122070312,80.44999694824219,5297600.0,52.36190414428711
2005-10-04,81.47000122070312,79.93000030517578,80.6500015258789,80.11000061035156,6365100.0,52.140621185302734
2005-10-05,80.68000030517578,79.55999755859375,80.11000061035156,79.81999969482422,4998800.0,51.95185089111328
2005-10-06,80.2699966430664,78.69999694824219,79.81999969482422,79.69999694824219,8130200.0,51.87376022338867
2005-10-07,81.12000274658203,80.08999633789062,80.25,80.5,6130100.0,52.394447326660156
2005-10-10,82.0999984741211,81.08000183105469,81.23999786376953,81.25,7882900.0,52.882598876953125
2005-10-11,83.5199966430664,81.97000122070312,82.25,83.19000244140625,9781300.0,54.14527130126953
2005-10-12,82.93000030517578,81.94999694824219,82.75,82.19000244140625,7580800.0,53.49440383911133
2005-10-13,83.19999694824219,81.69999694824219,81.69999694824219,82.19999694824219,5530600.0,53.50090789794922
2005-10-14,82.70999908447266,81.5999984741211,82.5999984741211,82.3499984741211,5573700.0,53.59852981567383
2005-10-17,82.98999786376953,81.93000030517578,82.36000061035156,82.58999633789062,7964800.0,53.75474166870117
2005-10-18,84.5999984741211,83.3499984741211,84.33000183105469,83.4800033569336,12045300.0,54.334007263183594
2005-10-19,84.19999694824219,82.37999725341797,82.41000366210938,84.16999816894531,7502600.0,54.783119201660156
2005-10-20,84.19000244140625,82.87999725341797,84.0,83.16999816894531,5752700.0,54.13225555419922
2005-10-21,84.0,82.91000366210938,83.08000183105469,83.33000183105469,6020700.0,54.23638153076172
2005-10-24,83.61000061035156,82.5999984741211,83.1500015258789,83.47000122070312,5482200.0,54.3275032043457
2005-10-25,83.94999694824219,82.70999908447266,83.08000183105469,83.36000061035156,5393300.0,54.25591278076172
2005-10-26,83.87000274658203,82.72000122070312,82.97000122070312,82.88999938964844,4270800.0,53.95000457763672
2005-10-27,82.93000030517578,82.25,82.52999877929688,82.30999755859375,3705800.0,53.5724983215332
2005-10-28,82.43000030517578,80.5,82.31999969482422,81.41999816894531,6941300.0,52.993247985839844
2005-10-31,82.30000305175781,81.30000305175781,81.51000213623047,81.87999725341797,7531200.0,53.292633056640625
2005-11-01,82.1500015258789,81.29000091552734,81.8499984741211,81.58999633789062,5653100.0,53.10389709472656
2005-11-02,81.88999938964844,80.63999938964844,81.19999694824219,81.05999755859375,6447400.0,52.75892639160156
2005-11-03,83.02999877929688,81.30999755859375,81.55000305175781,82.87000274658203,7690900.0,53.93699264526367
2005-11-04,83.30000305175781,82.6500015258789,82.91000366210938,83.0,3831400.0,54.0216178894043
2005-11-07,83.8499984741211,83.06999969482422,83.0999984741211,83.61000061035156,4455100.0,54.41862869262695
2005-11-08,83.9000015258789,83.11000061035156,83.41000366210938,83.1500015258789,3798000.0,54.249000549316406
2005-11-09,83.33000183105469,82.48999786376953,82.70999908447266,82.83999633789062,3936200.0,54.046749114990234
2005-11-10,84.30000305175781,82.30000305175781,82.69999694824219,83.98999786376953,4732000.0,54.79702377319336
2005-11-11,84.83999633789062,84.1500015258789,84.19999694824219,84.55000305175781,4841300.0,55.16239929199219
2005-11-14,85.0,84.11000061035156,84.25,84.36000061035156,3915300.0,55.03842544555664
2005-11-15,85.9000015258789,84.02999877929688,84.02999877929688,85.52999877929688,6830800.0,55.8017578125
2005-11-16,86.58000183105469,85.38999938964844,85.44999694824219,86.54000091552734,6694100.0,56.46073532104492
2005-11-17,86.9800033569336,85.76000213623047,86.18000030517578,86.88999938964844,5293600.0,56.68904113769531
2005-11-18,88.0,87.16999816894531,88.0,87.7699966430664,7985800.0,57.26320266723633
2005-11-21,87.87000274658203,87.01000213623047,87.5999984741211,87.29000091552734,4807900.0,56.95003128051758
2005-11-22,88.08000183105469,86.87999725341797,86.87999725341797,87.98999786376953,5786600.0,57.40669250488281
2005-11-23,89.38999938964844,87.94999694824219,88.12000274658203,88.80000305175781,5399300.0,57.93521499633789
2005-11-25,89.31999969482422,88.62000274658203,88.94999694824219,88.80000305175781,2199300.0,57.93521499633789
2005-11-28,89.43000030517578,88.75,88.80000305175781,89.11000061035156,5197900.0,58.13742446899414
2005-11-29,89.94000244140625,89.0199966430664,89.18000030517578,89.0999984741211,5147000.0,58.13092041015625
2005-11-30,89.63999938964844,88.7300033569336,89.05000305175781,88.9000015258789,6021500.0,58.00044250488281
2005-12-01,89.73999786376953,89.05000305175781,89.1500015258789,89.20999908447266,4668500.0,58.20267868041992
2005-12-02,89.1500015258789,88.36000061035156,89.0,88.6500015258789,4730500.0,57.83732223510742
2005-12-05,88.6500015258789,87.70999908447266,88.4000015258789,88.43000030517578,4023600.0,57.69379425048828
2005-12-06,89.83999633789062,88.55999755859375,88.55999755859375,89.13999938964844,4871500.0,58.157012939453125
2005-12-07,89.91999816894531,88.44999694824219,89.0,88.72000122070312,5284000.0,57.88298797607422
2005-12-08,88.91000366210938,86.66999816894531,88.56999969482422,87.5,5787000.0,57.087039947509766
2005-12-09,87.0999984741211,86.33000183105469,86.80000305175781,86.97000122070312,6461800.0,56.74123764038086
2005-12-12,87.3499984741211,85.76000213623047,87.01000213623047,85.95999908447266,6044100.0,56.08229064941406
2005-12-13,84.9000015258789,83.5,84.5,83.70999908447266,12545300.0,54.6143684387207
2005-12-14,83.94999694824219,82.94999694824219,83.6500015258789,83.12999725341797,7161800.0,54.23594284057617
2005-12-15,83.62999725341797,82.75,82.87999725341797,83.52999877929688,6155900.0,54.49691390991211
2005-12-16,84.0,83.0,83.88999938964844,83.37000274658203,7398200.0,54.39253234863281
2005-12-19,83.5999984741211,82.6500015258789,83.2300033569336,82.76000213623047,4985400.0,53.99456787109375
2005-12-20,83.0999984741211,82.05999755859375,82.94999694824219,82.4800033569336,5276200.0,53.8118782043457
2005-12-21,84.0,82.45999908447266,82.45999908447266,83.12000274658203,6846800.0,54.229427337646484
2005-12-22,83.2300033569336,82.30000305175781,82.61000061035156,83.22000122070312,6573600.0,54.2946891784668
2005-12-23,84.19999694824219,83.38999938964844,84.0,83.4800033569336,3616200.0,54.464290618896484
2005-12-27,84.5,82.88999938964844,83.4800033569336,82.98999786376953,4377800.0,54.144588470458984
2005-12-28,83.56999969482422,82.80000305175781,83.0999984741211,83.04000091552734,3836800.0,54.17723846435547
2005-12-29,83.05999755859375,82.22000122070312,82.80000305175781,82.4000015258789,3958400.0,53.75968551635742
2005-12-30,82.48999786376953,81.55999755859375,81.8499984741211,82.19999694824219,5449000.0,53.62919998168945
2006-01-03,82.55000305175781,80.80999755859375,82.44999694824219,82.05999755859375,11715100.0,53.53785705566406
2006-01-04,82.5,81.33000183105469,82.19999694824219,81.94999694824219,9832800.0,53.46607971191406
2006-01-05,82.9000015258789,81.25,81.4000015258789,82.5,7213400.0,53.82493591308594
2006-01-06,85.02999877929688,83.41000366210938,83.94999694824219,84.94999694824219,8196900.0,55.42335510253906
2006-01-09,84.25,83.37999725341797,83.9000015258789,83.7300033569336,6851100.0,54.62739181518555
2006-01-10,84.12000274658203,83.12000274658203,83.1500015258789,84.06999969482422,5700000.0,54.84922409057617
2006-01-11,84.80999755859375,83.4000015258789,84.37000274658203,84.16999816894531,5776400.0,54.91447067260742
2006-01-12,83.95999908447266,83.4000015258789,83.81999969482422,83.56999969482422,4924100.0,54.523006439208984
2006-01-13,83.44999694824219,82.5,83.0,83.16999816894531,6921600.0,54.26204299926758
2006-01-17,83.16000366210938,82.54000091552734,82.80000305175781,83.0,8718400.0,54.15114974975586
2006-01-18,84.69999694824219,83.5199966430664,84.0,83.80000305175781,10984800.0,54.67304611206055
2006-01-19,84.38999938964844,83.0199966430664,84.13999938964844,83.08999633789062,6483500.0,54.20985794067383
2006-01-20,83.05000305175781,81.25,83.04000091552734,81.36000061035156,8605800.0,53.08115005493164
2006-01-23,81.91999816894531,80.91999816894531,81.33000183105469,81.41000366210938,6114100.0,53.113800048828125
2006-01-24,82.1500015258789,80.80000305175781,81.38999938964844,80.8499984741211,6069000.0,52.7484130859375
2006-01-25,81.62000274658203,80.61000061035156,81.05000305175781,80.91000366210938,6374300.0,52.787567138671875
2006-01-26,81.6500015258789,80.58999633789062,81.5,80.72000122070312,7810200.0,52.663604736328125
2006-01-27,81.7699966430664,80.75,80.75,81.0199966430664,6103400.0,52.85932540893555
2006-01-30,81.80999755859375,80.20999908447266,80.20999908447266,81.62999725341797,5325100.0,53.25732421875
2006-01-31,82.0,81.16999816894531,81.5,81.30000305175781,6771600.0,53.042022705078125
2006-02-01,82.23999786376953,80.6500015258789,80.9000015258789,81.94000244140625,5419300.0,53.45957946777344
2006-02-02,81.58999633789062,80.9000015258789,81.44999694824219,81.2300033569336,6198000.0,52.996337890625
2006-02-03,80.7699966430664,79.72000122070312,80.55000305175781,79.97000122070312,9852000.0,52.17430114746094
2006-02-06,79.94999694824219,78.93000030517578,79.94000244140625,79.51000213623047,9568500.0,51.874183654785156
2006-02-07,80.19000244140625,79.30000305175781,79.5,79.8499984741211,5247300.0,52.09601974487305
2006-02-08,80.9000015258789,80.23999786376953,80.58000183105469,80.80000305175781,5029200.0,52.84817123413086
2006-02-09,80.80000305175781,79.5,80.4000015258789,80.4000015258789,7609200.0,52.586551666259766
2006-02-10,81.45999908447266,80.19999694824219,80.4000015258789,81.33000183105469,5371900.0,53.194820404052734
2006-02-13,81.91000366210938,80.18000030517578,81.33000183105469,80.44000244140625,5257400.0,52.61271667480469
2006-02-14,81.44999694824219,80.3499984741211,80.55000305175781,81.08999633789062,6075500.0,53.037864685058594
2006-02-15,81.5,80.5,80.86000061035156,80.8499984741211,5052000.0,52.88088607788086
2006-02-16,80.91000366210938,80.12999725341797,80.68000030517578,80.91000366210938,5310500.0,52.92010498046875
2006-02-17,81.02999877929688,80.12999725341797,80.91000366210938,80.70999908447266,5298800.0,52.789302825927734
2006-02-21,80.75,79.97000122070312,80.0999984741211,80.5,5838000.0,52.65196990966797
2006-02-22,81.6500015258789,79.97000122070312,80.0,81.3499984741211,5294300.0,53.2078971862793
2006-02-23,81.33999633789062,80.04000091552734,81.19999694824219,80.19999694824219,4979400.0,52.45574188232422
2006-02-24,80.6500015258789,79.8499984741211,80.6500015258789,80.0999984741211,3903200.0,52.39031219482422
2006-02-27,80.88999938964844,79.94999694824219,79.97000122070312,80.62999725341797,3787000.0,52.736976623535156
2006-02-28,80.55000305175781,79.70999908447266,80.0999984741211,80.23999786376953,5960700.0,52.481903076171875
2006-03-01,80.80999755859375,79.77999877929688,80.19999694824219,79.9000015258789,5172300.0,52.25951385498047
2006-03-02,80.20999908447266,79.54000091552734,79.55000305175781,79.94000244140625,4418800.0,52.285675048828125
2006-03-03,80.83000183105469,79.51000213623047,79.51000213623047,79.95999908447266,4354400.0,52.29875183105469
2006-03-06,80.63999938964844,79.9000015258789,79.91000366210938,80.0,4709500.0,52.32493209838867
2006-03-07,80.79000091552734,79.86000061035156,80.01000213623047,80.29000091552734,4330800.0,52.51460266113281
2006-03-08,81.5999984741211,80.25,80.25,81.13999938964844,5569900.0,53.070556640625
2006-03-09,81.9800033569336,80.80000305175781,81.26000213623047,81.0199966430664,4310700.0,52.99205780029297
2006-03-10,82.25,81.02999877929688,81.02999877929688,81.56999969482422,4787200.0,53.3517951965332
2006-03-13,82.4000015258789,81.44999694824219,81.55999755859375,81.93000030517578,4571400.0,53.587284088134766
2006-03-14,82.98999786376953,81.47000122070312,81.51000213623047,82.87999725341797,4518000.0,54.2086067199707
2006-03-15,83.76000213623047,82.63999938964844,82.6500015258789,83.37999725341797,5370400.0,54.53565979003906
2006-03-16,83.72000122070312,82.61000061035156,83.43000030517578,82.87000274658203,4299500.0,54.20207214355469
2006-03-17,83.41000366210938,82.81999969482422,83.3499984741211,83.30000305175781,6414400.0,54.48331832885742
2006-03-20,83.75,82.98999786376953,83.11000061035156,83.58000183105469,3870300.0,54.666473388671875
2006-03-21,84.98999786376953,83.58000183105469,83.81999969482422,83.80999755859375,7404300.0,54.8169059753418
2006-03-22,84.68000030517578,83.3499984741211,83.3499984741211,84.44999694824219,4968600.0,55.235496520996094
2006-03-23,84.2699966430664,82.93000030517578,84.2300033569336,83.19999694824219,5105800.0,54.41792297363281
2006-03-24,83.72000122070312,82.98999786376953,82.98999786376953,83.36000061035156,4198800.0,54.52256774902344
2006-03-27,83.26000213623047,82.58000183105469,82.9800033569336,83.08000183105469,3910100.0,54.339412689208984
2006-03-28,83.38999938964844,82.29000091552734,82.86000061035156,82.43000030517578,4508600.0,53.914276123046875
2006-03-29,83.55000305175781,82.19999694824219,82.19999694824219,83.12999725341797,4392100.0,54.37213134765625
2006-03-30,83.69999694824219,82.83000183105469,82.87999725341797,83.19999694824219,4467000.0,54.41792297363281
2006-03-31,83.5999984741211,82.29000091552734,82.94999694824219,82.47000122070312,5862000.0,53.94043731689453
2006-04-03,83.58999633789062,82.6500015258789,82.72000122070312,83.05999755859375,4121600.0,54.326358795166016
2006-04-04,83.77999877929688,82.80000305175781,83.05000305175781,83.44999694824219,3853000.0,54.58145523071289
2006-04-05,84.44999694824219,83.31999969482422,83.33000183105469,84.16999816894531,5523900.0,55.05236053466797
2006-04-06,84.31999969482422,83.36000061035156,83.69999694824219,83.80999755859375,4944100.0,54.8169059753418
2006-04-07,83.80000305175781,82.44000244140625,83.5999984741211,82.4800033569336,5337500.0,53.94698715209961
2006-04-10,82.73999786376953,82.0,82.2699966430664,82.0999984741211,3627700.0,53.698448181152344
2006-04-11,82.05999755859375,80.75,81.83000183105469,81.16000366210938,5959700.0,53.08363723754883
2006-04-12,81.37000274658203,80.62999725341797,81.0999984741211,80.75,3905200.0,52.815460205078125
2006-04-13,82.5999984741211,81.12000274658203,81.18000030517578,81.9800033569336,4799700.0,53.61995315551758
2006-04-17,82.91999816894531,81.4000015258789,81.91999816894531,81.63999938964844,4634200.0,53.3975830078125
2006-04-18,83.52999877929688,81.69999694824219,81.88999938964844,83.30999755859375,7905800.0,54.48984909057617
2006-04-19,84.0,81.26000213623047,83.94999694824219,81.86000061035156,10554700.0,53.541473388671875
2006-04-20,82.8499984741211,81.63999938964844,81.6500015258789,82.0199966430664,6237200.0,53.6461296081543
2006-04-21,82.5,81.37999725341797,82.48999786376953,81.66000366210938,6117400.0,53.41065979003906
2006-04-24,82.41000366210938,81.0999984741211,81.30000305175781,82.11000061035156,6604100.0,53.70500564575195
2006-04-25,82.9000015258789,81.5999984741211,81.94999694824219,82.66999816894531,6856300.0,54.071266174316406
2006-04-26,83.4800033569336,82.70999908447266,82.83999633789062,83.3499984741211,6648800.0,54.516029357910156
2006-04-27,84.4000015258789,82.69999694824219,82.69999694824219,83.87999725341797,8174300.0,54.8626708984375
2006-04-28,83.62000274658203,81.9800033569336,83.51000213623047,82.33999633789062,8201800.0,53.85542678833008
2006-05-01,83.30999755859375,82.0999984741211,82.58999633789062,82.2300033569336,6011100.0,53.78347396850586
2006-05-02,82.73999786376953,82.0,82.11000061035156,82.41999816894531,4336400.0,53.90774154663086
2006-05-03,83.29000091552734,82.44999694824219,82.54000091552734,82.69999694824219,5721100.0,54.09089279174805
2006-05-04,83.08999633789062,82.4000015258789,82.87000274658203,82.43000030517578,3966900.0,53.914276123046875
2006-05-05,83.33999633789062,82.69999694824219,82.94999694824219,83.27999877929688,4504500.0,54.470245361328125
2006-05-08,83.22000122070312,82.30000305175781,82.5999984741211,82.88999938964844,3856500.0,54.41116714477539
2006-05-09,83.29000091552734,82.41000366210938,82.48999786376953,83.2300033569336,4072800.0,54.63435745239258
2006-05-10,83.33000183105469,82.5999984741211,82.9000015258789,82.9000015258789,3430400.0,54.417720794677734
2006-05-11,83.08999633789062,82.44999694824219,82.6500015258789,82.45999908447266,5274500.0,54.12887954711914
2006-05-12,83.69000244140625,82.30000305175781,82.47000122070312,82.38999938964844,5685700.0,54.08294677734375
2006-05-15,83.1500015258789,81.80000305175781,81.80000305175781,82.88999938964844,5776400.0,54.41116714477539
2006-05-16,83.25,82.06999969482422,83.0,82.16000366210938,4454800.0,53.931983947753906
2006-05-17,82.20999908447266,81.0199966430664,81.75,81.2699966430664,5936000.0,53.347747802734375
2006-05-18,81.3499984741211,80.02999877929688,80.5,80.66000366210938,5443600.0,52.94733810424805
2006-05-19,81.0,79.51000213623047,80.86000061035156,80.27999877929688,7019100.0,52.69789505004883
2006-05-22,80.33999633789062,79.4000015258789,79.83000183105469,80.0199966430664,6250900.0,52.5272102355957
2006-05-23,81.30000305175781,79.63999938964844,80.25,79.83000183105469,5006400.0,52.402503967285156
2006-05-24,80.04000091552734,79.05999755859375,79.3499984741211,79.77999877929688,7389600.0,52.36968231201172
2006-05-25,80.18000030517578,79.6500015258789,79.88999938964844,80.13999938964844,3995000.0,52.605995178222656
2006-05-26,80.86000061035156,79.69999694824219,80.16000366210938,80.75,3580800.0,53.006404876708984
2006-05-30,80.95999908447266,80.1500015258789,80.3499984741211,80.16000366210938,5049100.0,52.619117736816406
2006-05-31,80.83000183105469,79.61000061035156,80.1500015258789,79.9000015258789,6384900.0,52.448448181152344
2006-06-01,80.87000274658203,79.80999755859375,79.88999938964844,80.69000244140625,4866500.0,52.96701431274414
2006-06-02,80.55999755859375,79.1500015258789,80.5,79.5199966430664,7232300.0,52.199012756347656
2006-06-05,80.04000091552734,79.01000213623047,79.0999984741211,79.05999755859375,5555800.0,51.89704895019531
2006-06-06,79.9000015258789,78.5,79.05999755859375,79.76000213623047,7250600.0,52.3565559387207
2006-06-07,80.73999786376953,79.12000274658203,79.77999877929688,79.1500015258789,7924800.0,51.95612335205078
2006-06-08,79.58000183105469,76.75,78.55000305175781,77.02999877929688,13474400.0,50.56449890136719
2006-06-09,78.0999984741211,77.05000305175781,77.23999786376953,77.62999725341797,6135400.0,50.9583625793457
2006-06-12,78.08999633789062,77.01000213623047,77.62999725341797,77.0199966430664,4924900.0,50.557952880859375
2006-06-13,77.93000030517578,76.81999969482422,77.13999938964844,76.93000030517578,7374100.0,50.49886703491211
2006-06-14,77.8499984741211,76.93000030517578,76.93000030517578,77.70999908447266,6038600.0,51.01087951660156
2006-06-15,78.77999877929688,76.94999694824219,77.8499984741211,78.55999755859375,6679400.0,51.5688362121582
2006-06-16,78.52999877929688,77.56999969482422,78.44000244140625,77.94999694824219,8133500.0,51.168399810791016
2006-06-19,78.30000305175781,77.33999633789062,77.9000015258789,77.66999816894531,5302100.0,50.98463439941406
2006-06-20,78.30000305175781,77.25,77.83999633789062,77.98999786376953,6124500.0,51.194671630859375
2006-06-21,78.55999755859375,77.9800033569336,77.98999786376953,78.30000305175781,5559100.0,51.39818572998047
2006-06-22,78.37000274658203,77.0,78.16000366210938,77.19000244140625,5563700.0,50.6695671081543
2006-06-23,77.83999633789062,76.94000244140625,77.1500015258789,77.0999984741211,4520600.0,50.610469818115234
2006-06-26,77.5199966430664,76.80000305175781,77.04000091552734,77.1500015258789,3448000.0,50.643272399902344
2006-06-27,77.5999984741211,76.31999969482422,77.31999969482422,76.62999725341797,5596800.0,50.30193328857422
2006-06-28,76.5999984741211,76.05999755859375,76.52999877929688,76.55999755859375,4392100.0,50.2559814453125
2006-06-29,77.80000305175781,76.55999755859375,76.88999938964844,77.58999633789062,5448900.0,50.932098388671875
2006-06-30,77.93000030517578,76.79000091552734,77.69999694824219,76.81999969482422,7911700.0,50.426666259765625
2006-07-03,78.2699966430664,77.2699966430664,77.54000091552734,78.0199966430664,3177300.0,51.2143669128418
2006-07-05,78.38999938964844,77.5199966430664,78.0,77.7699966430664,4047800.0,51.050262451171875
2006-07-06,78.52999877929688,77.56999969482422,77.58999633789062,78.08999633789062,4333100.0,51.26032638549805
2006-07-07,78.08999633789062,76.12000274658203,78.08999633789062,76.41999816894531,6641600.0,50.16409683227539
2006-07-10,76.83000183105469,75.87000274658203,76.18000030517578,76.66999816894531,7154700.0,50.328189849853516
2006-07-11,76.6500015258789,75.44000244140625,76.25,76.47000122070312,6086500.0,50.1969108581543
2006-07-12,76.30000305175781,74.81999969482422,76.06999969482422,75.4800033569336,8372100.0,49.54705810546875
2006-07-13,75.27999877929688,73.83000183105469,75.01000213623047,74.23999786376953,8754700.0,48.73308563232422
2006-07-14,74.30000305175781,73.37000274658203,74.23999786376953,73.56999969482422,6957800.0,48.29326629638672
2006-07-17,73.94000244140625,73.19999694824219,73.3499984741211,73.69999694824219,6822700.0,48.37862014770508
2006-07-18,74.41999816894531,72.7300033569336,73.69999694824219,74.26000213623047,8667500.0,48.74620819091797
2006-07-19,77.05999755859375,76.0,76.0,76.06999969482422,14536900.0,49.9343376159668
2006-07-20,75.87999725341797,75.19999694824219,75.7300033569336,75.4800033569336,12214900.0,49.54705810546875
2006-07-21,75.5,74.5,75.48999786376953,74.86000061035156,8372500.0,49.140071868896484
2006-07-24,76.1500015258789,74.91999816894531,74.91999816894531,75.98999786376953,5611200.0,49.8818244934082
2006-07-25,76.41000366210938,75.30999755859375,75.98999786376953,75.88999938964844,5580300.0,49.816192626953125
2006-07-26,76.30000305175781,75.36000061035156,75.4800033569336,75.83000183105469,3870100.0,49.776798248291016
2006-07-27,77.29000091552734,75.75,75.83000183105469,76.1500015258789,6439100.0,49.98686599731445
2006-07-28,77.30000305175781,76.26000213623047,76.37999725341797,76.95999908447266,4165700.0,50.5185546875
2006-07-31,77.5,76.1500015258789,76.44000244140625,77.41000366210938,5381800.0,50.81396484375
2006-08-01,77.37999725341797,75.75,76.6500015258789,76.13999938964844,4406700.0,49.980281829833984
2006-08-02,76.93000030517578,76.19999694824219,76.20999908447266,76.31999969482422,3283800.0,50.098445892333984
2006-08-03,76.7300033569336,75.4000015258789,76.0,76.33000183105469,2765800.0,50.105010986328125
2006-08-04,76.7699966430664,75.31999969482422,76.6500015258789,75.91000366210938,5062400.0,49.82931900024414
2006-08-07,76.19999694824219,75.27999877929688,75.62999725341797,75.5199966430664,3870200.0,49.57331466674805
2006-08-08,76.26000213623047,75.11000061035156,75.62999725341797,75.33000183105469,3794700.0,49.645790100097656
2006-08-09,76.27999877929688,75.38999938964844,75.55999755859375,75.38999938964844,4480400.0,49.68534469604492
2006-08-10,76.08000183105469,75.05000305175781,75.19999694824219,75.73999786376953,3213600.0,49.916011810302734
2006-08-11,75.77999877929688,75.19999694824219,75.33999633789062,75.4800033569336,3695800.0,49.74467086791992
2006-08-14,77.48999786376953,75.5999984741211,76.05000305175781,76.68000030517578,4997400.0,50.53550720214844
2006-08-15,77.13999938964844,76.30999755859375,76.9000015258789,77.08000183105469,5985400.0,50.799129486083984
2006-08-16,79.27999877929688,77.3499984741211,77.4800033569336,79.08999633789062,7386500.0,52.12382888793945
2006-08-17,79.55999755859375,78.52999877929688,78.93000030517578,79.37000274658203,5535400.0,52.3083381652832
2006-08-18,79.97000122070312,78.62999725341797,79.37999725341797,79.9000015258789,5399200.0,52.65762710571289
2006-08-21,79.87999725341797,78.87000274658203,79.51000213623047,79.27999877929688,3676500.0,52.24903869628906
2006-08-22,79.55000305175781,78.61000061035156,79.27999877929688,78.94999694824219,4057200.0,52.03153610229492
2006-08-23,79.47000122070312,78.41999816894531,78.94999694824219,78.66999816894531,3425700.0,51.84699630737305
2006-08-24,79.5,78.87000274658203,78.9000015258789,79.37999725341797,3473300.0,52.31493377685547
2006-08-25,80.0,79.13999938964844,79.19999694824219,79.87999725341797,3427400.0,52.64445877075195
2006-08-28,80.47000122070312,79.76000213623047,79.91000366210938,80.31999969482422,5259400.0,52.93442916870117
2006-08-29,81.4800033569336,80.05999755859375,80.05999755859375,81.4000015258789,5208500.0,53.646209716796875
2006-08-30,81.68000030517578,80.83999633789062,81.26000213623047,81.22000122070312,4688800.0,53.527587890625
2006-08-31,81.5,80.77999877929688,81.30000305175781,80.97000122070312,3786200.0,53.36280822753906
2006-09-01,81.56999969482422,80.80999755859375,81.12999725341797,81.41000366210938,3294000.0,53.65279769897461
2006-09-05,81.54000091552734,80.5999984741211,81.19000244140625,80.8499984741211,3968500.0,53.28372573852539
2006-09-06,80.69000244140625,80.16999816894531,80.29000091552734,80.27999877929688,3727600.0,52.908077239990234
2006-09-07,80.37999725341797,79.30999755859375,79.9000015258789,79.4000015258789,3913300.0,52.32810974121094
2006-09-08,80.86000061035156,79.3499984741211,79.5999984741211,80.66000366210938,4498600.0,53.15850830078125
2006-09-11,81.19999694824219,80.25,80.5999984741211,80.93000030517578,4314300.0,53.33647155761719
2006-09-12,82.5,81.05999755859375,81.13999938964844,82.27999877929688,5722200.0,54.22616195678711
2006-09-13,82.69999694824219,81.83999633789062,82.25,82.20999908447266,4920200.0,54.18003845214844
2006-09-14,83.0,81.73999786376953,81.9000015258789,82.47000122070312,4265300.0,54.351402282714844
2006-09-15,83.58999633789062,82.79000091552734,83.20999908447266,82.94000244140625,8203800.0,54.66112518310547
2006-09-18,83.20999908447266,82.16999816894531,82.55999755859375,82.23999786376953,4417600.0,54.19978332519531
2006-09-19,82.08999633789062,81.41999816894531,81.97000122070312,81.87000274658203,5088600.0,53.95595932006836
2006-09-20,83.79000091552734,82.19999694824219,82.37000274658203,83.41999816894531,7524600.0,54.97746276855469
2006-09-21,83.25,81.3499984741211,82.61000061035156,81.61000061035156,8909000.0,53.784610748291016
2006-09-22,82.12000274658203,81.01000213623047,81.75,81.20999908447266,4350200.0,53.52098846435547
2006-09-25,82.27999877929688,81.27999877929688,81.6500015258789,82.0,5683000.0,54.04163360595703
2006-09-26,82.66000366210938,81.69999694824219,81.9000015258789,82.5,4731800.0,54.371158599853516
2006-09-27,82.66999816894531,81.70999908447266,82.0,82.08999633789062,5880500.0,54.100929260253906
2006-09-28,82.3499984741211,81.72000122070312,81.8499984741211,81.98999786376953,4592300.0,54.035037994384766
2006-09-29,82.79000091552734,81.7699966430664,81.9000015258789,81.94000244140625,4770700.0,54.0020751953125
2006-10-02,82.47000122070312,81.58000183105469,81.76000213623047,81.87000274658203,4483300.0,53.95595932006836
2006-10-03,82.26000213623047,81.55999755859375,81.87999725341797,81.6500015258789,4838500.0,53.81095886230469
2006-10-04,83.25,81.62999725341797,81.6500015258789,83.0999984741211,6119300.0,54.76655960083008
2006-10-05,83.20999908447266,82.5999984741211,82.80999755859375,82.91999816894531,4956600.0,54.6479377746582
2006-10-06,83.77999877929688,82.5,82.93000030517578,83.13999938964844,5340900.0,54.79294204711914
2006-10-09,84.08000183105469,83.0,83.13999938964844,84.0,4490200.0,55.359718322753906
2006-10-10,84.62999725341797,83.55999755859375,83.70999908447266,84.19000244140625,4712900.0,55.48492431640625
2006-10-11,84.69000244140625,83.79000091552734,84.1500015258789,84.19000244140625,5210600.0,55.48492431640625
2006-10-12,84.9000015258789,84.0999984741211,84.19999694824219,84.69999694824219,4661700.0,55.82105255126953
2006-10-13,86.20999908447266,84.44000244140625,84.44999694824219,86.08000183105469,7788600.0,56.73051071166992
2006-10-16,87.5999984741211,85.75,86.08000183105469,86.70999908447266,8633100.0,57.14571762084961
2006-10-17,87.94000244140625,86.22000122070312,86.33000183105469,86.94999694824219,13295500.0,57.30388641357422
2006-10-18,92.04000091552734,89.7300033569336,90.51000213623047,89.81999969482422,27875200.0,59.19535446166992
2006-10-19,90.9800033569336,89.30999755859375,89.80000305175781,89.86000061035156,10671400.0,59.22169494628906
2006-10-20,90.69999694824219,89.55000305175781,90.04000091552734,90.4800033569336,7390900.0,59.63032913208008
2006-10-23,92.0,90.01000213623047,90.05000305175781,91.55999755859375,8862300.0,60.34210968017578
2006-10-24,91.94999694824219,90.80000305175781,90.91000366210938,91.48999786376953,9222300.0,60.29596710205078
2006-10-25,91.98999786376953,90.94000244140625,91.20999908447266,91.83000183105469,6122100.0,60.52003860473633
2006-10-26,91.93000030517578,91.25,91.83000183105469,91.54000091552734,4990300.0,60.32890319824219
2006-10-27,91.88999938964844,90.58000183105469,90.91000366210938,90.76000213623047,5840300.0,59.81486129760742
2006-10-30,92.0,89.80000305175781,89.80000305175781,91.5,5594000.0,60.30254364013672
2006-10-31,92.68000030517578,91.5,91.5,92.33000183105469,9267300.0,60.84955978393555
2006-11-01,92.68000030517578,91.5,92.5,91.80000305175781,5845700.0,60.50025939941406
2006-11-02,91.94999694824219,91.25,91.80000305175781,91.68000030517578,4895100.0,60.42116928100586
2006-11-03,92.33999633789062,91.18000030517578,91.76000213623047,91.41000366210938,4506400.0,60.243228912353516
2006-11-06,92.73999786376953,91.5,91.5,92.5999984741211,6240600.0,61.02750015258789
2006-11-07,93.4000015258789,92.41000366210938,92.41999816894531,92.75,7305200.0,61.12633514404297
2006-11-08,92.91999816894531,92.01000213623047,92.25,92.58999633789062,6022200.0,61.218929290771484
2006-11-09,93.19000244140625,92.37000274658203,92.58999633789062,92.41999816894531,4518900.0,61.10652160644531
2006-11-10,92.3499984741211,91.62999725341797,92.30000305175781,91.76000213623047,5369600.0,60.67012405395508
2006-11-13,92.43000030517578,91.41000366210938,91.55000305175781,92.06999969482422,4358300.0,60.87510681152344
2006-11-14,93.29000091552734,91.6500015258789,92.0,93.29000091552734,5873000.0,61.68174743652344
2006-11-15,93.27999877929688,92.54000091552734,93.08000183105469,93.11000061035156,4172800.0,61.5627326965332
2006-11-16,93.5999984741211,92.5999984741211,93.06999969482422,93.47000122070312,4171500.0,61.80075454711914
2006-11-17,94.05000305175781,93.30999755859375,93.41999816894531,93.80999755859375,5251000.0,62.02555847167969
2006-11-20,93.80000305175781,93.01000213623047,93.5999984741211,93.25,5010600.0,61.65530014038086
2006-11-21,93.43000030517578,92.8499984741211,93.01000213623047,93.08000183105469,3067800.0,61.54290008544922
2006-11-22,93.73999786376953,92.80000305175781,92.9000015258789,93.5199966430664,3351700.0,61.83381652832031
2006-11-24,93.75,92.9800033569336,93.05000305175781,93.3499984741211,2129800.0,61.72142791748047
2006-11-27,93.23999786376953,91.12000274658203,92.70999908447266,91.44999694824219,6284000.0,60.465152740478516
2006-11-28,91.56999969482422,90.43000030517578,90.6500015258789,91.3499984741211,4962100.0,60.3990592956543
2006-11-29,91.66000366210938,91.01000213623047,91.3499984741211,91.5199966430664,4623000.0,60.511451721191406
2006-11-30,92.4800033569336,91.25,91.3499984741211,91.91999816894531,6470700.0,60.77592849731445
2006-12-01,91.91000366210938,90.55000305175781,91.9000015258789,91.25,5445400.0,60.33292770385742
2006-12-04,93.94999694824219,92.25,92.5,93.51000213623047,7507900.0,61.827213287353516
2006-12-05,94.63999938964844,93.44000244140625,93.51000213623047,94.4800033569336,6886200.0,62.468544006347656
2006-12-06,94.87000274658203,94.01000213623047,94.4800033569336,94.12000274658203,5947300.0,62.23051834106445
2006-12-07,94.43000030517578,93.55000305175781,94.0,94.2300033569336,4310800.0,62.30326843261719
2006-12-08,94.38999938964844,93.47000122070312,93.6500015258789,93.86000061035156,4140000.0,62.05862045288086
2006-12-11,94.3499984741211,93.55999755859375,93.72000122070312,93.63999938964844,3459200.0,61.913169860839844
2006-12-12,94.8499984741211,93.30000305175781,93.5999984741211,94.12000274658203,7783800.0,62.23051834106445
2006-12-13,95.33000183105469,94.5,94.77999877929688,94.7699966430664,6441300.0,62.660301208496094
2006-12-14,95.72000122070312,94.54000091552734,94.97000122070312,95.36000061035156,4644100.0,63.05040740966797
2006-12-15,95.80000305175781,95.05000305175781,95.61000061035156,95.30000305175781,8086500.0,63.01070022583008
2006-12-18,96.16000366210938,94.80000305175781,94.94999694824219,95.44000244140625,7984900.0,63.10330581665039
2006-12-19,96.38999938964844,94.91000366210938,95.0999984741211,96.0,4933200.0,63.47354507446289
2006-12-20,96.5,95.69999694824219,96.0999984741211,96.0,3654600.0,63.47354507446289
2006-12-21,96.5,95.52999877929688,95.77999877929688,95.91000366210938,4405600.0,63.41404724121094
2006-12-22,95.9800033569336,95.23999786376953,95.75,95.25,3031500.0,62.9776725769043
2006-12-26,95.80999755859375,94.91999816894531,95.0,95.66000366210938,2278700.0,63.24874496459961
2006-12-27,97.2300033569336,96.2699966430664,96.30000305175781,97.19999694824219,4571600.0,64.26697540283203
2006-12-28,97.4000015258789,96.87000274658203,97.11000061035156,96.97000122070312,4501700.0,64.11491394042969
2006-12-29,97.87999725341797,96.83000183105469,97.0,97.1500015258789,4455900.0,64.23392486572266
2007-01-03,98.4000015258789,96.26000213623047,97.18000030517578,97.2699966430664,9196800.0,64.31324768066406
2007-01-04,98.79000091552734,96.87999725341797,97.25,98.30999755859375,10524500.0,65.00088500976562
2007-01-05,97.94999694824219,96.91000366210938,97.5999984741211,97.41999816894531,7221300.0,64.41241455078125
2007-01-08,99.5,98.3499984741211,98.5,98.9000015258789,10340000.0,65.39097595214844
2007-01-09,100.33000183105469,99.06999969482422,99.08000183105469,100.06999969482422,11108200.0,66.1645736694336
2007-01-10,99.05000305175781,97.93000030517578,98.5,98.88999938964844,8744800.0,65.3843994140625
2007-01-11,99.9000015258789,98.5,99.0,98.6500015258789,8000700.0,65.22570037841797
2007-01-12,99.69000244140625,98.5,98.98999786376953,99.33999633789062,6636500.0,65.68193054199219
2007-01-16,100.83999633789062,99.30000305175781,99.4000015258789,100.81999969482422,9602200.0,66.66043090820312
2007-01-17,100.9000015258789,99.9000015258789,100.69000244140625,100.0199966430664,8200700.0,66.13150787353516
2007-01-18,99.94999694824219,98.91000366210938,99.80000305175781,99.44999694824219,14636100.0,65.75464630126953
2007-01-19,96.8499984741211,94.55000305175781,95.0,96.16999816894531,26035800.0,63.585960388183594
2007-01-22,97.2300033569336,96.12000274658203,96.41999816894531,97.11000061035156,13539300.0,64.20746612548828
2007-01-23,97.37999725341797,96.19999694824219,96.91000366210938,97.08000183105469,10337400.0,64.18762969970703
2007-01-24,97.58000183105469,96.58000183105469,97.08000183105469,97.4000015258789,5700000.0,64.39920043945312
2007-01-25,97.91999816894531,97.22000122070312,97.22000122070312,97.51000213623047,6201300.0,64.47190856933594
2007-01-26,97.83000183105469,96.83999633789062,97.5199966430664,97.44999694824219,5771100.0,64.43224334716797
2007-01-29,98.66000366210938,97.44999694824219,97.69999694824219,98.54000091552734,7294800.0,65.1529541015625
2007-01-30,99.44999694824219,98.5,98.56999969482422,99.37000274658203,7177900.0,65.70172882080078
2007-01-31,99.4800033569336,98.3499984741211,98.80000305175781,99.1500015258789,6432600.0,65.5562744140625
2007-02-01,99.18000030517578,97.95999908447266,98.97000122070312,99.0,6610700.0,65.45709228515625
2007-02-02,99.7300033569336,98.87999725341797,99.0999984741211,99.16999816894531,6656300.0,65.56948852539062
2007-02-05,100.44000244140625,98.9000015258789,99.16999816894531,100.37999725341797,8184800.0,66.36954498291016
2007-02-06,100.4000015258789,99.54000091552734,100.0,99.8499984741211,6532800.0,66.01912689208984
2007-02-07,100.36000061035156,99.12000274658203,99.80000305175781,99.54000091552734,7698200.0,66.01248931884766
2007-02-08,99.73999786376953,98.6500015258789,98.9000015258789,99.62000274658203,6152200.0,66.06553649902344
2007-02-09,99.69999694824219,97.80999755859375,99.5199966430664,98.55000305175781,6100400.0,65.35594940185547
2007-02-12,99.19999694824219,98.22000122070312,98.80000305175781,98.58000183105469,5331000.0,65.37580871582031
2007-02-13,98.73999786376953,97.80000305175781,98.5999984741211,98.29000091552734,5702800.0,65.18352508544922
2007-02-14,99.43000030517578,98.25,98.5,99.19999694824219,5644800.0,65.78700256347656
2007-02-15,99.5199966430664,98.4800033569336,99.05999755859375,98.91999816894531,5568600.0,65.60128021240234
2007-02-16,99.25,98.62999725341797,99.12000274658203,98.98999786376953,4800700.0,65.647705078125
2007-02-20,99.45999908447266,98.55000305175781,98.66000366210938,99.3499984741211,4124200.0,65.886474609375
2007-02-21,99.37000274658203,98.69999694824219,98.9000015258789,99.08999633789062,4302400.0,65.71402740478516
2007-02-22,99.5,97.7699966430664,98.80000305175781,98.5,5900100.0,65.32279205322266
2007-02-23,98.44000244140625,97.41000366210938,98.4000015258789,97.7300033569336,6355800.0,64.81212615966797
2007-02-26,97.86000061035156,96.45999908447266,97.86000061035156,96.91000366210938,5922100.0,64.268310546875
2007-02-27,96.01000213623047,92.87999725341797,96.0,93.95999908447266,11996700.0,62.31194305419922
2007-02-28,94.08999633789062,92.47000122070312,93.70999908447266,92.94000244140625,12191600.0,61.635528564453125
2007-03-01,93.05000305175781,88.7699966430664,90.25,92.2699966430664,12865700.0,61.1911735534668
2007-03-02,92.37000274658203,90.83999633789062,92.0,90.9000015258789,9451300.0,60.28262710571289
2007-03-05,92.1500015258789,90.0999984741211,90.25,91.80999755859375,10314900.0,60.88612747192383
2007-03-06,93.88999938964844,92.26000213623047,92.4000015258789,93.80000305175781,9184200.0,62.205833435058594
2007-03-07,94.8499984741211,93.62000274658203,93.97000122070312,93.94000244140625,10269100.0,62.2986946105957
2007-03-08,94.81999969482422,92.5199966430664,94.5,93.0,7403900.0,61.67530059814453
2007-03-09,94.0,92.81999969482422,93.4800033569336,93.27999877929688,6333000.0,61.86098861694336
2007-03-12,94.16999816894531,92.97000122070312,93.29000091552734,94.11000061035156,5531300.0,62.41141128540039
2007-03-13,94.47000122070312,92.62000274658203,93.86000061035156,92.70999908447266,7539100.0,61.48298645019531
2007-03-14,94.02999877929688,92.0999984741211,92.6500015258789,93.76000213623047,8713900.0,62.179317474365234
2007-03-15,93.97000122070312,93.0999984741211,93.4000015258789,93.44999694824219,5910000.0,61.97371292114258
2007-03-16,94.44999694824219,93.0199966430664,94.44999694824219,93.25,8728700.0,61.84111785888672
2007-03-19,94.31999969482422,93.38999938964844,93.94999694824219,93.98999786376953,4568100.0,62.331825256347656
2007-03-20,94.52999877929688,93.55000305175781,94.0,94.5,4560000.0,62.670074462890625
2007-03-21,95.80999755859375,93.83000183105469,94.5,95.36000061035156,7665600.0,63.240413665771484
2007-03-22,95.44000244140625,94.6500015258789,95.0999984741211,95.19000244140625,5700400.0,63.127689361572266
2007-03-23,95.22000122070312,94.6500015258789,94.81999969482422,95.02999877929688,4412500.0,63.02154541015625
2007-03-26,95.25,94.31999969482422,95.0,95.0,6729400.0,63.00165557861328
2007-03-27,95.02999877929688,94.19999694824219,94.70999908447266,94.7300033569336,4695800.0,62.822608947753906
2007-03-28,95.0199966430664,93.80000305175781,93.9000015258789,94.26000213623047,8128000.0,62.51091384887695
2007-03-29,95.11000061035156,93.95999908447266,94.66000366210938,94.56999969482422,6851500.0,62.71648406982422
2007-03-30,94.75,93.56999969482422,94.23999786376953,94.26000213623047,7638100.0,62.51091384887695
2007-04-02,95.5,94.05999755859375,94.51000213623047,95.20999908447266,5883700.0,63.140907287597656
2007-04-03,96.2300033569336,95.33000183105469,95.44999694824219,96.0999984741211,5730800.0,63.73114776611328
2007-04-04,96.44999694824219,95.56999969482422,95.80000305175781,96.20999908447266,4276200.0,63.804080963134766
2007-04-05,96.75,95.75,95.9800033569336,96.5199966430664,3307100.0,64.0096664428711
2007-04-09,96.94000244140625,96.12000274658203,96.43000030517578,96.62000274658203,4850600.0,64.07601165771484
2007-04-10,96.80000305175781,96.16000366210938,96.4000015258789,96.45999908447266,3596400.0,63.96989822387695
2007-04-11,96.69999694824219,94.94999694824219,96.51000213623047,95.16000366210938,5936900.0,63.107757568359375
2007-04-12,95.81999969482422,94.52999877929688,95.02999877929688,95.66999816894531,7085300.0,63.44595718383789
2007-04-13,95.75,94.58999633789062,95.75,94.93000030517578,6027800.0,62.95524597167969
2007-04-16,96.30000305175781,94.72000122070312,94.98999786376953,96.18000030517578,6865100.0,63.78419494628906
2007-04-17,97.66000366210938,96.0199966430664,96.30000305175781,97.12000274658203,10264000.0,64.4075698852539
2007-04-18,95.91000366210938,94.4000015258789,94.80000305175781,94.80000305175781,15871700.0,62.869014739990234
2007-04-19,94.87000274658203,94.0,94.5,94.29000091552734,9445600.0,62.53081512451172
2007-04-20,95.1500015258789,93.91000366210938,95.0199966430664,94.58000183105469,9340300.0,62.72312545776367
2007-04-23,95.7300033569336,95.05000305175781,95.16000366210938,95.20999908447266,7247400.0,63.140907287597656
2007-04-24,99.9000015258789,97.2300033569336,97.2300033569336,98.48999786376953,21450700.0,65.31613159179688
2007-04-25,101.69999694824219,98.7300033569336,98.73999786376953,101.45999908447266,14827300.0,67.28578186035156
2007-04-26,101.5,100.20999908447266,101.0,100.9000015258789,8608500.0,66.91438293457031
2007-04-27,101.16999816894531,100.05999755859375,100.30000305175781,101.16999816894531,6141400.0,67.09342956542969
2007-04-30,103.0,100.97000122070312,101.11000061035156,102.20999908447266,10050400.0,67.78314208984375
2007-05-01,103.16999816894531,102.05000305175781,102.05999755859375,103.16999816894531,8670100.0,68.4198226928711
2007-05-02,103.13999938964844,102.12999725341797,102.80000305175781,102.22000122070312,6820300.0,67.78977966308594
2007-05-03,103.0,101.3499984741211,101.75,102.80000305175781,7302200.0,68.17439270019531
2007-05-04,103.02999877929688,102.25,102.75,102.95999908447266,5464800.0,68.28052520751953
2007-05-07,103.16999816894531,102.4000015258789,102.76000213623047,103.16000366210938,5620100.0,68.41316986083984
2007-05-08,103.38999938964844,102.20999908447266,102.41999816894531,103.29000091552734,5965000.0,68.76602935791016
2007-05-09,104.75,103.69999694824219,103.93000030517578,104.37999725341797,8408100.0,69.49172973632812
2007-05-10,105.11000061035156,103.70999908447266,103.81999969482422,104.68000030517578,8959800.0,69.69142150878906
2007-05-11,105.98999786376953,104.66999816894531,104.69000244140625,105.9800033569336,6026100.0,70.5569076538086
2007-05-14,106.25,104.79000091552734,105.80999755859375,105.56999969482422,5732600.0,70.28395080566406
2007-05-15,105.80000305175781,104.69999694824219,105.4000015258789,104.83000183105469,6104200.0,69.79126739501953
2007-05-16,105.88999938964844,104.52999877929688,105.0999984741211,105.87000274658203,5613500.0,70.48367309570312
2007-05-17,106.2300033569336,104.7300033569336,105.61000061035156,105.30999755859375,7706400.0,70.11083984375
2007-05-18,108.05000305175781,105.5999984741211,105.83999633789062,107.98999786376953,9857500.0,71.89505767822266
2007-05-21,108.0,106.87000274658203,107.66999816894531,107.04000091552734,7512200.0,71.2625961303711
2007-05-22,107.25,106.01000213623047,106.94999694824219,106.69999694824219,5313300.0,71.0362548828125
2007-05-23,107.0,105.25,106.80000305175781,105.58000183105469,4396900.0,70.2906265258789
2007-05-24,105.9800033569336,103.56999969482422,105.44999694824219,103.94999694824219,6926300.0,69.20543670654297
2007-05-25,105.43000030517578,103.8499984741211,103.9000015258789,105.18000030517578,6123000.0,70.0242691040039
2007-05-29,106.62999725341797,105.30000305175781,105.56999969482422,105.91000366210938,5420300.0,70.51029205322266
2007-05-30,107.0999984741211,105.20999908447266,105.4000015258789,106.93000030517578,7401000.0,71.18936157226562
2007-05-31,107.66999816894531,106.0,107.26000213623047,106.5999984741211,5097700.0,70.96966552734375
2007-06-01,107.23999786376953,106.0199966430664,106.62000274658203,106.54000091552734,5289200.0,70.92972564697266
2007-06-04,106.58999633789062,105.58000183105469,106.5,106.2300033569336,4569900.0,70.72332763671875
2007-06-05,106.55000305175781,105.54000091552734,106.55000305175781,105.83999633789062,5244200.0,70.46370697021484
2007-06-06,105.51000213623047,102.38999938964844,105.5,102.41000366210938,30770700.0,68.18017578125
2007-06-07,103.16999816894531,101.55999755859375,102.45999908447266,101.80000305175781,14384600.0,67.77403259277344
2007-06-08,103.20999908447266,101.75,101.80000305175781,103.06999969482422,8216300.0,68.61955261230469
2007-06-11,104.0,102.5,102.87000274658203,103.22000122070312,7903100.0,68.71941375732422
2007-06-12,103.18000030517578,102.1500015258789,103.11000061035156,102.33999633789062,5578400.0,68.13355255126953
2007-06-13,103.26000213623047,102.0999984741211,102.8499984741211,103.12000274658203,6437600.0,68.65284729003906
2007-06-14,104.23999786376953,102.80999755859375,103.0999984741211,103.8499984741211,5165600.0,69.13883209228516
2007-06-15,105.19000244140625,103.87999725341797,104.22000122070312,105.08999633789062,9432300.0,69.96438598632812
2007-06-18,105.6500015258789,104.88999938964844,105.2699966430664,105.33000183105469,6359200.0,70.1241683959961
2007-06-19,106.66000366210938,104.9000015258789,104.93000030517578,106.5,5754000.0,70.90309143066406
2007-06-20,107.0199966430664,105.94999694824219,106.5,106.0,6541500.0,70.5702133178711
2007-06-21,107.0,105.61000061035156,105.7699966430664,106.5999984741211,5587800.0,70.96966552734375
2007-06-22,106.44000244140625,104.44000244140625,105.95999908447266,104.44000244140625,10808500.0,69.53163146972656
2007-06-25,105.7699966430664,104.5,104.7300033569336,105.0999984741211,8476400.0,69.97102355957031
2007-06-26,106.05999755859375,104.81999969482422,105.0999984741211,105.33000183105469,5229600.0,70.1241683959961
2007-06-27,105.47000122070312,104.4000015258789,104.75,105.43000030517578,5403800.0,70.19073486328125
2007-06-28,106.91999816894531,105.22000122070312,105.5199966430664,105.94999694824219,5430900.0,70.53695678710938
2007-06-29,106.58000183105469,104.0999984741211,105.95999908447266,105.25,7018400.0,70.07088470458984
2007-07-02,105.80000305175781,104.58000183105469,105.38999938964844,105.01000213623047,4701300.0,69.91111755371094
2007-07-03,107.08000183105469,105.23999786376953,105.5,106.58000183105469,4217900.0,70.95634460449219
2007-07-05,108.38999938964844,105.9800033569336,106.30999755859375,108.05000305175781,6670900.0,71.9350357055664
2007-07-06,109.66000366210938,107.66000366210938,107.79000091552734,109.02999877929688,8977200.0,72.58744812011719
2007-07-09,109.3499984741211,108.19999694824219,108.7300033569336,108.97000122070312,6046300.0,72.54752349853516
2007-07-10,109.1500015258789,108.25,108.55000305175781,108.62999725341797,6209300.0,72.32117462158203
2007-07-11,109.5999984741211,108.25,108.30000305175781,109.0999984741211,5887800.0,72.63404846191406
2007-07-12,109.6500015258789,108.22000122070312,109.3499984741211,109.27999877929688,9544100.0,72.7538833618164
2007-07-13,109.19999694824219,108.0999984741211,108.75,108.5999984741211,7124100.0,72.30119323730469
2007-07-16,110.04000091552734,108.41999816894531,108.56999969482422,109.66000366210938,8864200.0,73.00692749023438
2007-07-17,111.47000122070312,109.44999694824219,109.66000366210938,110.7699966430664,7619900.0,73.74588012695312
2007-07-18,111.87999725341797,110.04000091552734,110.25,111.08000183105469,10154100.0,73.95223999023438
2007-07-19,116.4800033569336,114.6500015258789,115.0,115.86000061035156,17281600.0,77.13458251953125
2007-07-20,115.86000061035156,113.94000244140625,114.8499984741211,114.80999755859375,11706300.0,76.43553924560547
2007-07-23,116.43000030517578,114.8499984741211,114.87999725341797,116.37999725341797,8040900.0,77.48080444335938
2007-07-24,117.0,115.0199966430664,115.31999969482422,116.16999816894531,10499300.0,77.34098052978516
2007-07-25,118.37999725341797,115.23999786376953,116.19000244140625,118.0999984741211,11340000.0,78.62586212158203
2007-07-26,118.81999969482422,115.5199966430664,117.01000213623047,116.52999877929688,16822100.0,77.58061981201172
2007-07-27,117.94999694824219,115.62000274658203,116.62000274658203,115.62000274658203,18138700.0,76.97479248046875
2007-07-30,115.75,113.5199966430664,115.0,114.5199966430664,15095400.0,76.2424545288086
2007-07-31,114.72000122070312,110.0199966430664,114.72000122070312,110.6500015258789,17816200.0,73.66600036621094
2007-08-01,112.7300033569336,110.05999755859375,110.38999938964844,112.04000091552734,12390300.0,74.59141540527344
2007-08-02,114.05000305175781,111.5,112.0999984741211,113.2300033569336,11318900.0,75.38365936279297
2007-08-03,114.18000030517578,111.69999694824219,113.23999786376953,111.88999938964844,9571300.0,74.49152374267578
2007-08-06,113.88999938964844,111.69999694824219,111.97000122070312,113.88999938964844,7245500.0,75.82303619384766
2007-08-07,114.16999816894531,112.25,113.0199966430664,113.52999877929688,8021400.0,75.58336639404297
2007-08-08,114.5999984741211,112.26000213623047,114.30000305175781,112.9800033569336,7681400.0,75.483154296875
2007-08-09,114.48999786376953,110.7300033569336,110.7699966430664,110.7300033569336,9086000.0,73.97988891601562
2007-08-10,113.5,109.69999694824219,109.75,112.63999938964844,9592200.0,75.25599670410156
2007-08-13,113.94999694824219,112.30999755859375,112.98999786376953,112.70999908447266,6135500.0,75.30274963378906
2007-08-14,113.1500015258789,111.73999786376953,112.83000183105469,112.05000305175781,5615600.0,74.86181640625
2007-08-15,112.8499984741211,109.91000366210938,111.0,111.2300033569336,11640200.0,74.31396484375
2007-08-16,111.41999816894531,103.69999694824219,110.9800033569336,109.69000244140625,16723000.0,73.28507232666016
2007-08-17,112.66999816894531,108.66000366210938,111.87000274658203,110.9000015258789,15274600.0,74.09349060058594
2007-08-20,111.0999984741211,109.12999725341797,110.9000015258789,109.22000122070312,9839800.0,72.97106170654297
2007-08-21,110.11000061035156,108.08000183105469,108.9000015258789,109.04000091552734,8458500.0,72.8508071899414
2007-08-22,110.5,109.1500015258789,110.08999633789062,110.0,6329700.0,73.49220275878906
2007-08-23,111.68000030517578,110.01000213623047,110.4000015258789,111.44999694824219,8271000.0,74.4609146118164
2007-08-24,113.25,110.80999755859375,111.44999694824219,113.23999786376953,7058700.0,75.65687561035156
2007-08-27,113.8499984741211,112.80000305175781,113.0,113.44000244140625,4921800.0,75.79045104980469
2007-08-28,113.58999633789062,111.62999725341797,112.9000015258789,112.0,6006600.0,74.82841491699219
2007-08-29,114.9800033569336,112.06999969482422,112.87999725341797,114.56999969482422,7049800.0,76.5454330444336
2007-08-30,116.0,113.62000274658203,113.62000274658203,115.37000274658203,7756100.0,77.07994079589844
2007-08-31,117.3499984741211,115.55000305175781,115.98999786376953,116.69000244140625,6883600.0,77.96183013916016
2007-09-04,118.88999938964844,116.1500015258789,116.33999633789062,118.19000244140625,8070500.0,78.96401977539062
2007-09-05,118.1500015258789,116.55000305175781,117.4800033569336,117.87999725341797,6555500.0,78.75688934326172
2007-09-06,118.75,116.23999786376953,117.91999816894531,117.62000274658203,6778600.0,78.58319854736328
2007-09-07,116.97000122070312,115.33000183105469,116.19999694824219,115.55000305175781,7511700.0,77.20014953613281
2007-09-10,117.5,115.31999969482422,116.1500015258789,115.80000305175781,6118300.0,77.3672103881836
2007-09-11,117.77999877929688,116.04000091552734,116.3499984741211,117.3499984741211,8098700.0,78.40282440185547
2007-09-12,117.4000015258789,115.69000244140625,116.94999694824219,116.0,6287200.0,77.50086212158203
2007-09-13,117.0,115.73999786376953,116.30000305175781,115.94999694824219,4802700.0,77.46745300292969
2007-09-14,116.0,114.6500015258789,115.05000305175781,115.12999725341797,6904400.0,76.91959381103516
2007-09-17,115.25,114.30000305175781,114.69999694824219,114.5199966430664,5022400.0,76.51203155517578
2007-09-18,116.77999877929688,114.83000183105469,115.0,116.62999725341797,7839500.0,77.92174530029297
2007-09-19,117.19000244140625,115.77999877929688,116.9000015258789,116.66999816894531,10311200.0,77.9484634399414
2007-09-20,117.6500015258789,116.19999694824219,116.2699966430664,116.86000061035156,5806400.0,78.07543182373047
2007-09-21,118.0999984741211,116.3499984741211,117.88999938964844,116.77999877929688,9097300.0,78.02195739746094
2007-09-24,117.43000030517578,115.8499984741211,116.9000015258789,116.25,5734300.0,77.66787719726562
2007-09-25,117.58999633789062,115.79000091552734,116.0199966430664,116.51000213623047,7045200.0,77.84156036376953
2007-09-26,118.08000183105469,116.75,116.94000244140625,117.30000305175781,6695200.0,78.369384765625
2007-09-27,118.20999908447266,117.04000091552734,117.5,117.70999908447266,5834500.0,78.64334869384766
2007-09-28,118.5,117.0999984741211,117.13999938964844,117.80000305175781,7720200.0,78.70346069335938
2007-10-01,119.5,117.5,117.61000061035156,119.02999877929688,6777300.0,79.52519989013672
2007-10-02,119.5999984741211,118.13999938964844,119.30999755859375,118.36000061035156,6911500.0,79.07758331298828
2007-10-03,117.83999633789062,116.27999877929688,117.6500015258789,116.4000015258789,7914100.0,77.76808166503906
2007-10-04,116.75,115.0,116.19999694824219,115.69000244140625,6177500.0,77.29373931884766
2007-10-05,116.70999908447266,115.47000122070312,116.16999816894531,116.30000305175781,5749400.0,77.70128631591797
2007-10-08,118.2300033569336,115.87999725341797,116.0999984741211,117.7699966430664,4822900.0,78.68340301513672
2007-10-09,118.5,116.41999816894531,117.8499984741211,118.30000305175781,5670600.0,79.03751373291016
2007-10-10,118.80000305175781,117.68000030517578,118.0,118.62000274658203,5913800.0,79.25131225585938
2007-10-11,121.45999908447266,117.37000274658203,118.98999786376953,118.05000305175781,13018800.0,78.87044525146484
2007-10-12,118.88999938964844,117.27999877929688,118.5,117.80999755859375,5656200.0,78.71011352539062
2007-10-15,118.37000274658203,116.75,117.94999694824219,118.02999877929688,6267300.0,78.85710144042969
2007-10-16,119.94000244140625,117.5,118.0199966430664,119.5999984741211,11527300.0,79.90605926513672
2007-10-17,118.01000213623047,114.1500015258789,118.01000213623047,115.77999877929688,18100500.0,77.35385131835938
2007-10-18,116.41000366210938,114.44000244140625,114.81999969482422,114.80000305175781,7736500.0,76.69908905029297
2007-10-19,114.93000030517578,111.80000305175781,113.9800033569336,112.27999877929688,10327200.0,75.01545715332031
2007-10-22,113.87999725341797,110.95999908447266,110.97000122070312,113.37000274658203,7576900.0,75.74372100830078
2007-10-23,114.80000305175781,113.5,113.77999877929688,114.68000030517578,5562900.0,76.61892700195312
2007-10-24,114.44999694824219,111.68000030517578,114.19999694824219,112.94999694824219,8072600.0,75.46308135986328
2007-10-25,114.4000015258789,111.69000244140625,113.31999969482422,112.80999755859375,6519900.0,75.36955261230469
2007-10-26,114.0,112.06999969482422,113.0,113.7300033569336,5030300.0,75.98426055908203
2007-10-29,115.01000213623047,113.8499984741211,113.9000015258789,114.80000305175781,5103200.0,76.69908905029297
2007-10-30,114.9000015258789,113.75,114.5,114.12000274658203,4015500.0,76.24481201171875
2007-10-31,116.25,113.27999877929688,114.75,116.12000274658203,7216800.0,77.58102416992188
2007-11-01,116.08999633789062,113.31999969482422,115.5,113.6500015258789,7594400.0,75.93080139160156
2007-11-02,115.1500015258789,113.56999969482422,114.41999816894531,114.58999633789062,6114800.0,76.55880737304688
2007-11-05,115.11000061035156,112.83000183105469,115.11000061035156,113.4000015258789,7155300.0,75.76376342773438
2007-11-06,113.94999694824219,111.66999816894531,113.48999786376953,113.16999816894531,7299700.0,75.61009216308594
2007-11-07,113.63999938964844,110.9000015258789,113.55999755859375,111.08000183105469,7087000.0,74.4769515991211
2007-11-08,110.31999969482422,103.98999786376953,105.6500015258789,106.11000061035156,23092200.0,71.14466094970703
2007-11-09,104.91999816894531,99.2699966430664,104.91999816894531,100.25,18084100.0,67.21568298339844
2007-11-12,104.19000244140625,100.69999694824219,101.88999938964844,101.44999694824219,13553600.0,68.020263671875
2007-11-13,105.73999786376953,102.5,102.7300033569336,105.2699966430664,10777900.0,70.58148193359375
2007-11-14,106.41999816894531,102.83999633789062,106.12000274658203,103.44000244140625,8453600.0,69.35453796386719
2007-11-15,105.63999938964844,103.05000305175781,103.23999786376953,103.5999984741211,8023600.0,69.4617691040039
2007-11-16,105.0,103.25,104.51000213623047,104.79000091552734,9294000.0,70.2596664428711
2007-11-19,105.38999938964844,101.33999633789062,104.33999633789062,102.22000122070312,9502200.0,68.53652954101562
2007-11-20,104.97000122070312,101.37999725341797,102.58999633789062,103.41999816894531,8393400.0,69.34111785888672
2007-11-21,104.08999633789062,101.41000366210938,101.41000366210938,102.22000122070312,7097200.0,68.53652954101562
2007-11-23,104.13999938964844,102.31999969482422,103.0999984741211,104.05000305175781,2827700.0,69.76348876953125
2007-11-26,105.1500015258789,101.72000122070312,104.26000213623047,101.97000122070312,7340700.0,68.3689193725586
2007-11-27,104.58000183105469,101.5,102.69999694824219,103.83000183105469,9117500.0,69.61600494384766
2007-11-28,108.2699966430664,104.36000061035156,104.81999969482422,107.37000274658203,9397700.0,71.9894790649414
2007-11-29,107.87000274658203,106.25,107.23999786376953,107.5,7813800.0,72.07664489746094
2007-11-30,109.19000244140625,103.93000030517578,108.56999969482422,105.18000030517578,12900200.0,70.52113342285156
2007-12-03,107.13999938964844,104.58000183105469,105.55000305175781,105.83000183105469,7918800.0,70.95696258544922
2007-12-04,107.41999816894531,104.72000122070312,105.41000366210938,106.62999725341797,6361800.0,71.49333953857422
2007-12-05,108.5199966430664,106.9800033569336,107.83000183105469,108.16000366210938,6090400.0,72.51917266845703
2007-12-06,110.0,107.93000030517578,108.0,109.69999694824219,5315500.0,73.5517349243164
2007-12-07,110.0,107.94999694824219,109.68000030517578,108.86000061035156,5985500.0,72.98854064941406
2007-12-10,110.26000213623047,109.0,109.37999725341797,109.38999938964844,4442200.0,73.34387969970703
2007-12-11,110.4000015258789,106.45999908447266,109.33999633789062,106.98999786376953,8439700.0,71.7347183227539
2007-12-12,110.19999694824219,107.37999725341797,109.16999816894531,108.47000122070312,7879800.0,72.72704315185547
2007-12-13,108.63999938964844,106.94000244140625,108.0,108.18000030517578,6252800.0,72.53260040283203
2007-12-14,107.55999755859375,104.0999984741211,107.30999755859375,105.7699966430664,9711200.0,70.9167251586914
2007-12-17,105.98999786376953,104.0,105.37000274658203,104.52999877929688,7131100.0,70.0853271484375
2007-12-18,106.97000122070312,104.12999725341797,105.08000183105469,106.30999755859375,8042000.0,71.27877807617188
2007-12-19,108.37999725341797,105.87000274658203,106.54000091552734,107.13999938964844,7031100.0,71.83531951904297
2007-12-20,109.48999786376953,107.61000061035156,107.77999877929688,108.83999633789062,8030900.0,72.97509002685547
2007-12-21,111.16000366210938,109.1500015258789,109.9000015258789,111.05000305175781,13246600.0,74.45687103271484
2007-12-24,112.0,110.55000305175781,111.19999694824219,111.6500015258789,2342400.0,74.85916137695312
2007-12-26,112.19000244140625,110.9000015258789,110.9000015258789,111.55999755859375,3849400.0,74.7988052368164
2007-12-27,111.30000305175781,109.48999786376953,110.52999877929688,109.5999984741211,4513600.0,73.48468017578125
2007-12-28,110.76000213623047,109.11000061035156,110.76000213623047,110.08999633789062,5834500.0,73.81319427490234
2007-12-31,110.0,107.26000213623047,109.51000213623047,108.0999984741211,5732300.0,72.47894287109375
2008-01-02,108.98999786376953,104.16999816894531,108.98999786376953,104.69000244140625,9503500.0,70.19258880615234
2008-01-03,105.56999969482422,103.9800033569336,104.83000183105469,104.9000015258789,7528900.0,70.33343505859375
2008-01-04,103.94999694824219,100.4800033569336,103.94999694824219,101.12999725341797,11034600.0,67.8056869506836
2008-01-07,101.0,99.02999877929688,100.25,100.05000305175781,12650400.0,67.08155822753906
2008-01-08,100.37999725341797,97.16999816894531,100.05000305175781,97.58999633789062,9434400.0,65.43218231201172
2008-01-09,99.1500015258789,97.16000366210938,97.76000213623047,98.30999755859375,10922100.0,65.91494750976562
2008-01-10,100.86000061035156,97.1500015258789,97.38999938964844,99.91999816894531,10634700.0,66.99441528320312
2008-01-11,99.45999908447266,97.04000091552734,99.19999694824219,97.66999816894531,8959900.0,65.4858169555664
2008-01-14,105.58999633789062,101.33000183105469,105.01000213623047,102.93000030517578,18009400.0,69.0125503540039
2008-01-15,104.63999938964844,101.2300033569336,102.02999877929688,101.83000183105469,11629500.0,68.27503967285156
2008-01-16,102.86000061035156,100.13999938964844,100.13999938964844,101.62999725341797,12681700.0,68.14092254638672
2008-01-17,103.44999694824219,100.05000305175781,102.0,101.0999984741211,11934000.0,67.78559112548828
2008-01-18,106.72000122070312,102.5,106.72000122070312,103.4000015258789,23871700.0,69.32769012451172
2008-01-22,103.08999633789062,98.55000305175781,98.55000305175781,101.22000122070312,15129500.0,67.86603546142578
2008-01-23,106.33999633789062,98.5,99.62999725341797,106.0999984741211,19588100.0,71.1379623413086
2008-01-24,107.51000213623047,104.68000030517578,106.37999725341797,106.91000366210938,13025700.0,71.68106079101562
2008-01-25,107.79000091552734,104.0999984741211,107.79000091552734,104.5199966430664,10025400.0,70.07862854003906
2008-01-28,105.7699966430664,103.83000183105469,104.44000244140625,104.9800033569336,7858500.0,70.38705444335938
2008-01-29,106.80000305175781,104.5999984741211,105.5,106.0999984741211,6616200.0,71.1379623413086
2008-01-30,107.6500015258789,104.86000061035156,105.8499984741211,105.6500015258789,7431100.0,70.83626556396484
2008-01-31,107.97000122070312,103.69999694824219,104.20999908447266,107.11000061035156,9054600.0,71.81515502929688
2008-02-01,109.4000015258789,105.86000061035156,107.16000366210938,109.08000183105469,8047100.0,73.13602447509766
2008-02-04,109.0,107.2300033569336,108.66999816894531,107.93000030517578,5985500.0,72.36497497558594
2008-02-05,108.05000305175781,104.68000030517578,107.05999755859375,105.0199966430664,9048900.0,70.41383361816406
2008-02-06,106.48999786376953,103.58000183105469,105.05000305175781,103.58999633789062,8265700.0,69.7206039428711
2008-02-07,104.0,100.5999984741211,102.88999938964844,102.33999633789062,11255800.0,68.87931060791016
2008-02-08,103.66999816894531,102.06999969482422,102.19000244140625,103.2699966430664,6085600.0,69.5052719116211
2008-02-11,105.55000305175781,102.87000274658203,103.05000305175781,105.13999938964844,6098300.0,70.76386260986328
2008-02-12,107.33000183105469,104.69999694824219,105.16000366210938,106.52999877929688,7650200.0,71.6993637084961
2008-02-13,108.93000030517578,106.80000305175781,107.12999725341797,108.41999816894531,6608200.0,72.97144317626953
2008-02-14,108.5,105.5,107.94000244140625,106.12999725341797,7340600.0,71.4301528930664
2008-02-15,106.25,105.0,105.2699966430664,106.16000366210938,6235600.0,71.45036315917969
2008-02-19,107.62000274658203,104.63999938964844,106.94000244140625,105.0,7376400.0,70.66960144042969
2008-02-20,108.20999908447266,104.52999877929688,105.43000030517578,107.8499984741211,7671000.0,72.58780670166016
2008-02-21,109.5999984741211,106.43000030517578,108.0999984741211,106.93000030517578,8328000.0,71.96858978271484
2008-02-22,108.4800033569336,105.70999908447266,107.13999938964844,108.06999969482422,7917200.0,72.73588562011719
2008-02-25,110.31999969482422,107.43000030517578,107.43000030517578,110.08000183105469,8158000.0,74.08870697021484
2008-02-26,114.98999786376953,109.05000305175781,109.5199966430664,114.37999725341797,18651500.0,76.98278045654297
2008-02-27,116.62999725341797,112.91000366210938,113.83999633789062,116.45999908447266,11854900.0,78.3826904296875
2008-02-28,115.9000015258789,114.55999755859375,115.5999984741211,115.23999786376953,7227200.0,77.56160736083984
2008-02-29,115.13999938964844,113.3499984741211,114.04000091552734,113.86000061035156,8475100.0,76.63280487060547
2008-03-03,114.80999755859375,113.4800033569336,113.86000061035156,114.2300033569336,6335700.0,76.88182067871094
2008-03-04,115.72000122070312,112.75,113.4000015258789,115.70999908447266,8593300.0,77.8779296875
2008-03-05,116.41000366210938,114.25,116.41000366210938,115.38999938964844,8434200.0,77.66255187988281
2008-03-06,115.1500015258789,112.25,115.05999755859375,112.5199966430664,8018400.0,75.73088836669922
2008-03-07,114.75,111.80000305175781,111.8499984741211,113.94000244140625,8124900.0,76.68661499023438
2008-03-10,115.98999786376953,113.12000274658203,113.12000274658203,114.01000213623047,9747300.0,76.73373413085938
2008-03-11,116.55999755859375,114.04000091552734,115.80000305175781,116.48999786376953,10480600.0,78.4029312133789
2008-03-12,118.0,115.11000061035156,116.44000244140625,117.06999969482422,9083200.0,78.79325866699219
2008-03-13,116.77999877929688,113.63999938964844,115.69000244140625,115.91000366210938,9548900.0,78.01253509521484
2008-03-14,116.5199966430664,112.69000244140625,116.06999969482422,115.2300033569336,9734600.0,77.55485534667969
2008-03-17,117.04000091552734,113.0,113.0,115.55000305175781,9280300.0,77.77022552490234
2008-03-18,118.43000030517578,113.80999755859375,116.5999984741211,118.41000366210938,9966500.0,79.69515228271484
2008-03-19,118.5,116.6500015258789,118.29000091552734,116.94000244140625,9314400.0,78.70575714111328
2008-03-20,118.4800033569336,116.6500015258789,117.08999633789062,118.33000183105469,11417900.0,79.64129638671875
2008-03-24,119.79000091552734,118.12999725341797,118.56999969482422,119.05999755859375,8398000.0,80.13261413574219
2008-03-25,119.0999984741211,117.1500015258789,119.0999984741211,117.97000122070312,8443600.0,79.39899444580078
2008-03-26,117.97000122070312,114.95999908447266,117.58999633789062,116.91000366210938,9617100.0,78.68557739257812
2008-03-27,116.19999694824219,114.51000213623047,116.0199966430664,115.5199966430664,8437200.0,77.75005340576172
2008-03-28,116.75,114.20999908447266,115.86000061035156,114.56999969482422,6600900.0,77.11064147949219
2008-03-31,115.87000274658203,113.33999633789062,114.1500015258789,115.13999938964844,9707200.0,77.49429321289062
2008-04-01,118.37000274658203,114.97000122070312,115.19999694824219,116.48999786376953,11875400.0,78.4029312133789
2008-04-02,116.87999725341797,113.9800033569336,116.83999633789062,114.80999755859375,8007600.0,77.27218627929688
2008-04-03,116.81999969482422,113.86000061035156,114.3499984741211,116.0199966430664,7052900.0,78.0865478515625
2008-04-04,116.58000183105469,114.5999984741211,116.05000305175781,115.76000213623047,5733200.0,77.91157531738281
2008-04-07,117.37000274658203,115.81999969482422,116.37000274658203,116.30999755859375,6181200.0,78.2817611694336
2008-04-08,116.87999725341797,115.27999877929688,115.72000122070312,116.2699966430664,7283300.0,78.25480651855469
2008-04-09,117.72000122070312,115.72000122070312,116.5,116.7699966430664,6819100.0,78.59135437011719
2008-04-10,119.22000122070312,116.87999725341797,116.93000030517578,118.77999877929688,9149300.0,79.94416046142578
2008-04-11,117.80000305175781,115.51000213623047,117.30999755859375,116.0,9556800.0,78.07312774658203
2008-04-14,117.94000244140625,115.94999694824219,116.19999694824219,117.27999877929688,7745600.0,78.9345932006836
2008-04-15,117.66999816894531,115.54000091552734,117.0999984741211,117.16999816894531,8642000.0,78.86056518554688
2008-04-16,120.47000122070312,117.16999816894531,118.1500015258789,120.47000122070312,19317700.0,81.08161163330078
2008-04-17,123.72000122070312,120.69999694824219,122.38999938964844,123.08000183105469,18999100.0,82.83824157714844
2008-04-18,125.0,123.1500015258789,123.91999816894531,124.4000015258789,12490800.0,83.7267074584961
2008-04-21,124.51000213623047,122.05000305175781,123.62000274658203,124.3499984741211,6952800.0,83.69302368164062
2008-04-22,124.3499984741211,123.01000213623047,123.87000274658203,123.66999816894531,5417500.0,83.2353744506836
2008-04-23,124.77999877929688,122.63999938964844,123.69000244140625,123.5999984741211,7593300.0,83.18824005126953
2008-04-24,124.9000015258789,122.7300033569336,123.37999725341797,124.19000244140625,5996700.0,83.5853500366211
2008-04-25,124.5,122.05999755859375,124.5,123.08000183105469,6313400.0,82.83824157714844
2008-04-28,123.05000305175781,121.63999938964844,122.61000061035156,121.69000244140625,5605200.0,81.90274047851562
2008-04-29,123.19999694824219,122.04000091552734,122.04000091552734,122.8499984741211,7226000.0,82.68342590332031
2008-04-30,123.5,120.5,123.33999633789062,120.69999694824219,8128300.0,81.23640441894531
2008-05-01,124.43000030517578,121.05999755859375,121.05999755859375,123.61000061035156,8230200.0,83.19495391845703
2008-05-02,124.0,121.76000213623047,123.30000305175781,123.18000030517578,6916600.0,82.90556335449219
2008-05-05,123.25,121.73999786376953,122.29000091552734,122.02999877929688,6359300.0,82.1315689086914
2008-05-06,123.33999633789062,120.77999877929688,121.5,122.81999969482422,5910400.0,82.66326904296875
2008-05-07,124.9800033569336,122.41000366210938,122.77999877929688,124.13999938964844,11406800.0,83.89320373535156
2008-05-08,125.16999816894531,123.69999694824219,124.19999694824219,124.91999816894531,9794000.0,84.42033386230469
2008-05-09,124.6500015258789,123.62999725341797,124.37000274658203,124.05999755859375,5502900.0,83.83914184570312
2008-05-12,125.98999786376953,123.55999755859375,123.81999969482422,125.23999786376953,8666800.0,84.6365966796875
2008-05-13,126.69999694824219,125.02999877929688,125.12000274658203,126.58000183105469,9693400.0,85.5421371459961
2008-05-14,128.8300018310547,126.19999694824219,126.5199966430664,127.5199966430664,8888300.0,86.1773910522461
2008-05-15,128.67999267578125,126.9000015258789,127.33000183105469,128.4600067138672,7227900.0,86.81265258789062
2008-05-16,128.47999572753906,126.80000305175781,128.4600067138672,127.81999969482422,6372100.0,86.38013458251953
2008-05-19,128.2100067138672,126.05000305175781,127.68000030517578,126.48999786376953,6385200.0,85.48131561279297
2008-05-20,126.05000305175781,124.44999694824219,126.05000305175781,125.18000030517578,7017700.0,84.59606170654297
2008-05-21,126.4000015258789,123.0199966430664,125.05000305175781,123.62000274658203,8333900.0,83.54180908203125
2008-05-22,125.3499984741211,123.55000305175781,123.55000305175781,124.69999694824219,5031300.0,84.27166748046875
2008-05-23,124.91000366210938,123.7699966430664,124.3499984741211,124.19999694824219,4701500.0,83.93375396728516
2008-05-27,127.37999725341797,124.0,124.01000213623047,127.31999969482422,6989200.0,86.042236328125
2008-05-28,129.5399932861328,126.98999786376953,127.5,129.5399932861328,9875600.0,87.54248046875
2008-05-29,129.99000549316406,128.66000366210938,128.75999450683594,129.7100067138672,7561500.0,87.65740203857422
2008-05-30,129.99000549316406,128.8000030517578,129.22000122070312,129.42999267578125,8652900.0,87.46818542480469
2008-06-02,129.3699951171875,126.69999694824219,128.49000549316406,127.36000061035156,7599300.0,86.06924438476562
2008-06-03,129.0,127.45999908447266,127.47000122070312,127.83999633789062,7238200.0,86.39363861083984
2008-06-04,128.5,126.44999694824219,127.87000274658203,127.55000305175781,6432300.0,86.19768524169922
2008-06-05,129.0399932861328,127.19999694824219,127.41000366210938,128.47000122070312,6153300.0,86.81942749023438
2008-06-06,128.13999938964844,124.73999786376953,127.7699966430664,124.94000244140625,7886200.0,84.43387603759766
2008-06-09,126.18000030517578,124.05999755859375,125.37999725341797,125.86000061035156,5584000.0,85.05558013916016
2008-06-10,126.72000122070312,124.62999725341797,124.87999725341797,125.94000244140625,5384200.0,85.1096420288086
2008-06-11,125.9000015258789,122.86000061035156,125.9000015258789,123.25,7207200.0,83.29176330566406
2008-06-12,125.08999633789062,123.12999725341797,123.8499984741211,123.8499984741211,6748600.0,83.69723510742188
2008-06-13,126.56999969482422,124.1500015258789,124.41999816894531,126.1500015258789,6379600.0,85.25157928466797
2008-06-16,127.13999938964844,124.6500015258789,125.45999908447266,126.70999908447266,6280200.0,85.63002014160156
2008-06-17,127.0999984741211,124.62000274658203,127.0999984741211,125.0999984741211,5277900.0,84.54197692871094
2008-06-18,125.43000030517578,123.69999694824219,124.55000305175781,124.16000366210938,6614700.0,83.90675354003906
2008-06-19,125.62000274658203,122.36000061035156,123.66999816894531,125.0199966430664,7570200.0,84.48790740966797
2008-06-20,125.0199966430664,122.5,124.80999755859375,122.73999786376953,9624900.0,82.94710540771484
2008-06-23,124.5,122.4000015258789,123.0,123.45999908447266,5852300.0,83.43366241455078
2008-06-24,124.25,121.9000015258789,123.08000183105469,123.45999908447266,7552900.0,83.43366241455078
2008-06-25,125.83000183105469,123.19999694824219,123.66999816894531,124.58000183105469,7131500.0,84.1905746459961
2008-06-26,123.81999969482422,120.76000213623047,123.43000030517578,121.12999725341797,9710600.0,81.85906219482422
2008-06-27,122.05000305175781,118.26000213623047,121.0199966430664,120.05000305175781,11660400.0,81.12921142578125
2008-06-30,120.22000122070312,118.1500015258789,120.02999877929688,118.52999877929688,8439000.0,80.10200500488281
2008-07-01,119.36000061035156,116.5999984741211,117.5,119.2699966430664,10069400.0,80.60208892822266
2008-07-02,120.55000305175781,118.12000274658203,118.41000366210938,119.0999984741211,8093200.0,80.4872055053711
2008-07-03,120.77999877929688,117.88999938964844,119.94999694824219,119.54000091552734,6115200.0,80.78455352783203
2008-07-07,122.63999938964844,119.62000274658203,119.62000274658203,121.5,9131100.0,82.1091079711914
2008-07-08,123.98999786376953,120.55000305175781,120.55000305175781,123.87999725341797,9813300.0,83.71751403808594
2008-07-09,124.5,120.4000015258789,124.20999908447266,120.4000015258789,9506700.0,81.36576843261719
2008-07-10,123.54000091552734,120.66000366210938,120.66000366210938,123.18000030517578,10053600.0,83.24445343017578
2008-07-11,123.73999786376953,120.56999969482422,121.80000305175781,122.12000274658203,8841400.0,82.52810668945312
2008-07-14,124.25,121.23999786376953,123.51000213623047,121.54000091552734,8317400.0,82.13612365722656
2008-07-15,124.5,119.9000015258789,121.0,123.19999694824219,10710500.0,83.2579574584961
2008-07-16,126.88999938964844,122.25,122.80999755859375,125.94000244140625,9898800.0,85.1096420288086
2008-07-17,126.95999908447266,124.0,126.38999938964844,126.5199966430664,12298200.0,85.50160217285156
2008-07-18,130.0,125.41999816894531,125.80999755859375,129.88999938964844,18317800.0,87.77902221679688
2008-07-21,129.89999389648438,127.63999938964844,129.8300018310547,128.66000366210938,7779600.0,86.94782257080078
2008-07-22,130.0,127.26000213623047,127.5,130.0,11428600.0,87.8533706665039
2008-07-23,130.3300018310547,128.2899932861328,129.77999877929688,129.52000427246094,10230300.0,87.52899932861328
2008-07-24,130.92999267578125,128.8000030517578,129.05999755859375,130.0,8946300.0,87.8533706665039
2008-07-25,129.89999389648438,128.0,129.0,128.52999877929688,7565500.0,86.85993957519531
2008-07-28,128.44000244140625,126.12999725341797,127.69000244140625,126.25,6096800.0,85.31916046142578
2008-07-29,128.1699981689453,126.25,126.54000091552734,127.66000366210938,5979400.0,86.27200317382812
2008-07-30,129.0,127.08999633789062,128.1199951171875,128.86000061035156,5826100.0,87.08296966552734
2008-07-31,129.5,127.73999786376953,128.10000610351562,127.9800033569336,5857300.0,86.48826599121094
2008-08-01,129.3000030517578,126.27999877929688,128.52000427246094,126.63999938964844,4939700.0,85.58270263671875
2008-08-04,128.10000610351562,126.25,126.7699966430664,127.55999755859375,5994900.0,86.20442199707031
2008-08-05,128.89999389648438,127.08000183105469,128.1999969482422,128.8699951171875,6969900.0,87.0897216796875
2008-08-06,129.5,127.75,128.4499969482422,129.16000366210938,6253800.0,87.62569427490234
2008-08-07,129.97000122070312,127.9000015258789,128.3000030517578,129.0500030517578,6633500.0,87.55106353759766
2008-08-08,129.8800048828125,127.62999725341797,128.5,128.80999755859375,8561800.0,87.38825988769531
2008-08-11,128.42999267578125,125.75,128.42999267578125,126.5999984741211,7490400.0,85.888916015625
2008-08-12,126.5,124.4000015258789,126.01000213623047,125.22000122070312,6996800.0,84.95268249511719
2008-08-13,126.98999786376953,124.75,125.0,125.80000305175781,5857800.0,85.34614562988281
2008-08-14,128.25,124.80000305175781,125.01000213623047,126.94000244140625,6813000.0,86.11958312988281
2008-08-15,127.19000244140625,125.3499984741211,127.06999969482422,126.36000061035156,5566200.0,85.72608947753906
2008-08-18,127.0,123.68000030517578,126.48999786376953,124.58999633789062,5970000.0,84.52528381347656
2008-08-19,124.79000091552734,122.01000213623047,123.62999725341797,122.55999755859375,9311600.0,83.14806365966797
2008-08-20,123.97000122070312,122.01000213623047,123.5,122.51000213623047,6871600.0,83.1141586303711
2008-08-21,123.43000030517578,121.55000305175781,121.58000183105469,122.98999786376953,6315000.0,83.43977355957031
2008-08-22,125.3499984741211,122.80000305175781,123.30000305175781,124.93000030517578,5989200.0,84.75593566894531
2008-08-25,124.93000030517578,122.69999694824219,124.4800033569336,122.86000061035156,5827400.0,83.3515625
2008-08-26,122.8499984741211,121.5,122.58000183105469,122.5,6218200.0,83.10736846923828
2008-08-27,124.8499984741211,122.18000030517578,122.41999816894531,123.37999725341797,5843800.0,83.70437622070312
2008-08-28,125.44999694824219,123.58000183105469,124.05999755859375,124.58000183105469,5448200.0,84.51850128173828
2008-08-29,123.98999786376953,121.62999725341797,123.70999908447266,121.7300033569336,7156000.0,82.58496856689453
2008-09-02,124.0,117.9000015258789,122.87000274658203,118.41000366210938,11749800.0,80.33259582519531
2008-09-03,118.6500015258789,115.1500015258789,118.33999633789062,118.33999633789062,11316600.0,80.28510284423828
2008-09-04,118.9000015258789,114.9000015258789,117.98999786376953,115.0,10133800.0,78.01912689208984
2008-09-05,115.08999633789062,113.16999816894531,114.1500015258789,114.33000183105469,8811400.0,77.56461334228516
2008-09-08,118.27999877929688,115.13999938964844,118.0,117.29000091552734,10452800.0,79.57276916503906
2008-09-09,118.0999984741211,115.0,117.77999877929688,115.04000091552734,8106300.0,78.04627990722656
2008-09-10,119.94999694824219,116.0999984741211,116.4000015258789,118.04000091552734,11852200.0,80.08155059814453
2008-09-11,119.37000274658203,116.11000061035156,116.5999984741211,119.19999694824219,9737400.0,80.86853790283203
2008-09-12,119.27999877929688,116.81999969482422,118.66000366210938,118.97000122070312,6635100.0,80.71250915527344
2008-09-15,118.41000366210938,115.19000244140625,115.36000061035156,115.19000244140625,9908300.0,78.1480484008789
2008-09-16,117.63999938964844,113.31999969482422,113.7300033569336,116.05000305175781,13673200.0,78.73152160644531
2008-09-17,115.5,110.61000061035156,114.79000091552734,111.47000122070312,12298000.0,75.62429809570312
2008-09-18,118.58999633789062,111.04000091552734,112.91000366210938,115.12000274658203,15995000.0,78.10057067871094
2008-09-19,124.0,117.5,119.58999633789062,118.8499984741211,14432600.0,80.63108825683594
2008-09-22,120.13999938964844,116.0199966430664,118.44999694824219,116.20999908447266,8844000.0,78.84003448486328
2008-09-23,118.16999816894531,114.13999938964844,116.20999908447266,115.36000061035156,8012800.0,78.26338195800781
2008-09-24,118.16999816894531,114.26000213623047,116.93000030517578,116.45999908447266,6574100.0,79.00967407226562
2008-09-25,121.98999786376953,116.12000274658203,117.75,120.11000061035156,6539200.0,81.48591613769531
2008-09-26,121.01000213623047,117.01000213623047,117.20999908447266,119.41999816894531,4760500.0,81.0177993774414
2008-09-29,118.43000030517578,109.94999694824219,117.44000244140625,114.45999908447266,9586700.0,77.65280151367188
2008-09-30,116.95999908447266,111.80999755859375,115.83000183105469,116.95999908447266,18991900.0,79.34886932373047
2008-10-01,116.80000305175781,107.75,115.51000213623047,110.12999725341797,13134400.0,74.71520233154297
2008-10-02,109.97000122070312,103.04000091552734,108.4800033569336,104.73999786376953,11458200.0,71.05850982666016
2008-10-03,110.94999694824219,103.02999877929688,105.16000366210938,103.44000244140625,9637900.0,70.17654418945312
2008-10-06,103.0,96.5999984741211,101.20999908447266,100.62000274658203,11521400.0,68.26338195800781
2008-10-07,102.62000274658203,94.23999786376953,101.5,95.6500015258789,11416100.0,64.89156341552734
2008-10-08,97.4800033569336,89.9800033569336,91.51000213623047,90.55000305175781,17980400.0,61.43159866333008
2008-10-09,95.30999755859375,88.2300033569336,95.29000091552734,89.0,21293600.0,60.38004684448242
2008-10-10,91.66000366210938,83.51000213623047,87.41000366210938,87.75,24637400.0,59.53201675415039
2008-10-13,93.61000061035156,86.94999694824219,90.44000244140625,92.20999908447266,17101600.0,62.55778503417969
2008-10-14,99.0,92.0,96.41999816894531,93.5999984741211,15114200.0,63.50081253051758
2008-10-15,95.29000091552734,87.70999908447266,92.7699966430664,88.29000091552734,11330800.0,59.89837646484375
2008-10-16,92.0,84.3499984741211,89.37999725341797,91.5199966430664,16271300.0,62.08967590332031
2008-10-17,95.91000366210938,87.70999908447266,91.75,90.77999877929688,15230700.0,61.5876579284668
2008-10-20,93.30999755859375,89.33000183105469,92.20999908447266,92.51000213623047,9747100.0,62.76131820678711
2008-10-21,92.45999908447266,88.56999969482422,92.22000122070312,88.86000061035156,9716400.0,60.285037994384766
2008-10-22,87.58999633789062,80.80000305175781,87.0,83.5999984741211,14198100.0,56.716522216796875
2008-10-23,85.88999938964844,81.0,84.08999633789062,84.3499984741211,12358000.0,57.225345611572266
2008-10-24,84.30999755859375,78.81999969482422,79.2699966430664,82.06999969482422,12287300.0,55.67852783203125
2008-10-27,84.5,79.01000213623047,80.2699966430664,79.66000366210938,11099100.0,54.04352951049805
2008-10-28,87.61000061035156,79.5199966430664,81.4000015258789,87.27999877929688,14205900.0,59.213138580322266
2008-10-29,91.0,86.25,87.73999786376953,88.19999694824219,12692000.0,59.83729553222656
2008-10-30,92.4000015258789,88.9000015258789,91.01000213623047,90.69000244140625,12033800.0,61.52658462524414
2008-10-31,94.19000244140625,89.02999877929688,90.9000015258789,92.97000122070312,10506300.0,63.073387145996094
2008-11-03,94.66999816894531,92.16999816894531,92.63999938964844,92.68000030517578,7686300.0,62.87664794921875
2008-11-04,94.76000213623047,92.06999969482422,94.76000213623047,93.4000015258789,10173000.0,63.36511993408203
2008-11-05,93.4000015258789,89.69999694824219,92.93000030517578,89.94000244140625,8706200.0,61.01778793334961
2008-11-06,88.83000183105469,84.27999877929688,87.68000030517578,85.1500015258789,12522000.0,58.091041564941406
2008-11-07,86.70999908447266,84.25,85.77999877929688,86.2699966430664,7927800.0,58.85511779785156
2008-11-10,88.0999984741211,82.73999786376953,87.98999786376953,83.87000274658203,9685100.0,57.21780776977539
2008-11-11,84.29000091552734,80.25,83.25,82.73999786376953,10013600.0,56.446903228759766
2008-11-12,82.4000015258789,79.56999969482422,80.7300033569336,79.73999786376953,11368400.0,54.40022659301758
2008-11-13,84.38999938964844,75.4000015258789,79.62000274658203,84.20999908447266,15103600.0,57.44974136352539
2008-11-14,85.4000015258789,79.5,82.62999725341797,80.33000183105469,12023700.0,54.802734375
2008-11-17,79.73999786376953,77.16000366210938,79.4000015258789,77.4800033569336,10315300.0,52.858394622802734
2008-11-18,80.93000030517578,77.0,79.12999725341797,80.08000183105469,13050600.0,54.632171630859375
2008-11-19,81.0,75.7300033569336,79.93000030517578,75.97000122070312,12606400.0,51.828243255615234
2008-11-20,78.38999938964844,70.51000213623047,75.0,71.73999786376953,17634700.0,48.942481994628906
2008-11-21,76.9800033569336,69.5,72.73999786376953,74.87999725341797,19804500.0,51.08464431762695
2008-11-24,82.08999633789062,75.0,75.73999786376953,79.88999938964844,15023200.0,54.502559661865234
2008-11-25,82.4000015258789,78.22000122070312,81.37000274658203,80.6500015258789,12519700.0,55.02103805541992
2008-11-26,81.79000091552734,78.61000061035156,79.5199966430664,81.66999816894531,8240600.0,55.71690368652344
2008-11-28,81.9000015258789,80.0999984741211,81.0,81.5999984741211,3908300.0,55.669158935546875
2008-12-01,81.36000061035156,76.79000091552734,80.94999694824219,76.9000015258789,10265000.0,52.46270751953125
2008-12-02,80.0,76.13999938964844,77.80000305175781,79.83999633789062,9305200.0,54.46845626831055
2008-12-03,81.0,76.98999786376953,78.62000274658203,80.66999816894531,9757800.0,55.03468704223633
2008-12-04,80.83000183105469,76.18000030517578,80.02999877929688,77.44000244140625,10914000.0,52.831119537353516
2008-12-05,81.5,75.30999755859375,76.77999877929688,80.58999633789062,11212000.0,54.98012924194336
2008-12-08,85.87999725341797,81.7300033569336,82.56999969482422,84.86000061035156,11177600.0,57.8931884765625
2008-12-09,85.43000030517578,82.19999694824219,83.81999969482422,82.69000244140625,9356400.0,56.41276168823242
2008-12-10,84.98999786376953,81.83000183105469,83.94999694824219,82.86000061035156,8187000.0,56.52875518798828
2008-12-11,82.86000061035156,79.7699966430664,81.5,80.58000183105469,10682400.0,54.973304748535156
2008-12-12,82.94000244140625,78.05999755859375,78.68000030517578,82.19999694824219,10381700.0,56.0784912109375
2008-12-15,83.54000091552734,80.0,82.51000213623047,82.7699966430664,8848200.0,56.467342376708984
2008-12-16,86.83999633789062,82.87000274658203,83.11000061035156,86.4000015258789,11559800.0,58.94380187988281
2008-12-17,87.2699966430664,84.66000366210938,85.44000244140625,85.83999633789062,8592000.0,58.561763763427734
2008-12-18,86.63999938964844,82.95999908447266,85.7699966430664,84.0,8029500.0,57.30649948120117
2008-12-19,85.22000122070312,82.97000122070312,85.22000122070312,83.5199966430664,13098600.0,56.979007720947266
2008-12-22,83.44999694824219,80.31999969482422,83.2699966430664,81.98999786376953,7083300.0,55.93522262573242
2008-12-23,82.80999755859375,80.12999725341797,82.3499984741211,80.5999984741211,6374400.0,54.9869270324707
2008-12-24,81.22000122070312,79.91999816894531,80.55000305175781,80.5199966430664,2415200.0,54.93236541748047
2008-12-26,81.80000305175781,80.55000305175781,80.93000030517578,81.33000183105469,3101300.0,55.48493194580078
2008-12-29,81.72000122070312,79.68000030517578,81.72000122070312,81.25,6062600.0,55.43035888671875
2008-12-30,83.63999938964844,81.5199966430664,81.83000183105469,83.55000305175781,5774400.0,56.9995002746582
2008-12-31,85.0,83.5,83.5,84.16000366210938,6667700.0,57.415653228759766
2009-01-02,87.58999633789062,83.88999938964844,83.88999938964844,87.37000274658203,7558200.0,59.60555648803711
2009-01-05,87.66999816894531,86.18000030517578,86.41999816894531,86.81999969482422,8315700.0,59.23033905029297
2009-01-06,90.41000366210938,86.37000274658203,87.11000061035156,89.2300033569336,9649500.0,60.8745002746582
2009-01-07,88.80000305175781,87.12000274658203,87.83000183105469,87.79000091552734,8455100.0,59.89208984375
2009-01-08,88.13999938964844,85.9800033569336,87.80999755859375,87.18000030517578,7231800.0,59.4759407043457
2009-01-09,87.5,84.25,87.05000305175781,84.69999694824219,7440300.0,57.784034729003906
2009-01-12,86.5999984741211,84.41999816894531,84.56999969482422,85.70999908447266,8072700.0,58.473087310791016
2009-01-13,86.58999633789062,84.79000091552734,85.5,85.33999633789062,7657200.0,58.22064971923828
2009-01-14,84.81999969482422,82.11000061035156,84.19999694824219,83.19000244140625,9470000.0,56.75389099121094
2009-01-15,84.83000183105469,82.26000213623047,83.61000061035156,84.12000274658203,11734800.0,57.388362884521484
2009-01-16,85.73999786376953,83.08000183105469,84.61000061035156,84.91999816894531,11245300.0,57.93412780761719
2009-01-20,84.91999816894531,81.76000213623047,84.76000213623047,81.9800033569336,13800100.0,55.92839813232422
2009-01-21,91.5999984741211,86.0,86.29000091552734,91.41999816894531,24905000.0,62.36854934692383
2009-01-22,90.73999786376953,88.11000061035156,89.83000183105469,90.06999969482422,12350700.0,61.44756317138672
2009-01-23,90.69999694824219,87.80999755859375,88.4000015258789,89.48999786376953,10253700.0,61.051856994628906
2009-01-26,92.66999816894531,89.5199966430664,89.7699966430664,91.5999984741211,9840800.0,62.49134826660156
2009-01-27,91.97000122070312,90.5,91.7699966430664,91.66000366210938,8720800.0,62.53228759765625
2009-01-28,94.94000244140625,91.91000366210938,92.69999694824219,94.81999969482422,13407200.0,64.68809509277344
2009-01-29,94.58000183105469,92.0199966430664,93.58000183105469,92.51000213623047,9233500.0,63.11216735839844
2009-01-30,93.4800033569336,91.25,92.2300033569336,91.6500015258789,9617000.0,62.52546310424805
2009-02-02,91.86000061035156,89.69000244140625,90.5999984741211,90.93000030517578,9926400.0,62.03426742553711
2009-02-03,93.7300033569336,90.16000366210938,91.06999969482422,93.4800033569336,8864500.0,63.77392578125
2009-02-04,94.91000366210938,91.81999969482422,93.73999786376953,92.83000183105469,10189800.0,63.33050537109375
2009-02-05,93.19999694824219,91.22000122070312,92.12999725341797,92.41000366210938,11622900.0,63.04396057128906
2009-02-06,97.0999984741211,91.6500015258789,92.51000213623047,96.13999938964844,13055900.0,65.94542694091797
2009-02-09,96.9800033569336,94.72000122070312,95.93000030517578,96.81999969482422,8165800.0,66.41187286376953
2009-02-10,96.81999969482422,92.95999908447266,95.58000183105469,93.2699966430664,13541300.0,63.976806640625
2009-02-11,95.7699966430664,93.0,93.4800033569336,95.16000366210938,10765700.0,65.27323150634766
2009-02-12,95.19999694824219,92.19999694824219,94.41000366210938,95.06999969482422,9917700.0,65.21150207519531
2009-02-13,95.18000030517578,93.56999969482422,94.79000091552734,93.83999633789062,6742400.0,64.36781311035156
2009-02-17,92.48999786376953,90.5,91.7300033569336,90.66999816894531,8903500.0,62.19340515136719
2009-02-18,92.25,90.44000244140625,91.16999816894531,91.51000213623047,8492600.0,62.769588470458984
2009-02-19,92.16000366210938,88.44999694824219,91.05999755859375,88.93000030517578,12622700.0,60.999881744384766
2009-02-20,89.9000015258789,87.33999633789062,88.05000305175781,88.79000091552734,12400700.0,60.90385055541992
2009-02-23,89.33000183105469,84.19000244140625,89.30000305175781,84.37000274658203,13509600.0,57.872047424316406
2009-02-24,87.08000183105469,84.0999984741211,84.62999725341797,86.4000015258789,12915300.0,59.26445770263672
2009-02-25,87.12000274658203,82.8499984741211,86.0,85.9000015258789,12646400.0,58.9215087890625
2009-02-26,90.19999694824219,86.33000183105469,86.8499984741211,88.97000122070312,17423200.0,61.02733612060547
2009-02-27,93.27999877929688,88.01000213623047,88.12000274658203,92.02999877929688,21311200.0,63.126277923583984
2009-03-02,91.9000015258789,88.75,91.16999816894531,89.05000305175781,15231700.0,61.08218765258789
2009-03-03,90.18000030517578,87.19000244140625,90.16000366210938,87.7699966430664,13744100.0,60.204200744628906
2009-03-04,91.23999786376953,87.5999984741211,88.97000122070312,89.48999786376953,15391700.0,61.38398742675781
2009-03-05,90.16000366210938,87.0199966430664,88.12999725341797,87.4800033569336,14930100.0,60.00527572631836
2009-03-06,88.25,83.80999755859375,87.47000122070312,85.80999755859375,15186000.0,58.859764099121094
2009-03-09,86.80000305175781,83.0199966430664,84.69999694824219,83.4800033569336,13151800.0,57.26154708862305
2009-03-10,87.25,83.63999938964844,85.11000061035156,87.25,15914800.0,59.84750747680664
2009-03-11,89.54000091552734,86.72000122070312,87.51000213623047,88.62000274658203,11823900.0,60.78725814819336
2009-03-12,90.5999984741211,87.48999786376953,88.58999633789062,90.4000015258789,11829200.0,62.008201599121094
2009-03-13,90.6500015258789,89.29000091552734,90.4000015258789,90.36000061035156,9111900.0,61.98076248168945
2009-03-16,93.0,90.54000091552734,91.6500015258789,91.22000122070312,11793700.0,62.570674896240234
2009-03-17,92.91000366210938,90.44999694824219,91.11000061035156,92.91000366210938,11489700.0,63.72990417480469
2009-03-18,92.9000015258789,89.41000366210938,89.45999908447266,91.94999694824219,17954300.0,63.071372985839844
2009-03-19,93.3499984741211,91.51000213623047,92.83999633789062,92.66000366210938,9899300.0,63.55841827392578
2009-03-20,95.0,92.18000030517578,93.16000366210938,92.51000213623047,12193900.0,63.45550537109375
2009-03-23,98.70999908447266,93.69999694824219,93.69999694824219,98.70999908447266,12407200.0,67.7082748413086
2009-03-24,99.55000305175781,97.5199966430664,97.69000244140625,98.30000305175781,9346700.0,67.42707061767578
2009-03-25,99.86000061035156,96.08999633789062,98.47000122070312,97.94999694824219,12017000.0,67.18697357177734
2009-03-26,99.19999694824219,97.75,98.47000122070312,98.77999877929688,11434600.0,67.75629425048828
2009-03-27,96.0,92.75,95.98999786376953,94.1500015258789,15745200.0,64.5804443359375
2009-03-30,94.73999786376953,91.80000305175781,92.0,94.5199966430664,10964000.0,64.83422088623047
2009-03-31,98.66000366210938,94.8499984741211,94.95999908447266,96.88999938964844,14553700.0,66.45989990234375
2009-04-01,98.0,95.69999694824219,96.12999725341797,97.61000061035156,12212900.0,66.9537582397461
2009-04-02,101.98999786376953,98.37999725341797,99.1500015258789,100.81999969482422,16219000.0,69.15560913085938
2009-04-03,102.66000366210938,99.70999908447266,99.7300033569336,102.22000122070312,10962900.0,70.11589050292969
2009-04-06,101.8499984741211,100.0,100.9000015258789,101.55999755859375,8819800.0,69.6631851196289
2009-04-07,100.5,98.5199966430664,100.16999816894531,98.75,8768400.0,67.73572540283203
2009-04-08,101.55000305175781,99.0,99.44999694824219,101.19000244140625,7285200.0,69.40939331054688
2009-04-09,102.44999694824219,100.25,102.01000213623047,101.69999694824219,8013700.0,69.75923156738281
2009-04-13,101.6500015258789,99.04000091552734,100.27999877929688,99.94999694824219,7797200.0,68.55884552001953
2009-04-14,99.94999694824219,98.2699966430664,99.08000183105469,99.2699966430664,6276700.0,68.09241485595703
2009-04-15,99.05999755859375,96.44000244140625,98.2300033569336,98.8499984741211,8164200.0,67.80431365966797
2009-04-16,101.91999816894531,99.18000030517578,99.73999786376953,101.43000030517578,9259500.0,69.57402801513672
2009-04-17,102.04000091552734,99.69000244140625,101.18000030517578,101.2699966430664,10214200.0,69.46427917480469
2009-04-20,101.19000244140625,99.20999908447266,100.29000091552734,100.43000030517578,12524700.0,68.88806915283203
2009-04-21,102.4800033569336,98.19999694824219,98.41000366210938,102.30999755859375,15226700.0,70.17765045166016
2009-04-22,103.86000061035156,101.05999755859375,101.16999816894531,102.55000305175781,12120000.0,70.34224700927734
2009-04-23,102.77999877929688,99.80000305175781,102.6500015258789,101.41999816894531,9440400.0,69.5671615600586
2009-04-24,101.58000183105469,99.5,101.16999816894531,100.08000183105469,10157500.0,68.64802551269531
2009-04-27,101.69000244140625,99.29000091552734,99.61000061035156,99.94999694824219,8611400.0,68.55884552001953
2009-04-28,102.7300033569336,99.25,99.36000061035156,101.94000244140625,11110500.0,69.9238510131836
2009-04-29,105.0,101.66999816894531,101.9800033569336,104.04000091552734,9783700.0,71.36428833007812
2009-04-30,106.05000305175781,102.8499984741211,104.55000305175781,103.20999908447266,10654500.0,70.79498291015625
2009-05-01,104.86000061035156,102.94000244140625,103.77999877929688,104.61000061035156,6234200.0,71.75527954101562
2009-05-04,106.75,104.61000061035156,105.26000213623047,106.19000244140625,8313900.0,72.83906555175781
2009-05-05,106.81999969482422,105.51000213623047,106.0,105.8499984741211,6750000.0,72.60581970214844
2009-05-06,105.5,103.70999908447266,105.2300033569336,104.62000274658203,7530900.0,72.13697814941406
2009-05-07,104.80000305175781,101.83000183105469,104.6500015258789,102.58999633789062,8521400.0,70.73722839355469
2009-05-08,103.75,99.83000183105469,103.58000183105469,101.48999786376953,11575500.0,69.97879791259766
2009-05-11,103.87999725341797,100.94999694824219,101.08999633789062,102.9000015258789,8253000.0,70.95101165771484
2009-05-12,104.37999725341797,102.37000274658203,102.9800033569336,103.94000244140625,7961600.0,71.66810607910156
2009-05-13,103.0999984741211,101.3499984741211,102.87999725341797,102.26000213623047,8202100.0,70.50971221923828
2009-05-14,102.70999908447266,100.7699966430664,101.72000122070312,101.05000305175781,9445100.0,69.67539978027344
2009-05-15,103.06999969482422,100.56999969482422,100.9000015258789,101.37000274658203,8367400.0,69.89607238769531
2009-05-18,104.70999908447266,101.94000244140625,102.0,104.58000183105469,7429500.0,72.10936737060547
2009-05-19,106.12000274658203,104.0,104.33000183105469,105.51000213623047,7079200.0,72.75064086914062
2009-05-20,105.9800033569336,103.80999755859375,105.51000213623047,104.05000305175781,7083100.0,71.74394989013672
2009-05-21,103.25,101.73999786376953,103.06999969482422,102.81999969482422,7411500.0,70.89583587646484
2009-05-22,103.30999755859375,101.75,102.66999816894531,101.88999938964844,5596200.0,70.25458526611328
2009-05-26,105.62999725341797,101.0199966430664,101.31999969482422,105.0199966430664,7211200.0,72.41275787353516
2009-05-27,105.16999816894531,102.91000366210938,104.33999633789062,102.93000030517578,7119600.0,70.97169494628906
2009-05-28,105.13999938964844,102.68000030517578,103.33999633789062,104.69000244140625,6127500.0,72.18523406982422
2009-05-29,106.5,103.94999694824219,104.47000122070312,106.27999877929688,6871800.0,73.28154754638672
2009-06-01,108.66999816894531,106.66999816894531,106.94000244140625,108.37000274658203,7725000.0,74.72265625
2009-06-02,108.80000305175781,106.66000366210938,107.51000213623047,106.83000183105469,7045800.0,73.66081237792969
2009-06-03,106.5999984741211,105.11000061035156,106.52999877929688,106.48999786376953,7688000.0,73.42636108398438
2009-06-04,106.87000274658203,105.5999984741211,106.16999816894531,106.33000183105469,5468500.0,73.31603240966797
2009-06-05,108.4000015258789,106.75,107.33000183105469,107.23999786376953,7665000.0,73.94351196289062
2009-06-08,107.9800033569336,105.5,106.63999938964844,107.48999786376953,6363800.0,74.1158676147461
2009-06-09,109.13999938964844,107.98999786376953,108.1500015258789,108.13999938964844,8585900.0,74.56405639648438
2009-06-10,109.27999877929688,107.05000305175781,109.19999694824219,108.3499984741211,7578100.0,74.7088623046875
2009-06-11,110.63999938964844,108.55999755859375,108.75,109.4000015258789,9134300.0,75.43285369873047
2009-06-12,109.27999877929688,107.75,108.4000015258789,108.20999908447266,7250900.0,74.61233520507812
2009-06-15,108.83000183105469,107.23999786376953,107.62999725341797,107.62000274658203,8567600.0,74.2055435180664
2009-06-16,109.13999938964844,107.2699966430664,108.47000122070312,107.31999969482422,7231000.0,73.9986572265625
2009-06-17,107.87999725341797,106.87999725341797,107.45999908447266,107.0,7366200.0,73.77799987792969
2009-06-18,107.52999877929688,106.12000274658203,106.93000030517578,106.33000183105469,6206900.0,73.31603240966797
2009-06-19,106.6500015258789,105.5,106.30999755859375,105.88999938964844,13559000.0,73.01264953613281
2009-06-22,105.87999725341797,104.2300033569336,105.18000030517578,104.5199966430664,7295400.0,72.0680160522461
2009-06-23,104.87000274658203,103.79000091552734,104.75,104.44000244140625,5152600.0,72.0128402709961
2009-06-24,106.4800033569336,103.72000122070312,105.38999938964844,104.1500015258789,6395200.0,71.81292724609375
2009-06-25,106.79000091552734,103.51000213623047,103.69999694824219,106.05999755859375,6900600.0,73.12986755371094
2009-06-26,106.5,105.05000305175781,106.5,105.68000030517578,5127900.0,72.86785888671875
2009-06-29,106.18000030517578,105.16000366210938,105.98999786376953,105.83000183105469,4681800.0,72.97130584716797
2009-06-30,106.02999877929688,103.80999755859375,105.69000244140625,104.41999816894531,7512600.0,71.99906158447266
2009-07-01,106.2699966430664,104.7300033569336,105.0,104.83999633789062,5537300.0,72.28868103027344
2009-07-02,103.91000366210938,101.7300033569336,103.80000305175781,101.7300033569336,7026700.0,70.14430236816406
2009-07-06,102.2300033569336,100.47000122070312,101.56999969482422,101.6500015258789,6522500.0,70.08910369873047
2009-07-07,101.95999908447266,100.02999877929688,101.33999633789062,100.19000244140625,6685600.0,69.0824203491211
2009-07-08,101.16999816894531,99.5,100.29000091552734,100.68000030517578,7380800.0,69.4202880859375
2009-07-09,102.77999877929688,100.8499984741211,101.12000274658203,102.08000183105469,6153200.0,70.3855972290039
2009-07-10,101.72000122070312,99.80000305175781,100.97000122070312,100.83000183105469,7465900.0,69.52371215820312
2009-07-13,103.6500015258789,100.19000244140625,101.27999877929688,103.62000274658203,9494300.0,71.44746398925781
2009-07-14,103.62000274658203,102.5199966430664,103.41999816894531,103.25,5413500.0,71.19232940673828
2009-07-15,107.22000122070312,104.5999984741211,104.75,107.22000122070312,8699100.0,73.92972564697266
2009-07-16,110.97000122070312,106.79000091552734,106.83999633789062,110.63999938964844,14997900.0,76.2878646850586
2009-07-17,115.52999877929688,113.16000366210938,113.41000366210938,115.41999816894531,20188900.0,79.5837173461914
2009-07-20,116.87999725341797,114.38999938964844,114.52999877929688,116.44000244140625,10682500.0,80.28702545166016
2009-07-21,117.04000091552734,115.37999725341797,115.87000274658203,117.04000091552734,8301700.0,80.70073699951172
2009-07-22,117.19999694824219,115.08999633789062,116.18000030517578,115.56999969482422,8813400.0,79.68714904785156
2009-07-23,118.0,115.05999755859375,115.05999755859375,117.05999755859375,8461400.0,80.71452331542969
2009-07-24,118.1500015258789,116.62999725341797,116.68000030517578,117.63999938964844,6261000.0,81.11443328857422
2009-07-27,117.91999816894531,116.56999969482422,116.94999694824219,117.62999725341797,5069200.0,81.10755920410156
2009-07-28,117.5199966430664,116.33999633789062,116.62999725341797,117.27999877929688,5782900.0,80.86621856689453
2009-07-29,117.27999877929688,116.05000305175781,116.36000061035156,117.26000213623047,5100900.0,80.85243225097656
2009-07-30,119.37000274658203,117.66999816894531,118.0,117.86000061035156,6803100.0,81.26614379882812
2009-07-31,118.98999786376953,117.55999755859375,117.55999755859375,117.93000030517578,5329600.0,81.31437683105469
2009-08-03,119.95999908447266,118.69000244140625,118.87999725341797,119.91999816894531,6108200.0,82.6865234375
2009-08-04,119.80000305175781,119.0199966430664,119.16999816894531,119.5999984741211,4993500.0,82.46589660644531
2009-08-05,119.0,117.86000061035156,118.5199966430664,118.47000122070312,5025800.0,81.68675231933594
2009-08-06,118.4000015258789,116.69999694824219,118.30999755859375,117.37999725341797,6003100.0,81.31266784667969
2009-08-07,119.91000366210938,118.11000061035156,118.11000061035156,119.33000183105469,5763200.0,82.6634750366211
2009-08-10,119.19000244140625,117.97000122070312,118.16999816894531,118.69999694824219,3981300.0,82.2270736694336
2009-08-11,118.5,117.31999969482422,118.02999877929688,117.79000091552734,4844500.0,81.59668731689453
2009-08-12,119.95999908447266,117.41999816894531,117.5999984741211,119.29000091552734,6289700.0,82.63578033447266
2009-08-13,119.77999877929688,118.62999725341797,119.27999877929688,119.58000183105469,5489200.0,82.83668518066406
2009-08-14,119.73999786376953,117.62000274658203,119.29000091552734,118.56999969482422,4796400.0,82.13701629638672
2009-08-17,117.44000244140625,116.20999908447266,116.69000244140625,116.86000061035156,5349600.0,80.95245361328125
2009-08-18,118.0,116.7300033569336,116.80999755859375,117.62999725341797,4286200.0,81.48585510253906
2009-08-19,118.7699966430664,116.12000274658203,116.36000061035156,118.56999969482422,4837900.0,82.13701629638672
2009-08-20,119.41000366210938,118.0999984741211,118.44000244140625,118.94999694824219,4841700.0,82.40023803710938
2009-08-21,120.01000213623047,118.55000305175781,119.6500015258789,119.9000015258789,8306800.0,83.058349609375
2009-08-24,120.87999725341797,119.0999984741211,119.91999816894531,119.31999969482422,6363400.0,82.65653991699219
2009-08-25,120.1500015258789,118.70999908447266,119.25,118.83000183105469,4652200.0,82.31713104248047
2009-08-26,119.8499984741211,117.51000213623047,118.63999938964844,119.47000122070312,4515500.0,82.76048278808594
2009-08-27,119.58999633789062,117.8499984741211,118.7300033569336,119.43000030517578,4356900.0,82.73277282714844
2009-08-28,120.2300033569336,117.7699966430664,120.0999984741211,118.22000122070312,6235700.0,81.89456176757812
2009-08-31,118.05999755859375,116.91999816894531,117.0999984741211,118.05000305175781,5439400.0,81.77678680419922
2009-09-01,118.93000030517578,116.5,117.66999816894531,116.69000244140625,6303800.0,80.83467864990234
2009-09-02,117.23999786376953,116.0,116.33999633789062,116.08999633789062,5178800.0,80.41902923583984
2009-09-03,116.7300033569336,115.1500015258789,116.55000305175781,116.33000183105469,4936200.0,80.58529663085938
2009-09-04,117.5,116.20999908447266,116.58000183105469,117.45999908447266,3451700.0,81.36808776855469
2009-09-08,118.16999816894531,116.62999725341797,117.94000244140625,117.16000366210938,5797500.0,81.1602554321289
2009-09-09,117.66999816894531,116.16000366210938,117.02999877929688,116.76000213623047,5248100.0,80.8831787109375
2009-09-10,117.83000183105469,116.75,116.98999786376953,117.66999816894531,4889400.0,81.51354217529297
2009-09-11,119.25,117.47000122070312,117.80000305175781,118.05000305175781,5893700.0,81.77678680419922
2009-09-14,118.98999786376953,116.94000244140625,117.0,118.87999725341797,4758600.0,82.35177612304688
2009-09-15,119.44999694824219,118.16000366210938,118.77999877929688,119.3499984741211,6536000.0,82.67735290527344
2009-09-16,122.0,119.30000305175781,119.5,121.81999969482422,11236700.0,84.38835906982422
2009-09-17,122.77999877929688,121.05000305175781,121.13999938964844,121.87999725341797,8392600.0,84.4299545288086
2009-09-18,122.87999725341797,121.62000274658203,122.44999694824219,122.11000061035156,9935800.0,84.58926391601562
2009-09-21,122.08000183105469,120.87999725341797,121.02999877929688,121.56999969482422,4515100.0,84.2152099609375
2009-09-22,122.11000061035156,120.9800033569336,122.08999633789062,121.61000061035156,5564700.0,84.242919921875
2009-09-23,122.73999786376953,120.70999908447266,121.26000213623047,120.81999969482422,5538100.0,83.69564819335938
2009-09-24,121.6500015258789,120.4000015258789,120.69000244140625,120.94000244140625,5426800.0,83.7787857055664
2009-09-25,121.6500015258789,120.0999984741211,120.2699966430664,121.08000183105469,5187900.0,83.87578582763672
2009-09-28,122.0,118.94000244140625,120.5199966430664,119.33000183105469,8248600.0,82.6634750366211
2009-09-29,119.94000244140625,118.5999984741211,119.36000061035156,118.80999755859375,6748800.0,82.30326843261719
2009-09-30,120.0,117.55000305175781,119.18000030517578,119.61000061035156,7733300.0,82.85746002197266
2009-10-01,119.61000061035156,117.55999755859375,119.38999938964844,117.9000015258789,7067500.0,81.67288208007812
2009-10-02,119.66000366210938,117.26000213623047,117.4000015258789,119.0199966430664,7581900.0,82.4487533569336
2009-10-05,120.18000030517578,118.12999725341797,118.9000015258789,119.75,5673300.0,82.95443725585938
2009-10-06,121.58999633789062,120.22000122070312,120.38999938964844,121.3499984741211,6659100.0,84.06280517578125
2009-10-07,122.8499984741211,120.94000244140625,121.12000274658203,122.77999877929688,5872000.0,85.05342864990234
2009-10-08,122.9800033569336,121.8499984741211,122.5199966430664,122.29000091552734,6498000.0,84.7139663696289
2009-10-09,126.0,122.30000305175781,122.43000030517578,125.93000030517578,13123100.0,87.23551940917969
2009-10-12,127.0999984741211,125.19999694824219,125.44000244140625,127.04000091552734,7730500.0,88.00442504882812
2009-10-13,127.38999938964844,126.19999694824219,126.22000122070312,127.0199966430664,7581300.0,87.9906005859375
2009-10-14,128.61000061035156,126.5999984741211,127.70999908447266,128.35000610351562,9545500.0,88.91192626953125
2009-10-15,128.0,126.31999969482422,127.55999755859375,127.9800033569336,11904600.0,88.6556167602539
2009-10-16,123.69999694824219,121.25,123.1500015258789,121.63999938964844,19216900.0,84.26370239257812
2009-10-19,123.36000061035156,121.61000061035156,121.76000213623047,123.05999755859375,7514100.0,85.24735260009766
2009-10-20,123.5,121.5,123.36000061035156,122.81999969482422,8780700.0,85.08110809326172
2009-10-21,124.11000061035156,120.86000061035156,122.18000030517578,120.87000274658203,7171000.0,83.73028564453125
2009-10-22,123.0,120.33999633789062,120.75,122.69000244140625,6027000.0,84.99107360839844
2009-10-23,123.05999755859375,120.0,122.94999694824219,120.36000061035156,6799200.0,83.37701416015625
2009-10-26,122.44000244140625,119.55000305175781,120.61000061035156,120.11000061035156,6538500.0,83.20384216308594
2009-10-27,122.13999938964844,119.1500015258789,120.18000030517578,120.6500015258789,9445400.0,83.57788848876953
2009-10-28,121.68000030517578,119.87000274658203,120.47000122070312,121.5,8780400.0,84.16673278808594
2009-10-29,123.02999877929688,121.5999984741211,122.1500015258789,122.87000274658203,6309400.0,85.11575317382812
2009-10-30,123.25,120.4800033569336,122.62999725341797,120.61000061035156,7711700.0,83.55017852783203
2009-11-02,121.93000030517578,119.5,120.7699966430664,120.55999755859375,7049400.0,83.51555633544922
2009-11-03,121.19000244140625,119.52999877929688,119.52999877929688,121.16000366210938,5706800.0,83.93119812011719
2009-11-04,122.5,121.16000366210938,121.45999908447266,121.29000091552734,6353300.0,84.02124786376953
2009-11-05,123.5,122.0,122.12000274658203,123.0999984741211,6701800.0,85.27507019042969
2009-11-06,123.48999786376953,122.2300033569336,122.51000213623047,123.48999786376953,4979600.0,85.9291763305664
2009-11-09,126.0,123.48999786376953,123.91999816894531,126.0,7764600.0,87.67571258544922
2009-11-10,127.05000305175781,125.16999816894531,125.30000305175781,126.91000366210938,6444500.0,88.3089599609375
2009-11-11,127.30000305175781,125.94000244140625,126.55000305175781,127.19000244140625,6530800.0,88.5037841796875
2009-11-12,127.6500015258789,126.11000061035156,126.61000061035156,126.26000213623047,5345400.0,87.85665130615234
2009-11-13,127.80000305175781,126.2699966430664,126.41000366210938,127.02999877929688,4979700.0,88.3924331665039
2009-11-16,128.24000549316406,127.02999877929688,127.16999816894531,128.2100067138672,7822500.0,89.21353912353516
2009-11-17,128.64999389648438,127.4000015258789,127.43000030517578,128.6300048828125,1027500.0,89.50577545166016
2009-11-18,128.35000610351562,127.55000305175781,128.0500030517578,128.14999389648438,3970100.0,89.17176055908203
2009-11-19,127.83999633789062,126.51000213623047,127.27999877929688,127.54000091552734,5308400.0,88.7473373413086
2009-11-20,127.69000244140625,126.45999908447266,127.16999816894531,126.95999908447266,5354200.0,88.34371185302734
2009-11-23,128.94000244140625,127.6500015258789,127.69999694824219,128.1999969482422,7003500.0,89.2065658569336
2009-11-24,128.32000732421875,127.13999938964844,127.9000015258789,127.93000030517578,4816500.0,89.01869201660156
2009-11-25,128.22000122070312,127.08000183105469,127.87999725341797,127.27999877929688,3967700.0,88.56636047363281
2009-11-27,126.62000274658203,124.26000213623047,124.58999633789062,125.69999694824219,3319200.0,87.46695709228516
2009-11-30,126.5999984741211,124.91999816894531,125.12000274658203,126.3499984741211,6302700.0,87.91926574707031
2009-12-01,128.38999938964844,126.8499984741211,127.29000091552734,127.94000244140625,6578600.0,89.02566528320312
2009-12-02,128.38999938964844,127.16000366210938,127.31999969482422,127.20999908447266,4597900.0,88.51770782470703
2009-12-03,128.47000122070312,127.25,127.5999984741211,127.55000305175781,5760000.0,88.75428009033203
2009-12-04,128.89999389648438,126.0,128.39999389648438,127.25,7068500.0,88.54550170898438
2009-12-07,127.52999877929688,126.58999633789062,126.87999725341797,127.04000091552734,4144400.0,88.39942932128906
2009-12-08,127.3499984741211,126.16000366210938,126.97000122070312,126.80000305175781,5351400.0,88.23239135742188
2009-12-09,128.38999938964844,126.11000061035156,126.69999694824219,128.38999938964844,6071900.0,89.33879089355469
2009-12-10,129.47000122070312,128.08999633789062,128.1300048828125,129.33999633789062,7077800.0,89.99983215332031
2009-12-11,129.77000427246094,128.7100067138672,129.00999450683594,129.67999267578125,6597200.0,90.2364273071289
2009-12-14,129.97999572753906,129.60000610351562,129.64999389648438,129.92999267578125,5201300.0,90.41036987304688
2009-12-15,129.86000061035156,127.94000244140625,129.4600067138672,128.49000549316406,7862600.0,89.40837860107422
2009-12-16,129.60000610351562,128.35000610351562,128.74000549316406,128.7100067138672,6372500.0,89.56146240234375
2009-12-17,128.55999755859375,127.12000274658203,128.0,127.4000015258789,5909500.0,88.64991760253906
2009-12-18,128.38999938964844,127.0,127.97000122070312,127.91000366210938,9106600.0,89.00477600097656
2009-12-21,128.94000244140625,127.68000030517578,127.80000305175781,128.64999389648438,4772500.0,89.5196762084961
2009-12-22,129.97999572753906,129.19000244140625,129.3000030517578,129.92999267578125,5535500.0,90.41036987304688
2009-12-23,130.0,129.3000030517578,129.6999969482422,130.0,4127600.0,90.45907592773438
2009-12-24,130.57000732421875,129.47999572753906,129.88999938964844,130.57000732421875,4265100.0,90.85572052001953
2009-12-28,132.30999755859375,130.72000122070312,130.99000549316406,132.30999755859375,5800400.0,92.06649017333984
2009-12-29,132.3699951171875,131.8000030517578,132.27999877929688,131.85000610351562,4184200.0,91.74638366699219
2009-12-30,132.67999267578125,130.67999267578125,131.22999572753906,132.57000732421875,3867000.0,92.24739074707031
2009-12-31,132.85000610351562,130.75,132.41000366210938,130.89999389648438,4223400.0,91.08533477783203
2010-01-04,132.97000122070312,130.85000610351562,131.17999267578125,132.4499969482422,6155300.0,92.16388702392578
2010-01-05,131.85000610351562,130.10000610351562,131.67999267578125,130.85000610351562,6841400.0,91.05054473876953
2010-01-06,131.49000549316406,129.80999755859375,130.67999267578125,130.0,5605300.0,90.45907592773438
2010-01-07,130.25,128.91000366210938,129.8699951171875,129.5500030517578,5840600.0,90.14592742919922
2010-01-08,130.9199981689453,129.0500030517578,129.07000732421875,130.85000610351562,4197200.0,91.05054473876953
2010-01-11,131.05999755859375,128.6699981689453,131.05999755859375,129.47999572753906,5730400.0,90.09722137451172
2010-01-12,131.3300018310547,129.0,129.02999877929688,130.50999450683594,8081500.0,90.81396484375
2010-01-13,131.1199951171875,129.16000366210938,130.38999938964844,130.22999572753906,6455400.0,90.61912536621094
2010-01-14,132.7100067138672,129.91000366210938,130.5500030517578,132.30999755859375,7111800.0,92.06649017333984
2010-01-15,132.88999938964844,131.08999633789062,132.02999877929688,131.77999877929688,8494400.0,91.69766235351562
2010-01-19,134.25,131.55999755859375,131.6300048828125,134.13999938964844,13916200.0,93.33984375
2010-01-20,131.14999389648438,128.9499969482422,130.4600067138672,130.25,15197500.0,90.63304901123047
2010-01-21,130.69000244140625,128.05999755859375,130.47000122070312,129.0,9608600.0,89.76324462890625
2010-01-22,128.88999938964844,125.37000274658203,128.6699981689453,125.5,10088600.0,87.32782745361328
2010-01-25,126.88999938964844,125.70999908447266,126.33000183105469,126.12000274658203,5738500.0,87.75923156738281
2010-01-26,127.75,125.41000366210938,125.91999816894531,125.75,7135300.0,87.50175476074219
2010-01-27,126.95999908447266,125.04000091552734,125.81999969482422,126.33000183105469,8719200.0,87.9053726196289
2010-01-28,127.04000091552734,123.05000305175781,127.02999877929688,123.75,9622200.0,86.11007690429688
2010-01-29,125.0,121.9000015258789,124.31999969482422,122.38999938964844,11571200.0,85.16374206542969
2010-02-01,124.94999694824219,122.77999877929688,123.2300033569336,124.66999816894531,7242900.0,86.75025177001953
2010-02-02,125.80999755859375,123.94999694824219,124.79000091552734,125.52999877929688,5899900.0,87.34870147705078
2010-02-03,126.06999969482422,125.06999969482422,125.16000366210938,125.66000366210938,4177100.0,87.43914794921875
2010-02-04,125.44000244140625,122.9000015258789,125.19000244140625,123.0,9126900.0,85.58820343017578
2010-02-05,123.72000122070312,121.83000183105469,123.04000091552734,123.5199966430664,8617000.0,85.95003509521484
2010-02-08,123.22000122070312,121.73999786376953,123.1500015258789,121.87999725341797,5718500.0,85.18817901611328
2010-02-09,124.19999694824219,122.45999908447266,122.6500015258789,123.20999908447266,6044500.0,86.1177978515625
2010-02-10,123.6500015258789,122.20999908447266,122.94000244140625,122.80999755859375,5219100.0,85.83822631835938
2010-02-11,124.19999694824219,122.05999755859375,122.58000183105469,123.7300033569336,5089000.0,86.48126220703125
2010-02-12,124.05000305175781,121.61000061035156,123.01000213623047,124.0,8017700.0,86.6699447631836
2010-02-16,125.2300033569336,124.11000061035156,124.91000366210938,125.2300033569336,6777300.0,87.52965545654297
2010-02-17,126.52999877929688,125.20999908447266,125.5,126.33000183105469,5827400.0,88.29852294921875
2010-02-18,128.0,126.0,126.12999725341797,127.80999755859375,5525900.0,89.33295440673828
2010-02-19,128.05999755859375,126.87000274658203,127.3499984741211,127.19000244140625,6303100.0,88.89962005615234
2010-02-22,127.43000030517578,126.30999755859375,127.30000305175781,126.8499984741211,3808100.0,88.66197967529297
2010-02-23,127.66000366210938,126.0,126.4800033569336,126.45999908447266,4591900.0,88.3893814086914
2010-02-24,128.27000427246094,126.80999755859375,127.0199966430664,127.58999633789062,4782000.0,89.17918395996094
2010-02-25,127.23999786376953,125.56999969482422,126.05000305175781,127.06999969482422,5658700.0,88.81574249267578
2010-02-26,128.0,126.73999786376953,127.01000213623047,127.16000366210938,4784200.0,88.87867736816406
2010-03-01,128.8300018310547,127.47000122070312,127.5,128.57000732421875,4577700.0,89.86418151855469
2010-03-02,129.08999633789062,127.12999725341797,128.6999969482422,127.41999816894531,6013300.0,89.06037902832031
2010-03-03,128.02000427246094,126.68000030517578,127.7300033569336,126.87999725341797,6390000.0,88.68293762207031
2010-03-04,127.06999969482422,125.47000122070312,127.06999969482422,126.72000122070312,6032300.0,88.57110595703125
2010-03-05,127.55000305175781,127.04000091552734,127.16999816894531,127.25,6140200.0,88.9415283203125
2010-03-08,127.5,126.36000061035156,127.05999755859375,126.41000366210938,6199300.0,88.35443115234375
2010-03-09,126.29000091552734,125.19999694824219,126.2699966430664,125.55000305175781,7528800.0,87.75334930419922
2010-03-10,126.36000061035156,125.20999908447266,125.98999786376953,125.62000274658203,6916200.0,87.80227661132812
2010-03-11,127.80999755859375,125.70999908447266,125.70999908447266,127.5999984741211,7922200.0,89.1861801147461
2010-03-12,128.3699951171875,127.51000213623047,127.91000366210938,127.94000244140625,5169500.0,89.42385864257812
2010-03-15,128.33999633789062,127.27999877929688,127.4000015258789,127.83000183105469,4497700.0,89.34697723388672
2010-03-16,128.8800048828125,127.44999694824219,128.0,128.6699981689453,6134900.0,89.9340591430664
2010-03-17,128.92999267578125,127.36000061035156,128.89999389648438,127.76000213623047,6348400.0,89.29802703857422
2010-03-18,128.75,127.44999694824219,127.45999908447266,128.3800048828125,4954400.0,89.73137664794922
2010-03-19,128.92999267578125,126.77999877929688,127.70999908447266,127.70999908447266,10744300.0,89.2630844116211
2010-03-22,128.38999938964844,126.56999969482422,127.11000061035156,127.9800033569336,5651900.0,89.45177459716797
2010-03-23,129.42999267578125,127.63999938964844,127.94000244140625,129.3699951171875,5978500.0,90.42335510253906
2010-03-24,129.9499969482422,128.47000122070312,128.6300048828125,128.52999877929688,6669300.0,89.83619689941406
2010-03-25,130.72999572753906,129.1300048828125,129.36000061035156,129.24000549316406,7603200.0,90.33245849609375
2010-03-26,129.77999877929688,128.72000122070312,128.92999267578125,129.25999450683594,5550800.0,90.34646606445312
2010-03-29,129.9499969482422,128.25999450683594,129.3000030517578,128.58999633789062,4643000.0,89.87813568115234
2010-03-30,129.1300048828125,128.25,128.89999389648438,128.77000427246094,3426600.0,90.00395202636719
2010-03-31,128.75,127.6500015258789,128.22999572753906,128.25,4904800.0,89.64051818847656
2010-04-01,129.30999755859375,127.55000305175781,128.9499969482422,128.25,4980500.0,89.64051818847656
2010-04-05,129.8000030517578,128.13999938964844,128.3800048828125,129.35000610351562,4118700.0,90.40933990478516
2010-04-06,129.3000030517578,128.0500030517578,128.67999267578125,128.92999267578125,3926300.0,90.11580657958984
2010-04-07,129.27000427246094,128.00999450683594,128.52999877929688,128.47999572753906,5157000.0,89.80125427246094
2010-04-08,128.22999572753906,127.19999694824219,128.0399932861328,127.61000061035156,6006900.0,89.19319915771484
2010-04-09,128.8699951171875,127.12000274658203,127.87999725341797,128.75999450683594,5185100.0,89.99696350097656
2010-04-12,128.9600067138672,128.24000549316406,128.57000732421875,128.36000061035156,3992300.0,89.71736907958984
2010-04-13,129.42999267578125,127.83999633789062,128.25999450683594,129.02999877929688,6819100.0,90.18568420410156
2010-04-14,131.4199981689453,129.4600067138672,129.72999572753906,131.25,8545800.0,91.73736572265625
2010-04-15,131.13999938964844,130.19000244140625,130.52999877929688,130.88999938964844,6425300.0,91.48574829101562
2010-04-16,132.1699981689453,130.25,130.67999267578125,130.6300048828125,9546200.0,91.30403137207031
2010-04-19,132.27999877929688,130.3800048828125,130.3800048828125,132.22999572753906,11353700.0,92.42233276367188
2010-04-20,130.3300018310547,128.25999450683594,129.1999969482422,129.69000244140625,15216500.0,90.64698791503906
2010-04-21,130.27000427246094,128.5,129.8699951171875,128.99000549316406,7559200.0,90.1577377319336
2010-04-22,129.36000061035156,127.7699966430664,128.63999938964844,129.1300048828125,6018500.0,90.2555923461914
2010-04-23,130.10000610351562,128.7100067138672,129.0800018310547,129.99000549316406,6197300.0,90.85670471191406
2010-04-26,131.0399932861328,129.5399932861328,129.75999450683594,130.72999572753906,5285400.0,91.3738784790039
2010-04-27,132.0,128.7100067138672,129.89999389648438,128.82000732421875,10916700.0,90.03890991210938
2010-04-28,130.47000122070312,129.02999877929688,129.39999389648438,130.10000610351562,7122300.0,90.93355560302734
2010-04-29,131.2100067138672,130.14999389648438,130.5500030517578,130.4600067138672,5786900.0,91.18521118164062
2010-04-30,130.63999938964844,128.83999633789062,130.42999267578125,129.0,6266700.0,90.16472625732422
2010-05-03,130.13999938964844,128.8000030517578,129.38999938964844,129.60000610351562,4992100.0,90.58409118652344
2010-05-04,128.92999267578125,126.56999969482422,128.88999938964844,128.1199951171875,8285000.0,89.54964447021484
2010-05-05,128.22999572753906,126.87000274658203,127.12000274658203,127.45999908447266,6072800.0,89.0883560180664
2010-05-06,127.93000030517578,116.0,126.29000091552734,123.91999816894531,13168800.0,87.0580062866211
2010-05-07,124.38999938964844,120.0,123.36000061035156,122.0999984741211,10584800.0,85.77940368652344
2010-05-10,126.66999816894531,125.05999755859375,126.2699966430664,126.2699966430664,8463900.0,88.70896911621094
2010-05-11,128.4199981689453,125.1500015258789,125.20999908447266,126.88999938964844,6498900.0,89.14453125
2010-05-12,132.85000610351562,127.01000213623047,127.16000366210938,132.67999267578125,16626900.0,93.21221160888672
2010-05-13,133.10000610351562,130.85000610351562,130.92999267578125,131.47999572753906,10497800.0,92.36917114257812
2010-05-14,131.6699981689453,129.41000366210938,131.05999755859375,131.19000244140625,9920100.0,92.16544342041016
2010-05-17,131.75999450683594,128.6999969482422,130.67999267578125,130.44000244140625,8923400.0,91.63854217529297
2010-05-18,131.99000549316406,129.89999389648438,131.25999450683594,129.9499969482422,9330000.0,91.29428100585938
2010-05-19,130.5,127.81999969482422,129.3699951171875,128.86000061035156,8669300.0,90.528564453125
2010-05-20,127.95999908447266,123.68000030517578,127.22000122070312,123.80000305175781,13176500.0,86.9737319946289
2010-05-21,125.61000061035156,121.4000015258789,122.16000366210938,125.41999816894531,12639500.0,88.11182403564453
2010-05-24,126.0199966430664,124.04000091552734,125.26000213623047,124.44999694824219,6868600.0,87.43035125732422
2010-05-25,124.94999694824219,121.47000122070312,121.47000122070312,124.5199966430664,9494800.0,87.47953033447266
2010-05-26,125.94000244140625,123.0,124.88999938964844,123.2300033569336,9083200.0,86.57325744628906
2010-05-27,126.38999938964844,124.7699966430664,125.05000305175781,126.38999938964844,7725900.0,88.79327392578125
2010-05-28,126.27999877929688,124.29000091552734,125.95999908447266,125.26000213623047,7421900.0,87.99943542480469
2010-06-01,126.87999725341797,124.19999694824219,124.69000244140625,124.33999633789062,7135400.0,87.35307312011719
2010-06-02,127.5,124.3499984741211,124.8499984741211,127.41000366210938,7705300.0,89.50985717773438
2010-06-03,128.22000122070312,126.45999908447266,127.75,127.95999908447266,6645300.0,89.8962631225586
2010-06-04,127.0999984741211,124.66999816894531,126.37000274658203,125.27999877929688,9669200.0,88.01346588134766
2010-06-07,125.86000061035156,124.12999725341797,125.56999969482422,124.12999725341797,6951400.0,87.20551300048828
2010-06-08,124.45999908447266,122.81999969482422,124.26000213623047,123.72000122070312,8399200.0,86.91751861572266
2010-06-09,125.83999633789062,123.58000183105469,124.83000183105469,123.9000015258789,7795500.0,87.0439682006836
2010-06-10,128.22000122070312,125.80000305175781,125.98999786376953,127.68000030517578,7479700.0,89.69954681396484
2010-06-11,128.8000030517578,126.44000244140625,126.7300033569336,128.4499969482422,5820200.0,90.2405014038086
2010-06-14,129.97000122070312,128.49000549316406,128.5,128.5,6753000.0,90.27564239501953
2010-06-15,129.9499969482422,128.3699951171875,128.92999267578125,129.7899932861328,6652500.0,91.18186950683594
2010-06-16,130.67999267578125,128.33999633789062,128.33999633789062,130.35000610351562,6401000.0,91.57530975341797
2010-06-17,131.02999877929688,129.86000061035156,130.07000732421875,130.97999572753906,5571000.0,92.01791381835938
2010-06-18,131.25,130.1300048828125,131.02000427246094,130.14999389648438,9581400.0,91.43478393554688
2010-06-21,131.94000244140625,130.22000122070312,131.4199981689453,130.64999389648438,6857800.0,91.78607940673828
2010-06-22,131.47000122070312,129.07000732421875,130.3699951171875,129.3000030517578,6030200.0,90.837646484375
2010-06-23,131.47000122070312,129.08999633789062,129.25,130.11000061035156,6855800.0,91.40668487548828
2010-06-24,129.72999572753906,127.69999694824219,129.57000732421875,128.19000244140625,5565500.0,90.0578384399414
2010-06-25,129.10000610351562,127.12000274658203,128.33999633789062,127.12000274658203,10420400.0,89.30612182617188
2010-06-28,129.47000122070312,127.22000122070312,127.6500015258789,128.97999572753906,6335100.0,90.61283874511719
2010-06-29,128.39999389648438,124.12000274658203,127.3499984741211,125.08999633789062,9376200.0,87.87996673583984
2010-06-30,125.22000122070312,123.0,124.83000183105469,123.4800033569336,8018000.0,86.74889373779297
2010-07-01,124.20999908447266,121.61000061035156,123.55000305175781,122.56999969482422,9742100.0,86.1095962524414
2010-07-02,123.29000091552734,120.61000061035156,123.29000091552734,121.86000061035156,6454500.0,85.61079406738281
2010-07-06,124.62999725341797,122.16999816894531,123.58000183105469,123.45999908447266,6348700.0,86.7348403930664
2010-07-07,127.12000274658203,123.47000122070312,123.47000122070312,127.0,7090300.0,89.2218017578125
2010-07-08,128.14999389648438,126.73999786376953,127.37000274658203,127.97000122070312,5439300.0,89.90327453613281
2010-07-09,128.1999969482422,127.29000091552734,127.9000015258789,127.95999908447266,3898000.0,89.8962631225586
2010-07-12,128.8300018310547,127.16000366210938,127.37000274658203,128.6699981689453,4206900.0,90.39505767822266
2010-07-13,130.97999572753906,128.69000244140625,128.97000122070312,130.47999572753906,6687700.0,91.6666259765625
2010-07-14,131.60000610351562,129.13999938964844,129.32000732421875,130.72000122070312,6607200.0,91.83523559570312
2010-07-15,130.9199981689453,129.5500030517578,129.8699951171875,130.72000122070312,6186800.0,91.83523559570312
2010-07-16,130.14999389648438,127.8499984741211,129.9600067138672,128.02999877929688,7002900.0,89.94542694091797
2010-07-19,130.3800048828125,128.3699951171875,128.6699981689453,129.7899932861328,8388600.0,91.18186950683594
2010-07-20,126.55999755859375,122.93000030517578,122.97000122070312,126.55000305175781,16337400.0,88.90570831298828
2010-07-21,126.5,124.62000274658203,126.44000244140625,125.2699966430664,8615500.0,88.00643920898438
2010-07-22,127.77999877929688,126.05000305175781,126.31999969482422,127.47000122070312,6909000.0,89.5520248413086
2010-07-23,128.8000030517578,127.0,127.30000305175781,128.3800048828125,5078000.0,90.19132232666016
2010-07-26,128.42999267578125,127.13999938964844,128.17999267578125,128.41000366210938,5174900.0,90.21240997314453
2010-07-27,129.1699981689453,127.88999938964844,128.77999877929688,128.6300048828125,4648200.0,90.366943359375
2010-07-28,129.35000610351562,127.87999725341797,128.6699981689453,128.42999267578125,4248800.0,90.22645568847656
2010-07-29,129.5,127.13999938964844,129.05999755859375,128.02000427246094,8994200.0,89.93841552734375
2010-07-30,128.97999572753906,127.04000091552734,127.43000030517578,128.39999389648438,6021000.0,90.20536041259766
2010-08-02,131.1999969482422,129.25,129.25,130.75999450683594,6437500.0,91.86336517333984
2010-08-03,131.0399932861328,129.3300018310547,130.02999877929688,130.3699951171875,5091800.0,91.58935546875
2010-08-04,131.5,129.85000610351562,130.4600067138672,131.27000427246094,4567500.0,92.22164916992188
2010-08-05,131.97999572753906,130.52999877929688,130.72999572753906,131.8300018310547,4520600.0,92.61505889892578
2010-08-06,130.47999572753906,128.75999450683594,130.41000366210938,130.13999938964844,6136200.0,91.88081359863281
2010-08-09,132.33999633789062,130.39999389648438,130.7899932861328,132.0,6131700.0,93.19400787353516
2010-08-10,132.49000549316406,130.77000427246094,131.17999267578125,131.83999633789062,5471700.0,93.08102416992188
2010-08-11,130.69000244140625,129.4600067138672,130.69000244140625,129.8300018310547,6316100.0,91.66192626953125
2010-08-12,128.77999877929688,127.5199966430664,127.69000244140625,128.3000030517578,5132200.0,90.58175659179688
2010-08-13,128.4600067138672,127.33000183105469,127.95999908447266,127.87000274658203,4669400.0,90.27814483642578
2010-08-16,128.22999572753906,126.95999908447266,127.47000122070312,127.7699966430664,4009200.0,90.20755004882812
2010-08-17,129.85000610351562,127.9000015258789,128.8300018310547,128.4499969482422,4298300.0,90.6876449584961
2010-08-18,130.1999969482422,127.80000305175781,128.8699951171875,129.38999938964844,4883200.0,91.35130310058594
2010-08-19,129.58999633789062,128.02000427246094,128.6699981689453,128.89999389648438,5402400.0,91.00533294677734
2010-08-20,128.97999572753906,126.95999908447266,128.72000122070312,127.5,6246300.0,90.0169448852539
2010-08-23,128.02999877929688,126.44000244140625,127.56999969482422,126.47000122070312,4034400.0,89.28974914550781
2010-08-24,126.0199966430664,124.56999969482422,125.20999908447266,124.9000015258789,5621200.0,88.1812744140625
2010-08-25,125.5999984741211,124.0,124.56999969482422,125.2699966430664,5235300.0,88.44251251220703
2010-08-26,125.77999877929688,122.77999877929688,125.77999877929688,122.77999877929688,7746600.0,86.68453979492188
2010-08-27,124.80000305175781,122.41999816894531,123.83000183105469,124.7300033569336,6214200.0,88.06126403808594
2010-08-30,125.2699966430664,123.4000015258789,125.08000183105469,123.4000015258789,3604000.0,87.12226867675781
2010-08-31,123.98999786376953,122.27999877929688,123.30999755859375,123.12999725341797,5624200.0,86.931640625
2010-09-01,126.30999755859375,124.5199966430664,125.30999755859375,125.7699966430664,5623100.0,88.79552459716797
2010-09-02,126.2300033569336,124.6500015258789,126.02999877929688,125.04000091552734,5103300.0,88.2801513671875
2010-09-03,127.5999984741211,125.9000015258789,126.22000122070312,127.58000183105469,5142900.0,90.07342529296875
2010-09-07,127.36000061035156,125.87999725341797,126.98999786376953,125.94999694824219,4353300.0,88.92261505126953
2010-09-08,126.5199966430664,125.38999938964844,126.0199966430664,126.08000183105469,4477500.0,89.01439666748047
2010-09-09,127.56999969482422,126.1500015258789,127.2699966430664,126.36000061035156,3436700.0,89.21208953857422
2010-09-10,128.2899932861328,126.26000213623047,126.98999786376953,127.98999786376953,4418700.0,90.36286926269531
2010-09-13,130.0,128.52000427246094,128.6300048828125,129.61000061035156,5271300.0,91.50662231445312
2010-09-14,129.9199981689453,128.42999267578125,128.42999267578125,128.85000610351562,4850500.0,90.97005462646484
2010-09-15,129.9600067138672,128.5399932861328,128.64999389648438,129.42999267578125,4762500.0,91.3795394897461
2010-09-16,129.9499969482422,128.8000030517578,129.1999969482422,129.6699981689453,4685000.0,91.54898071289062
2010-09-17,130.60000610351562,129.6999969482422,129.9199981689453,130.19000244140625,10397400.0,91.91612243652344
2010-09-20,132.08999633789062,130.11000061035156,130.24000549316406,131.7899932861328,7145500.0,93.04573059082031
2010-09-21,132.8000030517578,130.77999877929688,131.4499969482422,131.97999572753906,5267900.0,93.17987060546875
2010-09-22,132.5800018310547,131.39999389648438,131.61000061035156,132.57000732421875,4922400.0,93.5964126586914
2010-09-23,132.77999877929688,131.22000122070312,131.4199981689453,131.6699981689453,3898800.0,92.96100616455078
2010-09-24,134.14999389648438,132.33999633789062,132.4199981689453,134.11000061035156,7122400.0,94.68368530273438
2010-09-27,135.0,133.50999450683594,133.50999450683594,134.64999389648438,6155400.0,95.06493377685547
2010-09-28,135.13999938964844,133.7100067138672,134.6699981689453,134.88999938964844,7481300.0,95.23436737060547
2010-09-29,135.8000030517578,134.33999633789062,134.39999389648438,135.47999572753906,5151200.0,95.65093994140625
2010-09-30,136.11000061035156,133.6699981689453,135.5,134.13999938964844,6425800.0,94.70484161376953
2010-10-01,136.27999877929688,135.08999633789062,135.50999450683594,135.63999938964844,5621200.0,95.76387786865234
2010-10-04,135.9199981689453,134.38999938964844,135.22999572753906,135.25,4059900.0,95.4885482788086
2010-10-05,137.89999389648438,136.1199951171875,136.17999267578125,137.66000366210938,6202500.0,97.19002532958984
2010-10-06,137.9600067138672,136.8300018310547,136.8800048828125,137.83999633789062,4783000.0,97.31713104248047
2010-10-07,138.8800048828125,137.52000427246094,137.9199981689453,138.72000122070312,6440800.0,97.93838500976562
2010-10-08,139.08999633789062,138.05999755859375,138.39999389648438,138.85000610351562,4540800.0,98.03018951416016
2010-10-11,139.94000244140625,138.63999938964844,138.7899932861328,139.66000366210938,4004300.0,98.6020736694336
2010-10-12,139.99000549316406,138.27000427246094,138.39999389648438,139.85000610351562,5637300.0,98.73622131347656
2010-10-13,141.47999572753906,139.77999877929688,139.91000366210938,140.3699951171875,8784300.0,99.10334014892578
2010-10-14,141.5,139.69000244140625,140.35000610351562,141.5,5653100.0,99.90115356445312
2010-10-15,142.10000610351562,140.5399932861328,142.10000610351562,141.05999755859375,7220400.0,99.59046173095703
2010-10-18,143.02999877929688,140.83999633789062,140.89999389648438,142.8300018310547,10322700.0,100.84015655517578
2010-10-19,139.33999633789062,136.6999969482422,137.3000030517578,138.02999877929688,14159100.0,97.4512710571289
2010-10-20,139.8699951171875,138.1300048828125,138.27999877929688,139.07000732421875,6945500.0,98.18550872802734
2010-10-21,140.49000549316406,138.39999389648438,139.80999755859375,139.8300018310547,6221200.0,98.72209167480469
2010-10-22,140.75,139.4600067138672,140.14999389648438,139.6699981689453,4105300.0,98.6091537475586
2010-10-25,141.39999389648438,139.80999755859375,140.4199981689453,139.83999633789062,4870000.0,98.72913360595703
2010-10-26,142.0,138.52999877929688,139.2899932861328,140.6699981689453,7327100.0,99.31515502929688
2010-10-27,141.57000732421875,139.0,139.52000427246094,141.42999267578125,6465300.0,99.8517074584961
2010-10-28,141.9499969482422,140.4199981689453,141.83999633789062,140.89999389648438,5481600.0,99.4775390625
2010-10-29,144.0,140.75,140.89999389648438,143.60000610351562,8439300.0,101.38375854492188
2010-11-01,144.25999450683594,142.32000732421875,143.63999938964844,143.32000732421875,5674600.0,101.18609619140625
2010-11-02,144.7100067138672,143.7100067138672,143.85000610351562,143.83999633789062,4626400.0,101.55318450927734
2010-11-03,144.4600067138672,142.6300048828125,144.24000549316406,144.1699981689453,5182100.0,101.78620147705078
2010-11-04,146.83999633789062,144.7100067138672,144.82000732421875,146.7899932861328,6622500.0,103.6359634399414
2010-11-05,146.92999267578125,145.6699981689453,145.94000244140625,146.9199981689453,4995800.0,103.72774505615234
2010-11-08,146.5800018310547,145.25,145.35000610351562,146.4600067138672,4459700.0,103.86247253417969
2010-11-09,147.52999877929688,145.6300048828125,146.6999969482422,146.13999938964844,5700600.0,103.63553619384766
2010-11-10,146.7899932861328,145.6300048828125,146.08999633789062,146.5500030517578,5172000.0,103.92631530761719
2010-11-11,145.5,143.35000610351562,144.6999969482422,145.42999267578125,4752200.0,103.13203430175781
2010-11-12,145.77000427246094,143.5500030517578,144.58999633789062,143.74000549316406,4731500.0,101.93360137939453
2010-11-15,144.75,143.27000427246094,143.88999938964844,143.63999938964844,3827700.0,101.86267852783203
2010-11-16,143.3800048828125,141.17999267578125,142.92999267578125,142.24000549316406,6342100.0,100.86986541748047
2010-11-17,142.49000549316406,141.38999938964844,142.49000549316406,141.9499969482422,4785900.0,100.66423034667969
2010-11-18,144.99000549316406,142.75,143.0399932861328,144.36000061035156,4236200.0,102.37326049804688
2010-11-19,145.35000610351562,143.99000549316406,144.3800048828125,145.0500030517578,5015900.0,102.8625717163086
2010-11-22,145.42999267578125,143.55999755859375,144.0,145.38999938964844,3730700.0,103.10367584228516
2010-11-23,144.52999877929688,142.3300018310547,144.24000549316406,143.17999267578125,4570300.0,101.53646850585938
2010-11-24,146.44000244140625,143.82000732421875,143.9499969482422,145.80999755859375,4874100.0,103.40151977539062
2010-11-26,145.3000030517578,143.57000732421875,145.3000030517578,143.89999389648438,2081300.0,102.04702758789062
2010-11-29,143.6699981689453,141.5,143.52999877929688,142.88999938964844,5040300.0,101.33079528808594
2010-11-30,142.75999450683594,141.27999877929688,142.24000549316406,141.4600067138672,7674800.0,100.31673431396484
2010-12-01,145.1300048828125,143.50999450683594,143.61000061035156,144.41000366210938,6822800.0,102.40873718261719
2010-12-02,145.85000610351562,144.3000030517578,144.3300018310547,145.17999267578125,5374000.0,102.95476531982422
2010-12-03,145.67999267578125,144.25,144.25,145.3800048828125,3710600.0,103.09661865234375
2010-12-06,145.8699951171875,144.52000427246094,144.5399932861328,144.99000549316406,3321800.0,102.82001495361328
2010-12-07,146.3000030517578,143.8699951171875,146.02000427246094,144.02000427246094,4828600.0,102.13214111328125
2010-12-08,145.64999389648438,143.83999633789062,144.35000610351562,144.97999572753906,4961400.0,102.81292724609375
2010-12-09,145.94000244140625,143.52000427246094,145.94000244140625,144.3000030517578,4405300.0,102.3307113647461
2010-12-10,144.9499969482422,143.72999572753906,144.8800048828125,144.82000732421875,3503800.0,102.69947814941406
2010-12-13,145.39999389648438,144.2100067138672,145.13999938964844,144.27999877929688,4741000.0,102.3165054321289
2010-12-14,146.00999450683594,144.25999450683594,144.25999450683594,145.82000732421875,4800800.0,103.40864562988281
2010-12-15,145.72000122070312,144.30999755859375,145.1300048828125,144.72000122070312,4447400.0,102.6285629272461
2010-12-16,145.32000732421875,144.14999389648438,144.83999633789062,144.5500030517578,4178600.0,102.50800323486328
2010-12-17,145.5,144.39999389648438,144.69000244140625,145.0,10027000.0,102.82713317871094
2010-12-20,145.5399932861328,144.38999938964844,145.38999938964844,144.50999450683594,3995000.0,102.4796142578125
2010-12-21,145.99000549316406,144.3300018310547,144.99000549316406,145.74000549316406,3777100.0,103.35189056396484
2010-12-22,146.39999389648438,145.5800018310547,145.66000366210938,145.9499969482422,3388800.0,103.50080871582031
2010-12-23,146.3300018310547,145.3300018310547,145.88999938964844,145.88999938964844,2424500.0,103.45826721191406
2010-12-27,145.6999969482422,145.0,145.1199951171875,145.33999633789062,2314700.0,103.06825256347656
2010-12-28,146.14999389648438,145.05999755859375,145.30999755859375,145.7100067138672,2699600.0,103.33064270019531
2010-12-29,147.5,145.7100067138672,146.0,146.52000427246094,3661100.0,103.9050521850586
2010-12-30,147.11000061035156,146.25,146.36000061035156,146.6699981689453,3039100.0,104.01140594482422
2010-12-31,147.07000732421875,145.9600067138672,146.72999572753906,146.75999450683594,2969800.0,104.07524871826172
2011-01-03,148.1999969482422,147.13999938964844,147.2100067138672,147.47999572753906,4603800.0,104.58580017089844
2011-01-04,148.22000122070312,146.63999938964844,147.55999755859375,147.63999938964844,5060100.0,104.69929504394531
2011-01-05,147.47999572753906,146.72999572753906,147.33999633789062,147.0500030517578,4657400.0,104.28083801269531
2011-01-06,148.7899932861328,146.82000732421875,147.1300048828125,148.66000366210938,5029200.0,105.42262268066406
2011-01-07,148.86000061035156,146.94000244140625,148.7899932861328,147.92999267578125,4135700.0,104.9049301147461
2011-01-10,148.05999755859375,147.22999572753906,147.5800018310547,147.63999938964844,3633400.0,104.69929504394531
2011-01-11,148.35000610351562,146.75,148.1999969482422,147.27999877929688,4163600.0,104.44397735595703
2011-01-12,149.2899932861328,147.6699981689453,147.99000549316406,149.10000610351562,4091500.0,105.73464965820312
2011-01-13,149.2899932861328,148.25,149.24000549316406,148.82000732421875,3445800.0,105.53607177734375
2011-01-14,150.0,148.47000122070312,148.88999938964844,150.0,4544200.0,106.37287139892578
2011-01-18,151.4600067138672,149.3800048828125,149.82000732421875,150.64999389648438,9176900.0,106.83381652832031
2011-01-19,156.1300048828125,152.8300018310547,153.25999450683594,155.69000244140625,12141000.0,110.40794372558594
2011-01-20,155.9600067138672,154.4499969482422,154.52999877929688,155.8000030517578,7439900.0,110.48594665527344
2011-01-21,156.77999877929688,154.9600067138672,156.39999389648438,155.5,7009000.0,110.27323150634766
2011-01-24,159.7899932861328,155.3300018310547,155.4199981689453,159.6300048828125,7285100.0,113.20198822021484
2011-01-25,164.35000610351562,159.0,159.2100067138672,161.44000244140625,8260800.0,114.4855728149414
2011-01-26,161.89999389648438,160.4199981689453,161.6699981689453,161.0399932861328,5353100.0,114.20191955566406
2011-01-27,162.17999267578125,160.86000061035156,161.42999267578125,161.07000732421875,4878300.0,114.22319030761719
2011-01-28,161.9199981689453,158.6699981689453,161.0500030517578,159.2100067138672,6725600.0,112.90416717529297
2011-01-31,162.0,158.67999267578125,159.17999267578125,162.0,7197200.0,114.88272094726562
2011-02-01,163.94000244140625,162.0,162.11000061035156,163.55999755859375,5831300.0,115.98899841308594
2011-02-02,163.60000610351562,162.61000061035156,163.39999389648438,163.3000030517578,3904000.0,115.80463409423828
2011-02-03,164.1999969482422,162.80999755859375,163.16000366210938,163.52999877929688,4683400.0,115.96769714355469
2011-02-04,164.13999938964844,163.22000122070312,163.47999572753906,164.0,3755200.0,116.30103302001953
2011-02-07,164.99000549316406,164.02000427246094,164.0800018310547,164.82000732421875,4928100.0,116.88257598876953
2011-02-08,166.25,164.32000732421875,164.82000732421875,166.0500030517578,5612600.0,118.22100067138672
2011-02-09,165.97000122070312,164.10000610351562,165.6199951171875,164.64999389648438,4633600.0,117.22427368164062
2011-02-10,165.0,163.17999267578125,163.89999389648438,164.08999633789062,5737800.0,116.82556915283203
2011-02-11,165.00999450683594,163.30999755859375,163.97999572753906,163.85000610351562,5185200.0,116.65471649169922
2011-02-14,164.3800048828125,162.85000610351562,164.17999267578125,163.22000122070312,4129800.0,116.2061996459961
2011-02-15,163.57000732421875,162.52000427246094,162.88999938964844,162.83999633789062,3768700.0,115.93559265136719
2011-02-16,163.60000610351562,162.75,163.3300018310547,163.39999389648438,3216000.0,116.33429718017578
2011-02-17,164.6699981689453,162.85000610351562,163.3000030517578,164.24000549316406,3230500.0,116.9323501586914
2011-02-18,164.83999633789062,164.10000610351562,164.4600067138672,164.83999633789062,4245000.0,117.35950469970703
2011-02-22,164.25999450683594,161.77999877929688,163.57000732421875,161.9499969482422,5209300.0,115.30197143554688
2011-02-23,162.67999267578125,160.13999938964844,161.80999755859375,160.17999267578125,5998100.0,114.04181671142578
2011-02-24,161.27000427246094,159.02999877929688,159.6300048828125,160.77000427246094,5707500.0,114.46184539794922
2011-02-25,162.33999633789062,160.86000061035156,161.05999755859375,162.27999877929688,4518400.0,115.53690338134766
2011-02-28,162.99000549316406,161.24000549316406,162.36000061035156,161.8800048828125,4773000.0,115.25215911865234
2011-03-01,163.14999389648438,159.8800048828125,163.14999389648438,159.97000122070312,4382800.0,113.89228057861328
2011-03-02,161.11000061035156,159.41000366210938,159.42999267578125,160.16000366210938,3413000.0,114.02760314941406
2011-03-03,164.0,161.27000427246094,161.4199981689453,163.47999572753906,4057800.0,116.3912353515625
2011-03-04,164.30999755859375,160.64999389648438,163.39999389648438,161.8300018310547,4910700.0,115.21649932861328
2011-03-07,162.97999572753906,158.85000610351562,161.60000610351562,159.92999267578125,5312000.0,113.86380004882812
2011-03-08,163.42999267578125,159.2100067138672,159.6999969482422,162.27999877929688,5384800.0,115.53690338134766
2011-03-09,167.72000122070312,163.27999877929688,163.47000122070312,165.86000061035156,9086600.0,118.08572387695312
2011-03-10,164.6699981689453,161.3800048828125,164.63999938964844,162.02000427246094,7041400.0,115.35176086425781
2011-03-11,163.24000549316406,160.83999633789062,162.39999389648438,162.42999267578125,4271000.0,115.6436767578125
2011-03-14,161.97999572753906,160.08999633789062,161.16000366210938,161.38999938964844,4300500.0,114.90326690673828
2011-03-15,159.63999938964844,156.8800048828125,157.35000610351562,159.02000427246094,6475800.0,113.21597290039062
2011-03-16,156.97999572753906,151.7100067138672,156.52000427246094,153.0,12195300.0,108.92988586425781
2011-03-17,154.5,152.6999969482422,154.0,154.17999267578125,7376400.0,109.77000427246094
2011-03-18,156.9499969482422,154.32000732421875,156.5,155.88999938964844,11450000.0,110.98750305175781
2011-03-21,159.6300048828125,157.07000732421875,157.63999938964844,157.67999267578125,5784000.0,112.26190948486328
2011-03-22,158.61000061035156,157.52000427246094,158.55999755859375,158.0,4311400.0,112.4897232055664
2011-03-23,160.0800018310547,157.52999877929688,158.0,159.52999877929688,4782500.0,113.57902526855469
2011-03-24,160.7100067138672,158.83999633789062,160.22999572753906,160.0399932861328,5145800.0,113.94208526611328
2011-03-25,162.74000549316406,160.75999450683594,160.97999572753906,162.17999267578125,5348100.0,115.46574401855469
2011-03-28,162.5800018310547,161.1199951171875,161.5399932861328,161.3699951171875,3972800.0,114.88900756835938
2011-03-29,163.08999633789062,161.14999389648438,161.33999633789062,162.8800048828125,3456700.0,115.96409606933594
2011-03-30,163.99000549316406,163.02000427246094,163.5500030517578,163.60000610351562,3394100.0,116.47671508789062
2011-03-31,164.05999755859375,163.07000732421875,163.39999389648438,163.07000732421875,3860800.0,116.09937286376953
2011-04-01,164.4199981689453,163.0399932861328,163.6999969482422,164.27000427246094,4381900.0,116.95370483398438
2011-04-04,164.72999572753906,163.5800018310547,164.4199981689453,164.25,3225100.0,116.9394760131836
2011-04-05,164.6999969482422,163.6199951171875,163.80999755859375,163.99000549316406,3612000.0,116.75434875488281
2011-04-06,164.75,163.80999755859375,164.33999633789062,164.0399932861328,3774800.0,116.78997039794922
2011-04-07,164.5500030517578,163.27999877929688,164.10000610351562,164.3800048828125,3666700.0,117.03201293945312
2011-04-08,164.3800048828125,163.16000366210938,164.35000610351562,164.0500030517578,3324100.0,116.79704284667969
2011-04-11,164.0,163.11000061035156,163.44000244140625,163.9499969482422,4139000.0,116.72582244873047
2011-04-12,163.77000427246094,162.3000030517578,163.36000061035156,163.25,3860600.0,116.22753143310547
2011-04-13,164.92999267578125,163.66000366210938,163.97000122070312,163.9499969482422,4181900.0,116.72582244873047
2011-04-14,165.36000061035156,163.16000366210938,163.83999633789062,164.97000122070312,4699100.0,117.45208740234375
2011-04-15,166.33999633789062,164.8699951171875,165.0,166.2100067138672,5287400.0,118.3349380493164
2011-04-18,166.16000366210938,162.86000061035156,164.63999938964844,165.94000244140625,6160700.0,118.1427230834961
2011-04-19,166.3800048828125,164.44000244140625,165.7100067138672,165.39999389648438,6547100.0,117.75820922851562
2011-04-20,165.88999938964844,162.19000244140625,163.10000610351562,164.75,10891800.0,117.29541778564453
2011-04-21,168.4499969482422,164.86000061035156,165.6300048828125,168.27999877929688,6158400.0,119.80868530273438
2011-04-25,168.77000427246094,167.22999572753906,167.64999389648438,167.6699981689453,3583800.0,119.37442779541016
2011-04-26,169.1999969482422,167.39999389648438,167.99000549316406,168.49000549316406,7300000.0,119.95822143554688
2011-04-27,170.58999633789062,168.4600067138672,168.61000061035156,170.3699951171875,5299700.0,121.2966537475586
2011-04-28,171.3800048828125,169.6999969482422,169.99000549316406,170.77999877929688,5087700.0,121.58856964111328
2011-04-29,173.0,170.47999572753906,171.10000610351562,170.5800018310547,5587700.0,121.44615173339844
2011-05-02,173.5399932861328,171.49000549316406,172.11000061035156,172.14999389648438,5396200.0,122.56397247314453
2011-05-03,173.47999572753906,171.22999572753906,172.0,172.8699951171875,5007700.0,123.07654571533203
2011-05-04,172.6199951171875,169.58999633789062,172.36000061035156,170.6199951171875,6890300.0,121.47466278076172
2011-05-05,170.8699951171875,167.5,170.47000122070312,168.4600067138672,7332000.0,119.93684387207031
2011-05-06,170.14999389648438,168.24000549316406,169.02999877929688,168.88999938964844,4839400.0,120.78070831298828
2011-05-09,169.85000610351562,168.30999755859375,168.38999938964844,169.10000610351562,3594800.0,120.93090057373047
2011-05-10,170.89999389648438,169.22000122070312,169.25,170.3800048828125,4934800.0,121.84629821777344
2011-05-11,170.52000427246094,167.82000732421875,170.3000030517578,169.5,4663200.0,121.21692657470703
2011-05-12,172.77000427246094,168.64999389648438,169.64999389648438,172.24000549316406,5138500.0,123.17646026611328
2011-05-13,172.14999389648438,169.44000244140625,171.6999969482422,169.9199981689453,5167400.0,121.51729583740234
2011-05-16,170.63999938964844,168.30999755859375,169.80999755859375,168.86000061035156,4662200.0,120.75923919677734
2011-05-17,171.41000366210938,166.52999877929688,167.85000610351562,170.5,8773200.0,121.93206787109375
2011-05-18,171.19000244140625,169.4600067138672,170.10000610351562,170.44000244140625,4154300.0,121.88917541503906
2011-05-19,171.39999389648438,169.32000732421875,170.86000061035156,170.58999633789062,3538300.0,121.99642181396484
2011-05-20,171.14999389648438,169.3800048828125,170.39999389648438,170.16000366210938,4869900.0,121.68891906738281
2011-05-23,168.69000244140625,167.07000732421875,168.5800018310547,168.25999450683594,5144000.0,120.3301773071289
2011-05-24,168.6699981689453,167.50999450683594,168.5,167.99000549316406,4643600.0,120.13706970214844
2011-05-25,168.39999389648438,167.50999450683594,167.6300048828125,167.75,3882100.0,119.96540832519531
2011-05-26,167.5,165.89999389648438,167.4600067138672,167.17999267578125,5771300.0,119.55779266357422
2011-05-27,168.47000122070312,167.0,167.91000366210938,167.5,3277600.0,119.78666687011719
2011-05-31,169.88999938964844,167.82000732421875,168.44000244140625,168.92999267578125,9123400.0,120.80929565429688
2011-06-01,169.5800018310547,166.5,168.89999389648438,166.55999755859375,5134600.0,119.11441802978516
2011-06-02,167.10000610351562,165.7100067138672,166.44000244140625,166.08999633789062,3854100.0,118.77827453613281
2011-06-03,165.88999938964844,164.1300048828125,164.3000030517578,165.0500030517578,5230500.0,118.0345458984375
2011-06-06,165.5800018310547,164.27000427246094,164.75999450683594,164.75,3619700.0,117.81997680664062
2011-06-07,165.24000549316406,163.61000061035156,165.11000061035156,163.69000244140625,4187000.0,117.06195831298828
2011-06-08,164.85000610351562,163.25999450683594,163.27000427246094,164.33999633789062,3850800.0,117.52680206298828
2011-06-09,165.9600067138672,164.75999450683594,165.00999450683594,164.83999633789062,4299800.0,117.88433837890625
2011-06-10,164.83999633789062,162.8699951171875,164.57000732421875,163.17999267578125,4683300.0,116.69722747802734
2011-06-13,164.4600067138672,162.72999572753906,164.44000244140625,163.1699981689453,5099200.0,116.69005584716797
2011-06-14,164.57000732421875,163.64999389648438,163.8699951171875,164.1199951171875,7050000.0,117.36943817138672
2011-06-15,163.41000366210938,161.52000427246094,162.75,162.3300018310547,5225600.0,116.0893325805664
2011-06-16,163.6300048828125,161.77999877929688,162.05999755859375,162.6699981689453,4861100.0,116.33246612548828
2011-06-17,165.10000610351562,163.5800018310547,164.24000549316406,164.44000244140625,7149700.0,117.59833526611328
2011-06-20,165.61000061035156,163.58999633789062,163.6999969482422,165.02000427246094,3956100.0,118.01310729980469
2011-06-21,166.75,164.0,165.1999969482422,166.22000122070312,5387300.0,118.87123107910156
2011-06-22,166.80999755859375,165.10000610351562,165.58999633789062,165.67999267578125,3960500.0,118.48507690429688
2011-06-23,166.72999572753906,163.8000030517578,164.05999755859375,166.1199951171875,5271500.0,118.79972839355469
2011-06-24,165.94000244140625,164.57000732421875,165.85000610351562,165.07000732421875,4402600.0,118.0488510131836
2011-06-27,168.24000549316406,165.2100067138672,165.74000549316406,167.6199951171875,4446700.0,119.87245178222656
2011-06-28,170.6999969482422,168.00999450683594,168.3300018310547,170.00999450683594,4850000.0,121.58164978027344
2011-06-29,170.86000061035156,169.82000732421875,170.61000061035156,170.5399932861328,3817100.0,121.96070098876953
2011-06-30,172.4499969482422,170.75,171.11000061035156,171.5500030517578,5105200.0,122.6829833984375
2011-07-01,174.64999389648438,171.49000549316406,171.61000061035156,174.5399932861328,5181700.0,124.82123565673828
2011-07-05,175.42999267578125,173.52000427246094,173.52000427246094,175.42999267578125,4586500.0,125.4577407836914
2011-07-06,177.77000427246094,175.08999633789062,175.19000244140625,177.7100067138672,5885900.0,127.08828735351562
2011-07-07,177.27000427246094,176.1199951171875,176.77999877929688,176.47999572753906,5905600.0,126.2086410522461
2011-07-08,176.49000549316406,175.00999450683594,175.49000549316406,176.49000549316406,4399900.0,126.2157974243164
2011-07-11,176.14999389648438,174.61000061035156,174.89999389648438,174.99000549316406,4766500.0,125.1430435180664
2011-07-12,175.3699951171875,173.88999938964844,174.92999267578125,174.0500030517578,5036800.0,124.47085571289062
2011-07-13,176.32000732421875,174.0,174.89999389648438,174.32000732421875,4074800.0,124.66394805908203
2011-07-14,176.10000610351562,173.83999633789062,174.39999389648438,174.22999572753906,4613100.0,124.59955596923828
2011-07-15,175.94000244140625,174.07000732421875,175.0800018310547,175.5399932861328,5347100.0,125.536376953125
2011-07-18,176.4600067138672,173.5800018310547,174.72999572753906,175.27999877929688,8879700.0,125.3504867553711
2011-07-19,185.2100067138672,178.64999389648438,178.74000549316406,185.2100067138672,13245600.0,132.45184326171875
2011-07-20,184.4199981689453,183.0,183.83999633789062,183.64999389648438,5901100.0,131.33624267578125
2011-07-21,185.5,182.89999389648438,183.58999633789062,184.89999389648438,4958400.0,132.23013305664062
2011-07-22,185.6300048828125,184.25999450683594,184.63999938964844,185.17999267578125,4516100.0,132.4303741455078
2011-07-25,184.9600067138672,183.27999877929688,183.88999938964844,183.6999969482422,4987000.0,131.37197875976562
2011-07-26,184.0500030517578,182.64999389648438,182.94000244140625,182.92999267578125,4356200.0,130.82131958007812
2011-07-27,182.91000366210938,180.92999267578125,182.00999450683594,181.35000610351562,5806800.0,129.69137573242188
2011-07-28,183.27000427246094,180.8800048828125,181.05999755859375,181.8000030517578,4478800.0,130.01319885253906
2011-07-29,183.42999267578125,179.72999572753906,180.25999450683594,181.85000610351562,6665600.0,130.04896545410156
2011-08-01,183.69000244140625,178.5,182.60000610351562,180.75,5842700.0,129.26226806640625
2011-08-02,182.2899932861328,177.86000061035156,179.9499969482422,178.0500030517578,5770400.0,127.33148193359375
2011-08-03,179.22999572753906,175.41000366210938,177.6699981689453,178.8300018310547,6722000.0,127.88922119140625
2011-08-04,177.9199981689453,171.17999267578125,176.5,171.47999572753906,11022300.0,122.63291931152344
2011-08-05,174.22000122070312,166.52000427246094,172.10000610351562,172.97999572753906,11871800.0,123.70561981201172
2011-08-08,172.61000061035156,166.0,168.8300018310547,166.22000122070312,15804900.0,119.38894653320312
2011-08-09,171.0500030517578,162.0,167.4600067138672,170.61000061035156,12517600.0,122.54199981689453
2011-08-10,169.22999572753906,161.85000610351562,168.17999267578125,162.5399932861328,13993600.0,116.7457504272461
2011-08-11,168.77000427246094,162.94000244140625,164.10000610351562,166.72999572753906,9175600.0,119.75523376464844
2011-08-12,169.3800048828125,165.8300018310547,168.5,168.1999969482422,5187000.0,120.8110580444336
2011-08-15,174.0,170.38999938964844,171.32000732421875,172.99000549316406,7645400.0,124.25149536132812
2011-08-16,172.19000244140625,169.0,172.19000244140625,171.24000549316406,5585400.0,122.99457550048828
2011-08-17,172.99000549316406,169.88999938964844,171.57000732421875,171.47999572753906,5129700.0,123.16696166992188
2011-08-18,166.4600067138672,160.16000366210938,166.32000732421875,163.8300018310547,15082600.0,117.67225646972656
2011-08-19,163.94000244140625,157.1300048828125,162.1699981689453,157.5399932861328,14068600.0,113.1544189453125
2011-08-22,161.67999267578125,157.6199951171875,161.35000610351562,158.97999572753906,7249100.0,114.18871307373047
2011-08-23,164.58999633789062,159.52999877929688,160.64999389648438,164.32000732421875,6923300.0,118.02418518066406
2011-08-24,166.8300018310547,163.35000610351562,164.1300048828125,166.75999450683594,6427000.0,119.7767562866211
2011-08-25,168.52999877929688,164.85000610351562,167.52000427246094,165.5800018310547,6751600.0,118.92921447753906
2011-08-26,169.3300018310547,163.27999877929688,164.85000610351562,169.13999938964844,6438200.0,121.48623657226562
2011-08-29,172.72000122070312,170.36000061035156,170.5800018310547,172.6199951171875,5293400.0,123.98576354980469
2011-08-30,173.50999450683594,170.8800048828125,172.05999755859375,172.50999450683594,4477700.0,123.9067611694336
2011-08-31,173.72000122070312,170.7100067138672,173.2899932861328,171.91000366210938,6074200.0,123.47581481933594
2011-09-01,173.67999267578125,170.1199951171875,172.7100067138672,170.3300018310547,5463900.0,122.34095001220703
2011-09-02,168.92999267578125,166.0,167.69000244140625,166.97999572753906,4979100.0,119.93477630615234
2011-09-06,165.5500030517578,162.1999969482422,163.05999755859375,165.11000061035156,5761200.0,118.59162139892578
2011-09-07,167.89999389648438,166.16000366210938,167.27999877929688,167.30999755859375,6796600.0,120.17179107666016
2011-09-08,169.5800018310547,165.10000610351562,167.0,165.25,6027200.0,118.69220733642578
2011-09-09,165.19000244140625,160.80999755859375,164.57000732421875,161.3699951171875,6743900.0,115.90535736083984
2011-09-12,162.44000244140625,158.75999450683594,160.0399932861328,162.4199981689453,5247200.0,116.6595230102539
2011-09-13,163.9199981689453,161.5399932861328,163.63999938964844,163.42999267578125,4723800.0,117.38495635986328
2011-09-14,169.66000366210938,161.99000549316406,164.00999450683594,167.24000549316406,6980700.0,120.12153625488281
2011-09-15,170.16000366210938,167.22999572753906,168.63999938964844,170.08999633789062,5464400.0,122.16857147216797
2011-09-16,172.99000549316406,169.74000549316406,171.3300018310547,172.99000549316406,11048100.0,124.25149536132812
2011-09-19,173.8699951171875,169.42999267578125,169.5,173.1300048828125,4755600.0,124.35205841064453
2011-09-20,177.42999267578125,172.6999969482422,173.57000732421875,174.72000122070312,6209600.0,125.4941177368164
2011-09-21,177.6699981689453,172.6199951171875,175.0,173.02000427246094,7043100.0,124.27302551269531
2011-09-22,169.97000122070312,166.5,168.3300018310547,168.6199951171875,8195600.0,121.11271667480469
2011-09-23,169.5399932861328,165.75999450683594,166.99000549316406,169.33999633789062,5586600.0,121.62985229492188
2011-09-26,174.6999969482422,169.86000061035156,170.9600067138672,174.50999450683594,6745700.0,125.34330749511719
2011-09-27,179.6199951171875,176.42999267578125,176.82000732421875,177.7100067138672,7638800.0,127.64171600341797
2011-09-28,180.75,177.0800018310547,177.97000122070312,177.5500030517578,7732200.0,127.52677917480469
2011-09-29,180.91000366210938,175.52999877929688,179.69000244140625,179.1699981689453,6944300.0,128.69032287597656
2011-09-30,178.27000427246094,174.75,176.00999450683594,174.8699951171875,7807400.0,125.60182189941406
2011-10-03,177.9199981689453,173.0399932861328,174.36000061035156,173.2899932861328,9042600.0,124.46698760986328
2011-10-04,175.07000732421875,168.8800048828125,171.5399932861328,174.74000549316406,9200000.0,125.5084457397461
2011-10-05,177.3000030517578,172.67999267578125,174.57000732421875,176.85000610351562,5851700.0,127.02401733398438
2011-10-06,181.99000549316406,175.66000366210938,176.80999755859375,181.69000244140625,7180900.0,130.50039672851562
2011-10-07,183.72000122070312,181.63999938964844,182.32000732421875,182.38999938964844,6842600.0,131.0031280517578
2011-10-10,186.6300048828125,182.89999389648438,183.0,186.6199951171875,5784800.0,134.04136657714844
2011-10-11,186.0,184.11000061035156,184.58999633789062,185.0,5330500.0,132.87779235839844
2011-10-12,188.0,185.64999389648438,186.0800018310547,186.1199951171875,5338200.0,133.68223571777344
2011-10-13,187.5,184.5,184.97000122070312,186.82000732421875,4399200.0,134.18502807617188
2011-10-14,190.52999877929688,187.72999572753906,188.19000244140625,190.52999877929688,5368200.0,136.84979248046875
2011-10-17,190.16000366210938,185.89999389648438,189.7100067138672,186.58999633789062,8790300.0,134.0198211669922
2011-10-18,179.3800048828125,176.25,178.0,178.89999389648438,15729400.0,128.4964141845703
2011-10-19,179.80999755859375,177.00999450683594,179.67999267578125,177.38999938964844,6708300.0,127.41181182861328
2011-10-20,179.24000549316406,176.1699981689453,178.1300048828125,177.25,7513800.0,127.31130981445312
2011-10-21,181.6699981689453,178.75,179.11000061035156,181.6300048828125,8054200.0,130.45724487304688
2011-10-24,183.38999938964844,180.6199951171875,181.50999450683594,182.25,5890600.0,130.90260314941406
2011-10-25,182.97000122070312,180.00999450683594,181.66000366210938,180.36000061035156,5373100.0,129.5450897216797
2011-10-26,182.27999877929688,179.02999877929688,181.74000549316406,181.97000122070312,5387700.0,130.70150756835938
2011-10-27,187.0,183.17999267578125,184.99000549316406,185.8800048828125,7057800.0,133.50987243652344
2011-10-28,188.07000732421875,185.27999877929688,185.57000732421875,187.4499969482422,5009800.0,134.6374969482422
2011-10-31,186.91000366210938,184.6300048828125,185.58999633789062,184.6300048828125,4710000.0,132.61207580566406
2011-11-01,183.25999450683594,180.74000549316406,181.5500030517578,181.35000610351562,5881200.0,130.256103515625
2011-11-02,185.25,183.02999877929688,184.0,183.9199981689453,4136600.0,132.10211181640625
2011-11-03,187.77999877929688,184.02000427246094,185.1300048828125,187.3000030517578,4953500.0,134.52978515625
2011-11-04,187.13999938964844,184.74000549316406,186.27000427246094,186.3800048828125,3237600.0,133.8689422607422
2011-11-07,187.72999572753906,184.75,186.22000122070312,187.32000732421875,3530800.0,134.5441436767578
2011-11-08,187.8800048828125,185.50999450683594,187.47999572753906,187.25,4330600.0,135.0345458984375
2011-11-09,185.24000549316406,181.16000366210938,184.1999969482422,182.24000549316406,5494800.0,131.4215850830078
2011-11-10,184.77000427246094,181.8699951171875,183.5800018310547,183.35000610351562,3881600.0,132.22206115722656
2011-11-11,187.8300018310547,185.13999938964844,185.27000427246094,187.3800048828125,3665300.0,135.12831115722656
2011-11-14,189.83999633789062,186.85000610351562,189.1699981689453,187.35000610351562,6038600.0,135.10662841796875
2011-11-15,189.97000122070312,185.63999938964844,187.49000549316406,188.75,4585300.0,136.1162567138672
2011-11-16,189.89999389648438,186.3000030517578,187.82000732421875,186.6199951171875,4616800.0,134.58018493652344
2011-11-17,188.8300018310547,183.38999938964844,186.80999755859375,185.72999572753906,5840500.0,133.93838500976562
2011-11-18,186.97000122070312,184.66000366210938,186.7100067138672,185.24000549316406,4440900.0,133.5850372314453
2011-11-21,183.9600067138672,180.0,183.3699951171875,181.47999572753906,5145100.0,130.87355041503906
2011-11-22,182.97999572753906,180.2899932861328,182.22000122070312,181.30999755859375,4178600.0,130.75091552734375
2011-11-23,181.49000549316406,177.52000427246094,180.6699981689453,177.9499969482422,4800900.0,128.327880859375
2011-11-25,179.55999755859375,177.05999755859375,178.00999450683594,177.05999755859375,2232800.0,127.68603515625
2011-11-28,182.92999267578125,180.6699981689453,182.7100067138672,182.2100067138672,4524200.0,131.39993286132812
2011-11-29,183.30999755859375,180.83999633789062,182.02000427246094,180.94000244140625,3661600.0,130.48410034179688
2011-11-30,188.35000610351562,184.2100067138672,184.57000732421875,188.0,7836800.0,135.57537841796875
2011-12-01,189.99000549316406,186.77000427246094,187.00999450683594,189.4499969482422,4858800.0,136.6210479736328
2011-12-02,191.3300018310547,189.4499969482422,189.9199981689453,189.66000366210938,4962200.0,136.77255249023438
2011-12-05,193.61000061035156,190.3800048828125,191.17999267578125,190.83999633789062,5699400.0,137.62347412109375
2011-12-06,193.52999877929688,190.32000732421875,190.64999389648438,192.94000244140625,4144900.0,139.13790893554688
2011-12-07,194.89999389648438,191.27999877929688,191.99000549316406,194.0500030517578,5081700.0,139.93832397460938
2011-12-08,193.8000030517578,191.07000732421875,192.47999572753906,191.5800018310547,4369000.0,138.15707397460938
2011-12-09,194.8699951171875,192.39999389648438,192.91000366210938,194.55999755859375,4847900.0,140.3061065673828
2011-12-12,193.89999389648438,191.22000122070312,193.63999938964844,192.17999267578125,3796100.0,138.58978271484375
2011-12-13,194.3000030517578,190.63999938964844,193.4600067138672,191.14999389648438,5008400.0,137.8469696044922
2011-12-14,190.27999877929688,188.0,189.83999633789062,188.72000122070312,5057700.0,136.0945587158203
2011-12-15,191.1999969482422,186.88999938964844,190.47999572753906,187.47999572753906,4474500.0,135.2003936767578
2011-12-16,188.00999450683594,181.91000366210938,188.00999450683594,183.57000732421875,11849400.0,132.3806915283203
2011-12-19,184.69000244140625,182.25,184.50999450683594,182.88999938964844,5039900.0,131.89035034179688
2011-12-20,187.3300018310547,184.75999450683594,185.5,187.24000549316406,4740100.0,135.0272979736328
2011-12-21,183.5,179.0399932861328,183.22000122070312,181.47000122070312,9282500.0,130.86630249023438
2011-12-22,182.8000030517578,181.0,182.7100067138672,182.0399932861328,5052000.0,131.27734375
2011-12-23,184.85000610351562,181.88999938964844,183.11000061035156,184.75,3052300.0,133.2316436767578
2011-12-27,185.85000610351562,184.38999938964844,184.97000122070312,184.9499969482422,2775200.0,133.37594604492188
2011-12-28,185.39999389648438,183.33999633789062,185.19000244140625,183.99000549316406,2872000.0,132.68360900878906
2011-12-29,186.22999572753906,184.00999450683594,184.07000732421875,186.17999267578125,2941600.0,134.26290893554688
2011-12-30,186.47999572753906,183.85000610351562,186.3300018310547,183.8800048828125,3530900.0,132.60423278808594
2012-01-03,188.7100067138672,186.0,186.72999572753906,186.3000030517578,5646000.0,134.34942626953125
2012-01-04,186.3300018310547,184.94000244140625,185.57000732421875,185.5399932861328,4346700.0,133.80137634277344
2012-01-05,185.02999877929688,183.10000610351562,184.80999755859375,184.66000366210938,4463100.0,133.16676330566406
2012-01-06,184.47999572753906,182.30999755859375,184.38999938964844,182.5399932861328,4897100.0,131.63795471191406
2012-01-09,182.27000427246094,180.27000427246094,182.1999969482422,181.58999633789062,5201200.0,130.95286560058594
2012-01-10,183.72000122070312,181.1999969482422,183.22999572753906,181.30999755859375,5161000.0,130.75091552734375
2012-01-11,182.80999755859375,180.5,180.72999572753906,182.32000732421875,4110800.0,131.479248046875
2012-01-12,181.91000366210938,178.3800048828125,181.86000061035156,180.5500030517578,6881000.0,130.2028350830078
2012-01-13,179.61000061035156,177.35000610351562,179.47999572753906,179.16000366210938,5279200.0,129.20045471191406
2012-01-17,182.0,179.32000732421875,180.36000061035156,180.0,6003400.0,129.8062286376953
2012-01-18,181.60000610351562,179.5,179.8300018310547,181.07000732421875,4600600.0,130.5778350830078
2012-01-19,182.36000061035156,180.35000610351562,181.7899932861328,180.52000427246094,8567200.0,130.1812286376953
2012-01-20,188.97000122070312,184.75,185.77000427246094,188.52000427246094,12849700.0,135.95037841796875
2012-01-23,190.52000427246094,187.6699981689453,187.91000366210938,189.97999572753906,5751700.0,137.0032501220703
2012-01-24,192.3000030517578,188.52000427246094,188.6300048828125,191.92999267578125,5345700.0,138.40948486328125
2012-01-25,192.24000549316406,189.61000061035156,191.3300018310547,191.72999572753906,4359700.0,138.26522827148438
2012-01-26,192.7899932861328,190.47000122070312,191.7899932861328,190.97999572753906,4004700.0,137.72439575195312
2012-01-27,191.77000427246094,189.80999755859375,190.00999450683594,190.4600067138672,3360400.0,137.349365234375
2012-01-30,192.72999572753906,188.22000122070312,189.38999938964844,192.5,4359000.0,138.820556640625
2012-01-31,193.10000610351562,191.0,193.08999633789062,192.60000610351562,4826800.0,138.89263916015625
2012-02-01,194.80999755859375,192.41000366210938,193.2100067138672,192.6199951171875,5088800.0,138.9071044921875
2012-02-02,193.3300018310547,191.3300018310547,192.72000122070312,191.52999877929688,3907300.0,138.1210479736328
2012-02-03,194.1300048828125,192.5399932861328,192.92999267578125,193.63999938964844,4521700.0,139.6426544189453
2012-02-06,193.75999450683594,192.0,192.47999572753906,192.82000732421875,3639800.0,139.0513458251953
2012-02-07,194.13999938964844,191.97000122070312,192.4499969482422,193.35000610351562,3433000.0,139.4335479736328
2012-02-08,193.5800018310547,191.72999572753906,192.77999877929688,192.9499969482422,3803800.0,139.6868896484375
2012-02-09,194.4600067138672,192.5500030517578,193.02999877929688,193.1300048828125,3876400.0,139.81719970703125
2012-02-10,192.42999267578125,191.27999877929688,191.75999450683594,192.4199981689453,3391100.0,139.30320739746094
2012-02-13,193.69000244140625,191.74000549316406,193.30999755859375,192.6199951171875,2458800.0,139.44796752929688
2012-02-14,192.60000610351562,190.8300018310547,191.75999450683594,192.22000122070312,3398100.0,139.1584014892578
2012-02-15,193.44000244140625,191.25999450683594,192.30999755859375,192.25,4020900.0,139.18011474609375
2012-02-16,193.25,192.0,192.61000061035156,193.02000427246094,3525500.0,139.73757934570312
2012-02-17,193.86000061035156,192.3000030517578,193.7100067138672,193.4199981689453,3746500.0,140.02720642089844
2012-02-21,194.24000549316406,192.4600067138672,193.72999572753906,193.38999938964844,3293600.0,140.0054168701172
2012-02-22,194.74000549316406,192.75,193.02999877929688,193.8699951171875,3275800.0,140.35296630859375
2012-02-23,199.22999572753906,193.27999877929688,193.8699951171875,197.61000061035156,8032700.0,143.060546875
2012-02-24,198.55999755859375,196.61000061035156,198.3800048828125,197.75999450683594,3353200.0,143.16912841796875
2012-02-27,198.7100067138672,196.10000610351562,196.77999877929688,197.52999877929688,3758400.0,143.0026092529297
2012-02-28,198.9600067138672,197.42999267578125,197.75,197.97999572753906,3167400.0,143.32838439941406
2012-02-29,199.1699981689453,196.4499969482422,197.86000061035156,196.72999572753906,5117100.0,142.42347717285156
2012-03-01,198.47000122070312,196.92999267578125,197.22999572753906,197.52999877929688,3560300.0,143.0026092529297
2012-03-02,198.88999938964844,197.05999755859375,197.10000610351562,198.80999755859375,3727400.0,143.9292449951172
2012-03-05,201.19000244140625,198.3000030517578,198.36000061035156,200.66000366210938,6938000.0,145.26856994628906
2012-03-06,199.63999938964844,196.80999755859375,199.13999938964844,197.25999450683594,5214700.0,142.8071746826172
2012-03-07,198.57000732421875,197.30999755859375,198.08999633789062,197.77000427246094,3346900.0,143.17636108398438
2012-03-08,199.99000549316406,198.64999389648438,199.24000549316406,199.80999755859375,3145800.0,144.65322875976562
2012-03-09,201.10000610351562,199.72000122070312,199.97999572753906,200.6199951171875,3178200.0,145.23963928222656
2012-03-12,201.57000732421875,200.22999572753906,200.92999267578125,201.0,3119700.0,145.5146942138672
2012-03-13,203.89999389648438,201.61000061035156,201.72000122070312,203.77999877929688,4866000.0,147.5272979736328
2012-03-14,205.14999389648438,203.63999938964844,203.77999877929688,204.72000122070312,4602300.0,148.20787048339844
2012-03-15,206.17999267578125,204.74000549316406,204.94000244140625,206.0,3621100.0,149.1344757080078
2012-03-16,207.52000427246094,206.00999450683594,207.02999877929688,206.00999450683594,9637000.0,149.14175415039062
2012-03-19,206.52999877929688,204.5,205.7100067138672,205.72000122070312,3763200.0,148.93177795410156
2012-03-20,205.0,203.6999969482422,204.74000549316406,204.25,3695100.0,147.8675994873047
2012-03-21,205.77000427246094,204.3000030517578,204.32000732421875,204.69000244140625,3329900.0,148.18606567382812
2012-03-22,205.99000549316406,203.9600067138672,204.0,205.49000549316406,3307800.0,148.76528930664062
2012-03-23,205.9600067138672,204.55999755859375,205.88999938964844,205.47999572753906,3036200.0,148.7580108642578
2012-03-26,207.9199981689453,206.32000732421875,206.4499969482422,207.77000427246094,3418200.0,150.41590881347656
2012-03-27,208.66000366210938,207.0,208.4600067138672,207.17999267578125,2704500.0,149.98876953125
2012-03-28,208.69000244140625,206.27000427246094,207.44000244140625,207.2899932861328,3265700.0,150.0684051513672
2012-03-29,208.5,206.02000427246094,206.08999633789062,208.27000427246094,3403700.0,150.77783203125
2012-03-30,209.1199951171875,208.00999450683594,208.74000549316406,208.64999389648438,3215200.0,151.05294799804688
2012-04-02,209.69000244140625,208.08999633789062,208.9600067138672,209.47000122070312,3387900.0,151.64663696289062
2012-04-03,210.69000244140625,208.5399932861328,209.30999755859375,209.5,4091500.0,151.6682891845703
2012-04-04,206.97999572753906,205.19000244140625,206.22000122070312,206.0500030517578,4404000.0,149.17071533203125
2012-04-05,205.67999267578125,204.4600067138672,205.14999389648438,205.47000122070312,3809000.0,148.75082397460938
2012-04-09,206.1699981689453,203.3699951171875,204.39999389648438,204.94000244140625,3326900.0,148.3671112060547
2012-04-10,205.74000549316406,202.1699981689453,204.94000244140625,202.3300018310547,4132900.0,146.4775848388672
2012-04-11,204.32000732421875,202.4600067138672,203.99000549316406,202.5800018310547,3366200.0,146.65859985351562
2012-04-12,205.55999755859375,202.63999938964844,202.8000030517578,205.32000732421875,2929600.0,148.6422119140625
2012-04-13,204.64999389648438,202.8000030517578,204.32000732421875,202.8000030517578,3767000.0,146.81781005859375
2012-04-16,205.97000122070312,202.72000122070312,204.74000549316406,202.72000122070312,3826600.0,146.7599334716797
2012-04-17,207.63999938964844,204.14999389648438,204.57000732421875,207.4499969482422,6065500.0,150.1842041015625
2012-04-18,204.07000732421875,200.0,202.42999267578125,200.1300048828125,10153500.0,144.88490295410156
2012-04-19,201.25999450683594,197.52000427246094,200.02999877929688,199.50999450683594,5762900.0,144.43603515625
2012-04-20,200.1199951171875,199.08999633789062,199.8300018310547,199.60000610351562,4758200.0,144.50119018554688
2012-04-23,199.10000610351562,196.7899932861328,197.88999938964844,198.6199951171875,3618800.0,143.7917022705078
2012-04-24,202.47999572753906,198.8699951171875,199.05999755859375,200.0,5626300.0,144.79078674316406
2012-04-25,203.69000244140625,201.8000030517578,202.02000427246094,203.57000732421875,4003400.0,147.37527465820312
2012-04-26,206.2100067138672,203.39999389648438,203.39999389648438,205.5800018310547,3302700.0,148.83041381835938
2012-04-27,208.1699981689453,205.91000366210938,206.47000122070312,206.80999755859375,3496900.0,149.72088623046875
2012-04-30,207.9600067138672,206.32000732421875,206.7100067138672,207.0800018310547,2773200.0,149.91639709472656
2012-05-01,208.92999267578125,206.7100067138672,207.17999267578125,208.0,2715900.0,150.58241271972656
2012-05-02,208.27000427246094,206.91000366210938,206.97000122070312,208.05999755859375,2360300.0,150.62582397460938
2012-05-03,208.9199981689453,206.5500030517578,208.27000427246094,207.24000549316406,2826600.0,150.03219604492188
2012-05-04,207.11000061035156,204.39999389648438,206.47000122070312,204.99000549316406,4023600.0,148.40333557128906
2012-05-07,204.77000427246094,202.89999389648438,203.9600067138672,203.75,3373400.0,147.505615234375
2012-05-08,203.05999755859375,199.72000122070312,202.44000244140625,201.47999572753906,3881500.0,146.47329711914062
2012-05-09,203.0,199.05999755859375,199.99000549316406,201.22999572753906,3742500.0,146.29151916503906
2012-05-10,203.25,200.02000427246094,201.0,200.60000610351562,3830500.0,145.8335418701172
2012-05-11,202.1199951171875,199.9499969482422,199.9600067138672,201.1699981689453,2391500.0,146.24789428710938
2012-05-14,200.7100067138672,198.55999755859375,199.9199981689453,199.44000244140625,3029200.0,144.99021911621094
2012-05-15,201.47000122070312,198.75999450683594,199.44000244140625,199.0399932861328,2987400.0,144.699462890625
2012-05-16,201.35000610351562,198.17999267578125,199.4199981689453,199.72999572753906,5001000.0,145.2010040283203
2012-05-17,200.7899932861328,197.63999938964844,199.6699981689453,197.88999938964844,5626300.0,143.86343383789062
2012-05-18,198.77999877929688,195.16000366210938,198.77999877929688,195.8800048828125,5737100.0,142.4021759033203
2012-05-21,197.92999267578125,194.6300048828125,195.97999572753906,197.75999450683594,3831700.0,143.7689208984375
2012-05-22,198.25999450683594,196.05999755859375,198.0399932861328,196.82000732421875,3567100.0,143.0855712890625
2012-05-23,196.49000549316406,193.1999969482422,195.52999877929688,196.1199951171875,4100000.0,142.57662963867188
2012-05-24,196.27999877929688,194.0,195.99000549316406,196.08999633789062,3569300.0,142.55484008789062
2012-05-25,196.0,194.0,195.11000061035156,194.3000030517578,2901900.0,141.25350952148438
2012-05-29,198.0800018310547,195.22000122070312,195.22000122070312,196.4600067138672,3618500.0,142.82379150390625
2012-05-30,195.47000122070312,193.77000427246094,194.8000030517578,194.52999877929688,3602500.0,141.42071533203125
2012-05-31,194.92999267578125,192.0,194.10000610351562,192.89999389648438,9287500.0,140.23574829101562
2012-06-01,191.72000122070312,188.60000610351562,190.1199951171875,189.0800018310547,5206400.0,137.45864868164062
2012-06-04,189.3800048828125,187.0,188.33999633789062,188.5399932861328,4624500.0,137.0660858154297
2012-06-05,189.85000610351562,187.55999755859375,187.9199981689453,189.1999969482422,3556500.0,137.54588317871094
2012-06-06,194.0,190.02000427246094,190.77999877929688,193.99000549316406,3641300.0,141.02816772460938
2012-06-07,195.8300018310547,193.94000244140625,195.27999877929688,194.44000244140625,3701100.0,141.35528564453125
2012-06-08,195.13999938964844,192.6999969482422,193.7100067138672,195.13999938964844,2479200.0,141.86419677734375
2012-06-11,196.6999969482422,192.3699951171875,196.60000610351562,192.50999450683594,3273300.0,139.95223999023438
2012-06-12,194.6699981689453,192.13999938964844,192.13999938964844,194.5500030517578,3023700.0,141.43528747558594
2012-06-13,195.19000244140625,192.35000610351562,194.36000061035156,193.10000610351562,3247700.0,140.38111877441406
2012-06-14,195.8300018310547,192.74000549316406,193.0,195.10000610351562,3585000.0,141.83509826660156
2012-06-15,199.27000427246094,195.39999389648438,196.0800018310547,199.10000610351562,6389000.0,144.7430877685547
2012-06-18,199.63999938964844,197.1699981689453,197.57000732421875,198.2899932861328,3378900.0,144.15420532226562
2012-06-19,199.99000549316406,198.8000030517578,198.8300018310547,198.92999267578125,3297600.0,144.61944580078125
2012-06-20,199.74000549316406,197.5,198.6999969482422,198.77999877929688,3378200.0,144.5104522705078
2012-06-21,199.4499969482422,193.19000244140625,199.07000732421875,193.38999938964844,4316600.0,140.59193420410156
2012-06-22,194.8800048828125,193.22000122070312,193.8699951171875,193.6999969482422,8823000.0,140.81732177734375
2012-06-25,193.38999938964844,191.67999267578125,192.47999572753906,192.86000061035156,3211600.0,140.20668029785156
2012-06-26,193.67999267578125,190.75,193.5399932861328,191.9499969482422,3435900.0,139.5451202392578
2012-06-27,193.6999969482422,190.89999389648438,192.13999938964844,193.0,2762700.0,140.30844116210938
2012-06-28,192.0800018310547,188.89999389648438,191.22999572753906,191.39999389648438,3967300.0,139.1453094482422
2012-06-29,195.80999755859375,192.41000366210938,194.5500030517578,195.5800018310547,5259600.0,142.18409729003906
2012-07-02,197.1999969482422,194.85000610351562,196.36000061035156,195.8300018310547,2827000.0,142.3657989501953
2012-07-03,196.33999633789062,194.91000366210938,195.4600067138672,195.92999267578125,1450400.0,142.43849182128906
2012-07-05,196.85000610351562,193.6300048828125,194.8800048828125,195.2899932861328,2690200.0,141.9732666015625
2012-07-06,193.94000244140625,189.74000549316406,193.9199981689453,191.41000366210938,4952900.0,139.15252685546875
2012-07-09,191.0,188.0500030517578,190.75999450683594,189.6699981689453,3988100.0,137.88754272460938
2012-07-10,191.13999938964844,185.60000610351562,190.3000030517578,186.25999450683594,4690300.0,135.40855407714844
2012-07-11,187.36000061035156,183.50999450683594,186.22000122070312,185.25,5456100.0,134.67430114746094
2012-07-12,184.38999938964844,181.85000610351562,184.25,183.08999633789062,4931300.0,133.10400390625
2012-07-13,186.3300018310547,183.02999877929688,183.4600067138672,186.00999450683594,3933000.0,135.22677612304688
2012-07-16,186.10000610351562,184.5800018310547,185.5800018310547,184.7899932861328,3144400.0,134.33982849121094
2012-07-17,186.2899932861328,183.1999969482422,185.72999572753906,183.64999389648438,5158600.0,133.5110626220703
2012-07-18,188.58999633789062,183.5500030517578,184.14999389648438,188.25,8019500.0,136.8552703857422
2012-07-19,196.85000610351562,192.97000122070312,193.39999389648438,195.33999633789062,10395400.0,142.0095672607422
2012-07-20,194.89999389648438,192.1699981689453,194.08999633789062,192.4499969482422,4789700.0,139.9086456298828
2012-07-23,191.3000030517578,188.1999969482422,189.77999877929688,190.8300018310547,3904500.0,138.7308349609375
2012-07-24,191.32000732421875,188.55999755859375,190.9199981689453,190.33999633789062,3597100.0,138.37466430664062
2012-07-25,192.77000427246094,189.32000732421875,190.30999755859375,191.0800018310547,3833800.0,138.91261291503906
2012-07-26,194.9499969482422,192.57000732421875,193.49000549316406,193.9499969482422,3282900.0,140.99908447265625
2012-07-27,197.41000366210938,193.9499969482422,195.10000610351562,196.38999938964844,4177300.0,142.77293395996094
2012-07-30,197.83999633789062,195.9199981689453,196.32000732421875,196.67999267578125,2787000.0,142.98373413085938
2012-07-31,197.5800018310547,195.8800048828125,196.5,195.97999572753906,3507000.0,142.47486877441406
2012-08-01,197.85000610351562,194.72000122070312,196.9600067138672,195.17999267578125,2559300.0,141.89324951171875
2012-08-02,196.60000610351562,193.02000427246094,194.16000366210938,194.4499969482422,2812600.0,141.362548828125
2012-08-03,198.9499969482422,196.16000366210938,196.47999572753906,198.52000427246094,3278100.0,144.32139587402344
2012-08-06,199.94000244140625,198.52000427246094,198.75999450683594,198.75999450683594,2337800.0,144.49583435058594
2012-08-07,200.8800048828125,198.8000030517578,199.42999267578125,199.92999267578125,3209400.0,145.34645080566406
2012-08-08,199.69000244140625,198.16000366210938,198.27000427246094,199.02999877929688,2068300.0,145.30996704101562
2012-08-09,199.4600067138672,197.88999938964844,198.6199951171875,198.4199981689453,2160100.0,144.86459350585938
2012-08-10,199.3699951171875,197.24000549316406,197.8699951171875,199.2899932861328,2600500.0,145.499755859375
2012-08-13,199.97999572753906,197.7899932861328,198.8800048828125,199.00999450683594,2418300.0,145.29534912109375
2012-08-14,199.3300018310547,197.72000122070312,198.8800048828125,198.2899932861328,2562300.0,144.76966857910156
2012-08-15,199.3300018310547,197.9199981689453,198.89999389648438,198.39999389648438,2111800.0,144.8499755859375
2012-08-16,201.32000732421875,198.1199951171875,198.77000427246094,200.83999633789062,2729500.0,146.63140869140625
2012-08-17,202.0,200.66000366210938,201.0800018310547,201.22000122070312,2551800.0,146.90884399414062
2012-08-20,201.1300048828125,200.02999877929688,200.69000244140625,200.5,2336000.0,146.38319396972656
2012-08-21,201.0,198.3699951171875,200.99000549316406,198.64999389648438,3111300.0,145.0325164794922
2012-08-22,198.64999389648438,196.89999389648438,198.63999938964844,197.25,3296100.0,144.01040649414062
2012-08-23,197.3699951171875,195.44000244140625,197.0399932861328,195.6999969482422,2757400.0,142.87872314453125
2012-08-24,198.11000061035156,194.1999969482422,194.9600067138672,197.77000427246094,2639500.0,144.39004516601562
2012-08-27,198.3000030517578,195.61000061035156,197.9600067138672,195.69000244140625,2498800.0,142.87142944335938
2012-08-28,196.11000061035156,194.5,195.55999755859375,194.8699951171875,2539200.0,142.27276611328125
2012-08-29,196.0399932861328,194.89999389648438,195.1300048828125,195.0800018310547,2141400.0,142.4261016845703
2012-08-30,195.47000122070312,193.17999267578125,194.77000427246094,193.3699951171875,2740900.0,141.1776580810547
2012-08-31,195.9499969482422,193.4600067138672,194.30999755859375,194.85000610351562,3193300.0,142.25816345214844
2012-09-04,197.1699981689453,193.25,196.61000061035156,194.5399932861328,4514400.0,142.03179931640625
2012-09-05,195.85000610351562,193.88999938964844,194.41000366210938,195.0399932861328,3312500.0,142.39691162109375
2012-09-06,199.4600067138672,196.11000061035156,196.25999450683594,199.10000610351562,3931700.0,145.361083984375
2012-09-07,199.5,198.0800018310547,199.1199951171875,199.5,3413700.0,145.6531219482422
2012-09-10,201.82000732421875,198.72999572753906,199.38999938964844,200.9499969482422,4208000.0,146.7117462158203
2012-09-11,203.4600067138672,200.50999450683594,200.5500030517578,203.27000427246094,3910600.0,148.405517578125
2012-09-12,204.64999389648438,202.9600067138672,203.52000427246094,203.77000427246094,3284000.0,148.77059936523438
2012-09-13,206.80999755859375,203.4600067138672,204.3800048828125,206.36000061035156,3879600.0,150.6614990234375
2012-09-14,207.64999389648438,206.0500030517578,206.24000549316406,206.80999755859375,4057100.0,150.9900360107422
2012-09-17,207.99000549316406,205.5500030517578,205.5500030517578,207.14999389648438,3275100.0,151.23828125
2012-09-18,207.8800048828125,206.47999572753906,206.8800048828125,207.07000732421875,2476100.0,151.1798858642578
2012-09-19,207.57000732421875,206.00999450683594,207.5500030517578,206.42999267578125,2605600.0,150.71261596679688
2012-09-20,206.99000549316406,205.3000030517578,205.85000610351562,206.17999267578125,3739100.0,150.5300750732422
2012-09-21,207.94000244140625,205.9199981689453,207.36000061035156,205.97999572753906,12771500.0,150.3840789794922
2012-09-24,206.05999755859375,204.89999389648438,205.02000427246094,205.2899932861328,3511100.0,149.8802947998047
2012-09-25,207.32000732421875,204.9499969482422,205.60000610351562,204.97999572753906,3345200.0,149.6540069580078
2012-09-26,205.97999572753906,203.89999389648438,205.0500030517578,204.0,3423300.0,148.93849182128906
2012-09-27,206.89999389648438,204.13999938964844,204.3699951171875,205.91000366210938,2771900.0,150.33297729492188
2012-09-28,208.32000732421875,205.30999755859375,205.66000366210938,207.4499969482422,4910900.0,151.457275390625
2012-10-01,211.75,207.94000244140625,208.00999450683594,210.47000122070312,5456900.0,153.66221618652344
2012-10-02,211.47000122070312,208.5,210.9600067138672,209.83999633789062,3321000.0,153.20225524902344
2012-10-03,211.3000030517578,209.3000030517578,209.94000244140625,210.50999450683594,3192300.0,153.69134521484375
2012-10-04,210.97000122070312,208.52999877929688,210.27999877929688,210.38999938964844,2957500.0,153.6038055419922
2012-10-05,211.7899932861328,210.05999755859375,211.14999389648438,210.58999633789062,2858400.0,153.7498016357422
2012-10-08,210.63999938964844,209.2100067138672,210.02000427246094,209.82000732421875,1982600.0,153.18760681152344
2012-10-09,210.74000549316406,207.6999969482422,209.9499969482422,207.99000549316406,3580400.0,151.8515625
2012-10-10,208.22999572753906,205.0500030517578,207.82000732421875,205.82000732421875,4024500.0,150.26724243164062
2012-10-11,207.27000427246094,205.6300048828125,206.57000732421875,205.75999450683594,2910000.0,150.2234649658203
2012-10-12,207.9600067138672,205.55999755859375,205.63999938964844,207.8000030517578,2712000.0,151.7128448486328
2012-10-15,209.39999389648438,207.82000732421875,208.8800048828125,208.92999267578125,3060900.0,152.53782653808594
2012-10-16,211.0,209.47000122070312,209.94000244140625,211.0,5632100.0,154.04913330078125
2012-10-17,203.41000366210938,198.5500030517578,201.2100067138672,200.6300048828125,12673900.0,146.47808837890625
2012-10-18,200.13999938964844,194.07000732421875,199.91000366210938,194.9600067138672,9295900.0,142.33843994140625
2012-10-19,196.0800018310547,193.17999267578125,195.2899932861328,193.36000061035156,6620300.0,141.1703643798828
2012-10-22,194.67999267578125,192.44000244140625,193.7100067138672,194.39999389648438,4402500.0,141.92962646484375
2012-10-23,194.0,190.94000244140625,193.52999877929688,191.25,4427400.0,139.62982177734375
2012-10-24,193.2899932861328,190.55999755859375,192.44000244140625,190.72000122070312,3738000.0,139.24290466308594
2012-10-25,192.44000244140625,190.7100067138672,191.41000366210938,191.60000610351562,3249600.0,139.88534545898438
2012-10-26,193.8699951171875,191.47000122070312,191.49000549316406,193.27000427246094,4006500.0,141.10462951660156
2012-10-31,196.41000366210938,193.6300048828125,194.8000030517578,194.52999877929688,6052300.0,142.02450561523438
2012-11-01,197.88999938964844,194.5500030517578,194.67999267578125,197.14999389648438,3758800.0,143.9373779296875
2012-11-02,198.0,193.2899932861328,197.52999877929688,193.42999267578125,4260100.0,141.22146606445312
2012-11-05,194.97000122070312,192.00999450683594,192.36000061035156,194.13999938964844,2736200.0,141.73980712890625
2012-11-06,196.75,194.67999267578125,195.25999450683594,195.07000732421875,3281000.0,142.4187469482422
2012-11-07,193.67999267578125,191.16000366210938,193.36000061035156,191.16000366210938,4746200.0,140.1749267578125
2012-11-08,191.80999755859375,190.08999633789062,191.39999389648438,190.10000610351562,3542200.0,139.39768981933594
2012-11-09,191.63999938964844,188.8800048828125,189.85000610351562,189.63999938964844,3671600.0,139.06031799316406
2012-11-12,190.77000427246094,187.41000366210938,190.02999877929688,189.25,3067400.0,138.77435302734375
2012-11-13,190.8800048828125,188.25,188.38999938964844,188.32000732421875,3406700.0,138.09239196777344
2012-11-14,189.27000427246094,185.27999877929688,189.13999938964844,185.50999450683594,4404400.0,136.0318603515625
2012-11-15,187.1999969482422,184.77999877929688,185.8300018310547,185.85000610351562,3411700.0,136.28118896484375
2012-11-16,187.55999755859375,185.10000610351562,186.3300018310547,186.94000244140625,4660800.0,137.08045959472656
2012-11-19,190.38999938964844,188.3000030517578,188.6199951171875,190.35000610351562,3588900.0,139.5809783935547
2012-11-20,190.11000061035156,188.25,189.8800048828125,189.1999969482422,3170200.0,138.7377166748047
2012-11-21,190.88999938964844,188.9499969482422,189.3000030517578,190.2899932861328,5189600.0,139.53697204589844
2012-11-23,193.49000549316406,190.8000030517578,191.0,193.49000549316406,3877600.0,141.8834991455078
2012-11-26,193.3699951171875,191.77000427246094,192.4499969482422,192.8800048828125,5210300.0,141.4362030029297
2012-11-27,193.0500030517578,191.0,192.0800018310547,191.22999572753906,3290900.0,140.22630310058594
2012-11-28,192.0399932861328,189.27000427246094,190.97999572753906,191.97999572753906,3603600.0,140.77618408203125
2012-11-29,192.89999389648438,190.1999969482422,192.75,191.52999877929688,4077900.0,140.44622802734375
2012-11-30,192.0,189.5,191.75,190.07000732421875,4936400.0,139.37562561035156
2012-12-03,191.3000030517578,188.36000061035156,190.75999450683594,189.47999572753906,3349600.0,138.9429931640625
2012-12-04,190.75,189.02000427246094,189.7100067138672,189.36000061035156,3990700.0,138.8550567626953
2012-12-05,189.4600067138672,186.94000244140625,189.00999450683594,188.64999389648438,4202100.0,138.33436584472656
2012-12-06,190.17999267578125,188.41000366210938,189.1699981689453,189.6999969482422,3216600.0,139.1042938232422
2012-12-07,192.1999969482422,190.11000061035156,190.13999938964844,191.9499969482422,4091300.0,140.7542724609375
2012-12-10,193.5399932861328,191.64999389648438,192.1699981689453,192.6199951171875,3438500.0,141.24554443359375
2012-12-11,194.8000030517578,193.14999389648438,193.17999267578125,194.1999969482422,4144000.0,142.4041290283203
2012-12-12,194.75,192.4600067138672,194.60000610351562,192.9499969482422,4241900.0,141.48751831054688
2012-12-13,193.0500030517578,191.3699951171875,192.17999267578125,191.99000549316406,3623200.0,140.7835693359375
2012-12-14,193.39999389648438,191.25999450683594,191.69000244140625,191.75999450683594,3826900.0,140.6149139404297
2012-12-17,193.91000366210938,191.75999450683594,191.75999450683594,193.6199951171875,3792400.0,141.97882080078125
2012-12-18,195.9199981689453,193.83999633789062,193.85000610351562,195.69000244140625,4125900.0,143.49668884277344
2012-12-19,196.4499969482422,195.0,195.4600067138672,195.0800018310547,4270500.0,143.04940795898438
2012-12-20,194.9499969482422,193.16000366210938,194.47000122070312,194.77000427246094,4184500.0,142.8220672607422
2012-12-21,194.5,191.57000732421875,193.10000610351562,193.4199981689453,8225300.0,141.83218383789062
2012-12-24,193.8300018310547,192.02000427246094,193.0500030517578,192.39999389648438,1631200.0,141.08416748046875
2012-12-26,193.52999877929688,190.9499969482422,192.2100067138672,191.9499969482422,2776500.0,140.7542724609375
2012-12-27,193.27999877929688,190.6999969482422,191.52999877929688,192.7100067138672,3967600.0,141.3115234375
2012-12-28,192.22000122070312,189.8300018310547,191.11000061035156,189.8300018310547,3536600.0,139.19969177246094
2012-12-31,191.67999267578125,188.83999633789062,189.22999572753906,191.5500030517578,4684900.0,140.46090698242188
2013-01-02,196.35000610351562,193.8000030517578,194.08999633789062,196.35000610351562,4234100.0,143.9806671142578
2013-01-03,196.2899932861328,194.44000244140625,195.6699981689453,195.27000427246094,3644700.0,143.18873596191406
2013-01-04,194.4600067138672,192.77999877929688,194.19000244140625,193.99000549316406,3380200.0,142.25010681152344
2013-01-07,193.77999877929688,192.33999633789062,193.39999389648438,193.13999938964844,2862300.0,141.62684631347656
2013-01-08,193.3000030517578,191.60000610351562,192.9199981689453,192.8699951171875,3026900.0,141.42889404296875
2013-01-09,193.49000549316406,191.64999389648438,193.47999572753906,192.32000732421875,3212000.0,141.02554321289062
2013-01-10,192.9600067138672,191.27999877929688,192.64999389648438,192.8800048828125,3608100.0,141.4362030029297
2013-01-11,195.0,192.89999389648438,194.14999389648438,194.4499969482422,3880400.0,142.58741760253906
2013-01-14,193.27999877929688,191.75,192.82000732421875,192.6199951171875,4172200.0,141.24554443359375
2013-01-15,192.72999572753906,190.38999938964844,191.30999755859375,192.5,4172100.0,141.1575164794922
2013-01-16,193.17999267578125,191.35000610351562,192.0,192.58999633789062,2962900.0,141.22354125976562
2013-01-17,194.4600067138672,193.24000549316406,193.85000610351562,193.64999389648438,3881600.0,142.00079345703125
2013-01-18,195.0,193.8000030517578,194.02999877929688,194.47000122070312,4559600.0,142.60206604003906
2013-01-22,196.0800018310547,194.00999450683594,194.36000061035156,196.0800018310547,7172300.0,143.78269958496094
2013-01-23,208.5800018310547,203.36000061035156,203.5,204.72000122070312,12530500.0,150.1182861328125
2013-01-24,205.05999755859375,203.0800018310547,203.91000366210938,204.4199981689453,4447200.0,149.89833068847656
2013-01-25,205.17999267578125,204.1300048828125,204.4499969482422,204.97000122070312,3358900.0,150.30162048339844
2013-01-28,206.22000122070312,204.2899932861328,204.85000610351562,204.92999267578125,2823700.0,150.272216796875
2013-01-29,205.72999572753906,203.63999938964844,204.33999633789062,203.89999389648438,3617100.0,149.51699829101562
2013-01-30,204.8800048828125,203.19000244140625,203.69000244140625,203.52000427246094,2998400.0,149.2383575439453
2013-01-31,204.47000122070312,202.9600067138672,203.32000732421875,203.07000732421875,3091400.0,148.90838623046875
2013-02-01,205.35000610351562,203.83999633789062,204.64999389648438,205.17999267578125,3370700.0,150.45562744140625
2013-02-04,205.02000427246094,203.57000732421875,204.19000244140625,203.7899932861328,3188800.0,149.43629455566406
2013-02-05,204.75,202.50999450683594,204.30999755859375,202.7899932861328,3636900.0,148.70306396484375
2013-02-06,201.2899932861328,199.55999755859375,200.38999938964844,201.02000427246094,3624200.0,148.0255889892578
2013-02-07,200.91000366210938,198.67999267578125,200.6199951171875,199.74000549316406,3076700.0,147.08303833007812
2013-02-08,202.08999633789062,199.67999267578125,199.97000122070312,201.67999267578125,2893300.0,148.51158142089844
2013-02-11,201.9499969482422,199.75,200.97999572753906,200.16000366210938,2944700.0,147.39230346679688
2013-02-12,200.74000549316406,199.02000427246094,200.00999450683594,200.0399932861328,2461800.0,147.30393981933594
2013-02-13,200.9499969482422,199.57000732421875,200.64999389648438,200.08999633789062,2169800.0,147.34072875976562
2013-02-14,200.32000732421875,199.25999450683594,199.72999572753906,199.64999389648438,3294200.0,147.01675415039062
2013-02-15,201.25,199.82000732421875,199.97999572753906,200.97999572753906,3627800.0,147.99609375
2013-02-19,201.88999938964844,200.22000122070312,200.60000610351562,200.32000732421875,2998300.0,147.5101318359375
2013-02-20,201.72000122070312,198.86000061035156,200.6199951171875,199.30999755859375,3715400.0,146.76632690429688
2013-02-21,199.07000732421875,198.11000061035156,198.6300048828125,198.3300018310547,3922900.0,146.0447540283203
2013-02-22,201.08999633789062,198.83999633789062,199.22999572753906,201.08999633789062,3107900.0,148.07717895507812
2013-02-25,202.49000549316406,197.50999450683594,201.6699981689453,197.50999450683594,3844800.0,145.44094848632812
2013-02-26,199.89999389648438,197.83999633789062,198.6300048828125,199.13999938964844,3391600.0,146.64120483398438
2013-02-27,202.75,198.60000610351562,198.88999938964844,202.3300018310547,4185100.0,148.99020385742188
2013-02-28,203.1199951171875,200.7899932861328,202.17999267578125,200.8300018310547,4689200.0,147.8856658935547
2013-03-01,202.94000244140625,199.36000061035156,200.64999389648438,202.91000366210938,3308300.0,149.4173126220703
2013-03-04,205.19000244140625,202.5500030517578,202.58999633789062,205.19000244140625,3693400.0,151.0962371826172
2013-03-05,207.6999969482422,205.69000244140625,205.86000061035156,206.52999877929688,3807800.0,152.0830078125
2013-03-06,208.49000549316406,206.66000366210938,207.02999877929688,208.3800048828125,3594800.0,153.44529724121094
2013-03-07,209.60000610351562,208.24000549316406,208.2899932861328,209.4199981689453,3884400.0,154.21109008789062
2013-03-08,210.74000549316406,209.42999267578125,209.85000610351562,210.3800048828125,3700500.0,154.9180145263672
2013-03-11,210.1999969482422,209.0399932861328,210.0399932861328,210.0800018310547,3049700.0,154.6971435546875
2013-03-12,210.72999572753906,209.08999633789062,209.39999389648438,210.5500030517578,3591600.0,155.04318237304688
2013-03-13,212.36000061035156,209.77000427246094,210.1999969482422,212.05999755859375,3355900.0,156.15512084960938
2013-03-14,215.86000061035156,212.14999389648438,212.14999389648438,215.8000030517578,5505500.0,158.90916442871094
2013-03-15,215.89999389648438,213.41000366210938,215.3800048828125,214.9199981689453,7930300.0,158.26116943359375
2013-03-18,214.5,212.63999938964844,212.89999389648438,213.2100067138672,3006000.0,157.00198364257812
2013-03-19,215.1199951171875,211.8300018310547,214.1300048828125,213.44000244140625,3198600.0,157.1713104248047
2013-03-20,215.82000732421875,214.3000030517578,214.75999450683594,215.05999755859375,3019000.0,158.3642578125
2013-03-21,213.0,210.11000061035156,212.9600067138672,212.25999450683594,5830400.0,156.3024444580078
2013-03-22,213.1699981689453,211.6199951171875,212.2100067138672,212.0800018310547,3031500.0,156.16989135742188
2013-03-25,212.80999755859375,210.0500030517578,212.5399932861328,210.74000549316406,3242500.0,155.18313598632812
2013-03-26,212.5,211.5,211.77000427246094,212.36000061035156,2300300.0,156.3760528564453
2013-03-27,212.16000366210938,210.10000610351562,210.9600067138672,210.88999938964844,3223400.0,155.29354858398438
2013-03-28,213.44000244140625,209.74000549316406,209.8300018310547,213.3000030517578,3749900.0,157.06820678710938
2013-04-01,213.5,211.25,212.8000030517578,212.3800048828125,2144500.0,156.39077758789062
2013-04-02,214.7100067138672,211.57000732421875,212.9199981689453,214.36000061035156,3116800.0,157.8488006591797
2013-04-03,214.88999938964844,212.6300048828125,214.32000732421875,212.66000366210938,3128800.0,156.59695434570312
2013-04-04,212.92999267578125,210.0399932861328,212.77000427246094,211.30999755859375,3709500.0,155.60284423828125
2013-04-05,209.83999633789062,206.33999633789062,209.10000610351562,209.41000366210938,4148000.0,154.20372009277344
2013-04-08,209.32000732421875,207.3300018310547,209.07000732421875,209.32000732421875,2351200.0,154.13748168945312
2013-04-09,210.0,208.61000061035156,209.55999755859375,209.22000122070312,2577300.0,154.0638427734375
2013-04-10,212.50999450683594,210.47000122070312,211.86000061035156,212.0,3524200.0,156.11094665527344
2013-04-11,213.08999633789062,210.85000610351562,211.5,212.9199981689453,3655600.0,156.7884063720703
2013-04-12,211.49000549316406,209.77999877929688,210.7899932861328,211.3800048828125,3165400.0,155.65435791015625
2013-04-15,211.69000244140625,209.25999450683594,210.44000244140625,209.25999450683594,4218100.0,154.09327697753906
2013-04-16,212.0,209.1999969482422,210.83999633789062,212.0,2859500.0,156.11094665527344
2013-04-17,211.08999633789062,209.5,210.52999877929688,209.6699981689453,3269800.0,154.39520263671875
2013-04-18,210.25,206.14999389648438,210.11000061035156,207.14999389648438,6502000.0,152.53953552246094
2013-04-19,196.5,189.75999450683594,195.74000549316406,190.0,18847000.0,139.91070556640625
2013-04-22,191.3800048828125,187.67999267578125,191.14999389648438,187.8300018310547,9845400.0,138.31277465820312
2013-04-23,192.5500030517578,188.61000061035156,189.27000427246094,191.61000061035156,6296100.0,141.09632873535156
2013-04-24,192.5,191.08999633789062,192.16000366210938,191.7100067138672,3693900.0,141.16998291015625
2013-04-25,195.1699981689453,192.32000732421875,192.69000244140625,193.9499969482422,4650900.0,142.81939697265625
2013-04-26,194.7100067138672,193.25,194.16000366210938,194.30999755859375,3490300.0,143.08453369140625
2013-04-29,199.67999267578125,194.64999389648438,194.77999877929688,199.14999389648438,5932400.0,146.64852905273438
2013-04-30,202.58999633789062,197.35000610351562,199.1300048828125,202.5399932861328,7539900.0,149.14488220214844
2013-05-01,202.1699981689453,199.1999969482422,201.8699951171875,199.6300048828125,4899100.0,147.00205993652344
2013-05-02,202.42999267578125,199.75,200.1199951171875,202.38999938964844,3945100.0,149.034423828125
2013-05-03,205.32000732421875,203.75,203.94000244140625,204.50999450683594,4492700.0,150.595458984375
2013-05-06,203.99000549316406,201.52000427246094,203.7899932861328,202.77999877929688,4826500.0,149.32159423828125
2013-05-07,203.72999572753906,201.64999389648438,202.80999755859375,203.6300048828125,3451000.0,149.9475555419922
2013-05-08,204.85000610351562,202.50999450683594,202.94000244140625,204.82000732421875,3601700.0,151.53073120117188
2013-05-09,205.0,202.72000122070312,204.69000244140625,203.24000549316406,3542300.0,150.36183166503906
2013-05-10,204.52999877929688,202.82000732421875,203.3699951171875,204.47000122070312,3279200.0,151.2718048095703
2013-05-13,204.47000122070312,202.22000122070312,204.17999267578125,202.47000122070312,3648400.0,149.79220581054688
2013-05-14,203.6699981689453,202.0800018310547,202.08999633789062,203.2100067138672,3699700.0,150.3396453857422
2013-05-15,203.67999267578125,202.0399932861328,202.25,203.32000732421875,4028100.0,150.4210662841797
2013-05-16,206.58999633789062,204.0,204.0,204.69000244140625,4507000.0,151.43455505371094
2013-05-17,209.5,204.99000549316406,205.25,208.44000244140625,5704100.0,154.20887756347656
2013-05-20,209.14999389648438,207.4199981689453,208.02000427246094,207.60000610351562,3614500.0,153.58746337890625
2013-05-21,209.47999572753906,207.0,207.24000549316406,208.64999389648438,2982900.0,154.3642578125
2013-05-22,210.14999389648438,206.1199951171875,208.5,206.99000549316406,5186800.0,153.13612365722656
2013-05-23,208.61000061035156,205.1300048828125,205.47999572753906,206.16000366210938,5179100.0,152.5220947265625
2013-05-24,206.42999267578125,204.4199981689453,204.69000244140625,205.72000122070312,3295800.0,152.19654846191406
2013-05-28,208.58999633789062,207.16000366210938,207.44000244140625,207.77999877929688,4011500.0,153.72064208984375
2013-05-29,208.4199981689453,206.0399932861328,206.22000122070312,207.9199981689453,3439400.0,153.8241729736328
2013-05-30,210.99000549316406,206.97000122070312,206.97000122070312,209.36000061035156,4399700.0,154.8895263671875
2013-05-31,211.97999572753906,208.02000427246094,208.58999633789062,208.02000427246094,4949000.0,153.89813232421875
2013-06-03,210.0500030517578,207.3300018310547,208.25,208.9499969482422,3322000.0,154.586181640625
2013-06-04,209.0,205.0800018310547,208.60000610351562,206.19000244140625,3598300.0,152.5443115234375
2013-06-05,206.2899932861328,202.39999389648438,205.16000366210938,202.74000549316406,4215400.0,149.9918975830078
2013-06-06,204.1999969482422,201.47000122070312,203.0,203.8000030517578,3679400.0,150.77613830566406
2013-06-07,206.35000610351562,204.11000061035156,204.85000610351562,206.35000610351562,2953400.0,152.66268920898438
2013-06-10,206.97999572753906,204.89999389648438,206.97000122070312,205.02000427246094,2652300.0,151.6786651611328
2013-06-11,205.9499969482422,202.50999450683594,203.1699981689453,203.97999572753906,2814400.0,150.9093017578125
2013-06-12,205.22999572753906,200.50999450683594,204.58999633789062,201.1999969482422,3409800.0,148.85260009765625
2013-06-13,204.39999389648438,200.33999633789062,201.00999450683594,203.77000427246094,2899500.0,150.75392150878906
2013-06-14,204.74000549316406,201.80999755859375,203.97000122070312,202.1999969482422,2804500.0,149.5924072265625
2013-06-17,205.1699981689453,202.5500030517578,203.44000244140625,203.0399932861328,3219900.0,150.21380615234375
2013-06-18,206.08999633789062,202.8699951171875,203.02000427246094,204.8699951171875,3277800.0,151.56768798828125
2013-06-19,205.02999877929688,201.92999267578125,204.44000244140625,201.94000244140625,2846100.0,149.40005493164062
2013-06-20,201.6999969482422,197.27999877929688,200.6699981689453,197.35000610351562,4514800.0,146.00425720214844
2013-06-21,198.52000427246094,193.5399932861328,198.5,195.4600067138672,8914800.0,144.6060333251953
2013-06-24,194.91000366210938,191.33999633789062,193.99000549316406,193.5399932861328,4356200.0,143.185546875
2013-06-25,195.58999633789062,193.14999389648438,195.30999755859375,194.97999572753906,3846200.0,144.2508544921875
2013-06-26,196.22999572753906,194.5,195.97000122070312,194.86000061035156,3320200.0,144.16204833984375
2013-06-27,196.89999389648438,195.2899932861328,196.0500030517578,195.64999389648438,3514200.0,144.7465057373047
2013-06-28,192.66000366210938,188.41000366210938,191.72999572753906,191.11000061035156,10055800.0,141.3877716064453
2013-07-01,193.8000030517578,191.1199951171875,192.14999389648438,191.27999877929688,4442400.0,141.5134735107422
2013-07-02,193.22999572753906,190.25999450683594,190.77999877929688,191.5,3657700.0,141.67628479003906
2013-07-03,194.22000122070312,190.50999450683594,190.97999572753906,193.25,1872600.0,142.97096252441406
2013-07-05,195.16000366210938,192.35000610351562,194.49000549316406,194.92999267578125,2405400.0,144.21388244628906
2013-07-08,195.77999877929688,194.61000061035156,195.60000610351562,194.97999572753906,2947500.0,144.2508544921875
2013-07-09,192.8000030517578,190.77999877929688,191.8800048828125,191.3000030517578,5204200.0,141.52833557128906
2013-07-10,193.42999267578125,191.27000427246094,191.50999450683594,192.25,3892000.0,142.23114013671875
2013-07-11,194.11000061035156,192.61000061035156,193.77999877929688,192.8000030517578,4177500.0,142.63803100585938
2013-07-12,193.6999969482422,191.58999633789062,193.07000732421875,192.07000732421875,4494700.0,142.09796142578125
2013-07-15,194.88999938964844,191.67999267578125,192.4199981689453,194.0,5674700.0,143.52581787109375
2013-07-16,194.5800018310547,192.67999267578125,194.0399932861328,193.85000610351562,3745300.0,143.41488647460938
2013-07-17,194.88999938964844,193.02999877929688,194.72000122070312,194.5500030517578,6868400.0,143.9327850341797
2013-07-18,200.94000244140625,195.99000549316406,198.27000427246094,197.99000549316406,8393400.0,146.47779846191406
2013-07-19,197.99000549316406,193.24000549316406,197.91000366210938,193.5399932861328,6997600.0,143.185546875
2013-07-22,195.7899932861328,193.27999877929688,193.39999389648438,194.08999633789062,3398000.0,143.59242248535156
2013-07-23,196.42999267578125,194.10000610351562,194.2100067138672,194.97999572753906,2863800.0,144.2508544921875
2013-07-24,197.3000030517578,195.86000061035156,195.9499969482422,196.61000061035156,2957900.0,145.45680236816406
2013-07-25,197.8300018310547,195.66000366210938,196.3000030517578,197.22000122070312,3014300.0,145.9080810546875
2013-07-26,197.3699951171875,195.0,196.58999633789062,197.35000610351562,2485100.0,146.00425720214844
2013-07-29,197.19000244140625,195.52999877929688,196.8300018310547,196.2100067138672,2113700.0,145.16087341308594
2013-07-30,197.8300018310547,195.80999755859375,196.99000549316406,196.00999450683594,2663200.0,145.0128936767578
2013-07-31,196.91000366210938,194.49000549316406,194.49000549316406,195.0399932861328,3810000.0,144.2952423095703
2013-08-01,197.1699981689453,195.41000366210938,196.64999389648438,195.80999755859375,2877700.0,144.86489868164062
2013-08-02,195.5,193.22000122070312,195.5,195.16000366210938,3874000.0,144.38406372070312
2013-08-05,195.8800048828125,194.35000610351562,195.16000366210938,195.5,2490900.0,144.63558959960938
2013-08-06,192.50999450683594,190.27000427246094,192.25999450683594,190.99000549316406,5938500.0,141.29901123046875
2013-08-07,189.92999267578125,188.0500030517578,189.60000610351562,188.55999755859375,3901700.0,140.1985321044922
2013-08-08,189.8699951171875,186.7899932861328,189.4499969482422,187.92999267578125,4547600.0,139.73011779785156
2013-08-09,189.16000366210938,187.0,188.0,187.82000732421875,3249600.0,139.64834594726562
2013-08-12,189.55999755859375,186.88999938964844,186.97000122070312,189.08999633789062,3026500.0,140.5926055908203
2013-08-13,189.99000549316406,187.55999755859375,189.5399932861328,188.4199981689453,3542900.0,140.09446716308594
2013-08-14,188.92999267578125,187.3000030517578,188.5800018310547,187.52999877929688,2892300.0,139.4327850341797
2013-08-15,187.0,185.4499969482422,186.22999572753906,185.7899932861328,3692400.0,138.1389923095703
2013-08-16,186.4600067138672,185.33999633789062,185.5399932861328,185.33999633789062,3426400.0,137.80445861816406
2013-08-19,186.5,183.97999572753906,185.3000030517578,184.22999572753906,3248900.0,136.9791259765625
2013-08-20,185.6300048828125,183.1699981689453,184.3699951171875,184.55999755859375,3117800.0,137.22445678710938
2013-08-21,186.57000732421875,184.27999877929688,184.6699981689453,184.86000061035156,3551000.0,137.44754028320312
2013-08-22,186.25,184.25,185.64999389648438,185.19000244140625,2354300.0,137.69287109375
2013-08-23,185.74000549316406,184.57000732421875,185.33999633789062,185.4199981689453,2292700.0,137.8638916015625
2013-08-26,187.0,184.67999267578125,185.27000427246094,184.74000549316406,2170400.0,137.35829162597656
2013-08-27,184.5,182.57000732421875,183.6300048828125,182.74000549316406,3190700.0,135.8712615966797
2013-08-28,183.47000122070312,181.10000610351562,182.67999267578125,182.16000366210938,3979200.0,135.44004821777344
2013-08-29,183.6999969482422,181.44000244140625,181.9600067138672,182.63999938964844,2980900.0,135.79690551757812
2013-08-30,182.99000549316406,181.50999450683594,182.75,182.27000427246094,2731000.0,135.5218048095703
2013-09-03,184.32000732421875,182.50999450683594,183.6300048828125,183.9600067138672,3487200.0,136.77835083007812
2013-09-04,184.19000244140625,182.30999755859375,183.5800018310547,183.1300048828125,2597900.0,136.16123962402344
2013-09-05,185.0,183.07000732421875,183.35000610351562,184.14999389648438,2867600.0,136.91964721679688
2013-09-06,184.99000549316406,182.64999389648438,184.64999389648438,183.02999877929688,2903500.0,136.0868377685547
2013-09-09,185.49000549316406,183.30999755859375,183.67999267578125,184.97999572753906,3017200.0,137.53672790527344
2013-09-10,187.64999389648438,186.3699951171875,187.1999969482422,186.60000610351562,3149600.0,138.7412872314453
2013-09-11,190.8699951171875,186.82000732421875,186.8300018310547,190.6999969482422,4962900.0,141.78968811035156
2013-09-12,191.32000732421875,189.85000610351562,190.9600067138672,190.72999572753906,3354800.0,141.81198120117188
2013-09-13,193.10000610351562,191.0,191.2100067138672,192.1699981689453,3710400.0,142.8826446533203
2013-09-16,194.80999755859375,192.61000061035156,193.6999969482422,193.14999389648438,3902400.0,143.61131286621094
2013-09-17,194.14999389648438,191.8300018310547,193.4199981689453,192.16000366210938,2930900.0,142.87521362304688
2013-09-18,194.88999938964844,192.0,192.60000610351562,194.4199981689453,3841800.0,144.55560302734375
2013-09-19,194.88999938964844,193.22000122070312,194.17999267578125,193.38999938964844,3178100.0,143.78976440429688
2013-09-20,194.42999267578125,190.02000427246094,193.9600067138672,190.02000427246094,8525900.0,141.28411865234375
2013-09-23,192.41000366210938,189.3300018310547,190.05999755859375,190.99000549316406,3340800.0,142.00535583496094
2013-09-24,191.55999755859375,189.66000366210938,190.92999267578125,189.97000122070312,3085300.0,141.24688720703125
2013-09-25,190.6199951171875,188.5,190.13999938964844,189.47000122070312,2654500.0,140.8751678466797
2013-09-26,191.75999450683594,189.4600067138672,190.10000610351562,190.22000122070312,2093600.0,141.43280029296875
2013-09-27,188.94000244140625,186.4499969482422,188.8699951171875,186.9199981689453,3905500.0,138.9791717529297
2013-09-30,186.74000549316406,184.33999633789062,185.55999755859375,185.17999267578125,3978200.0,137.68544006347656
2013-10-01,186.64999389648438,184.64999389648438,185.33999633789062,186.3800048828125,2681200.0,138.57766723632812
2013-10-02,186.30999755859375,184.41000366210938,185.5399932861328,184.9600067138672,3617100.0,137.52188110351562
2013-10-03,184.9600067138672,183.0,184.6999969482422,183.86000061035156,3211800.0,136.70399475097656
2013-10-04,185.1300048828125,183.5800018310547,184.1699981689453,184.10000610351562,2863600.0,136.88246154785156
2013-10-07,183.30999755859375,181.85000610351562,181.85000610351562,182.00999450683594,3966400.0,135.3284912109375
2013-10-08,181.99000549316406,178.7100067138672,181.88999938964844,178.72000122070312,5578300.0,132.88229370117188
2013-10-09,181.6699981689453,179.10000610351562,179.3699951171875,181.32000732421875,4423500.0,134.81546020507812
2013-10-10,184.77000427246094,182.36000061035156,183.1699981689453,184.77000427246094,3658900.0,137.380615234375
2013-10-11,186.22999572753906,184.1199951171875,185.25,186.16000366210938,3232600.0,138.4140625
2013-10-14,186.99000549316406,184.4199981689453,185.41000366210938,186.97000122070312,2663100.0,139.01637268066406
2013-10-15,185.94000244140625,184.22000122070312,185.74000549316406,184.66000366210938,3365100.0,137.298828125
2013-10-16,186.72999572753906,184.99000549316406,185.4199981689453,186.72999572753906,6718000.0,138.83792114257812
2013-10-17,177.0,172.57000732421875,173.83999633789062,174.8300018310547,22368900.0,129.99000549316406
2013-10-18,175.0,173.25,174.8000030517578,173.77999877929688,10548000.0,129.2092742919922
2013-10-21,174.75,172.6300048828125,174.4199981689453,172.86000061035156,7098700.0,128.52528381347656
2013-10-22,175.57000732421875,172.9499969482422,173.35000610351562,174.97000122070312,6977300.0,130.09410095214844
2013-10-23,175.99000549316406,174.39999389648438,175.08999633789062,175.77000427246094,5409400.0,130.6889190673828
2013-10-24,177.88999938964844,176.25,176.42999267578125,177.8000030517578,5533300.0,132.19825744628906
2013-10-25,179.10000610351562,176.25999450683594,178.42999267578125,176.85000610351562,4842800.0,131.4918975830078
2013-10-28,177.88999938964844,176.1999969482422,177.0399932861328,177.35000610351562,3712700.0,131.86363220214844
2013-10-29,182.32000732421875,177.5,177.6199951171875,182.1199951171875,8904600.0,135.41030883789062
2013-10-30,182.17999267578125,179.86000061035156,181.69000244140625,180.14999389648438,5273700.0,133.94549560546875
2013-10-31,181.6699981689453,179.0399932861328,179.64999389648438,179.2100067138672,4318100.0,133.24661254882812
2013-11-01,180.33999633789062,178.8800048828125,179.80999755859375,179.22999572753906,3644500.0,133.26150512695312
2013-11-04,180.8000030517578,179.33999633789062,179.89999389648438,180.27000427246094,3483300.0,134.0347900390625
2013-11-05,179.8000030517578,177.7100067138672,179.5399932861328,177.85000610351562,6096800.0,132.2354278564453
2013-11-06,179.75,177.77999877929688,177.91000366210938,179.19000244140625,4560700.0,133.9472198486328
2013-11-07,181.38999938964844,179.60000610351562,179.60000610351562,180.0,5219500.0,134.55274963378906
2013-11-08,180.0800018310547,177.35000610351562,178.8300018310547,179.99000549316406,6275000.0,134.54527282714844
2013-11-11,183.38999938964844,180.0399932861328,180.19000244140625,182.8800048828125,5222300.0,136.70555114746094
2013-11-12,184.0500030517578,182.25999450683594,182.52999877929688,183.07000732421875,4258500.0,136.8476104736328
2013-11-13,183.5500030517578,181.58999633789062,182.27000427246094,183.5500030517578,4704400.0,137.20640563964844
2013-11-14,183.1999969482422,179.66000366210938,180.47999572753906,182.2100067138672,6321500.0,136.20474243164062
2013-11-15,183.27999877929688,181.16000366210938,182.3800048828125,183.19000244140625,5176100.0,136.93728637695312
2013-11-18,184.99000549316406,183.27000427246094,183.52000427246094,184.47000122070312,5344900.0,137.8940887451172
2013-11-19,186.1999969482422,184.14999389648438,184.6300048828125,185.25,4577000.0,138.4771728515625
2013-11-20,186.24000549316406,184.64999389648438,185.22000122070312,185.19000244140625,3645800.0,138.4323272705078
2013-11-21,185.75,183.41000366210938,185.5399932861328,184.1300048828125,4459500.0,137.63995361328125
2013-11-22,184.99000549316406,179.9199981689453,183.5,181.3000030517578,7610200.0,135.52450561523438
2013-11-25,180.75,177.82000732421875,180.25,178.94000244140625,7161900.0,133.76036071777344
2013-11-26,178.94000244140625,177.30999755859375,178.6699981689453,177.30999755859375,5756000.0,132.5418701171875
2013-11-27,180.17999267578125,177.82000732421875,177.8300018310547,178.97000122070312,4596500.0,133.7827606201172
2013-11-29,180.75999450683594,179.0,179.2100067138672,179.67999267578125,2870500.0,134.3135223388672
2013-12-02,179.58999633789062,177.1199951171875,179.4600067138672,177.47999572753906,4560000.0,132.6690216064453
2013-12-03,178.22999572753906,175.63999938964844,177.0,176.0800018310547,5864000.0,131.62245178222656
2013-12-04,177.5,175.16000366210938,175.3699951171875,175.74000549316406,5267400.0,131.3683319091797
2013-12-05,176.86000061035156,175.27999877929688,176.14999389648438,176.0800018310547,4384900.0,131.62245178222656
2013-12-06,178.0,176.00999450683594,176.6999969482422,177.6699981689453,4739800.0,132.81101989746094
2013-12-09,178.14999389648438,176.8300018310547,177.99000549316406,177.4600067138672,3796600.0,132.65406799316406
2013-12-10,177.6699981689453,176.05999755859375,176.89999389648438,177.1199951171875,4127800.0,132.39990234375
2013-12-11,177.75999450683594,175.10000610351562,177.0,175.1999969482422,4090400.0,130.96463012695312
2013-12-12,175.8000030517578,173.3000030517578,175.05999755859375,173.3699951171875,5671600.0,129.59666442871094
2013-12-13,174.3800048828125,172.72999572753906,173.52000427246094,172.8000030517578,4184400.0,129.17063903808594
2013-12-16,178.35000610351562,172.72999572753906,173.22000122070312,177.85000610351562,7517000.0,132.9456024169922
2013-12-17,177.49000549316406,175.1199951171875,177.36000061035156,175.75999450683594,5471900.0,131.3832550048828
2013-12-18,178.74000549316406,174.85000610351562,176.4499969482422,178.6999969482422,5697700.0,133.58096313476562
2013-12-19,180.5399932861328,177.8800048828125,177.8800048828125,180.22000122070312,5927000.0,134.71717834472656
2013-12-20,182.0,180.02000427246094,180.1199951171875,180.02000427246094,7653500.0,134.56768798828125
2013-12-23,182.92999267578125,180.61000061035156,181.0500030517578,182.22999572753906,4079900.0,136.2196807861328
2013-12-24,183.5,181.91000366210938,181.9600067138672,183.22000122070312,1613600.0,136.95974731445312
2013-12-26,185.55999755859375,183.50999450683594,183.55999755859375,185.35000610351562,3325700.0,138.5519256591797
2013-12-27,186.5,184.55999755859375,185.83999633789062,185.0800018310547,3381600.0,138.35011291503906
2013-12-30,186.6999969482422,184.6699981689453,185.32000732421875,186.41000366210938,3018600.0,139.3442840576172
2013-12-31,187.7899932861328,186.3000030517578,186.49000549316406,187.57000732421875,3619700.0,140.21142578125
2014-01-02,187.39999389648438,185.1999969482422,187.2100067138672,185.52999877929688,4546500.0,138.68646240234375
2014-01-03,187.35000610351562,185.3000030517578,185.8300018310547,186.63999938964844,4063200.0,139.51622009277344
2014-01-06,187.36000061035156,185.3000030517578,187.14999389648438,186.0,4067800.0,139.037841796875
2014-01-07,190.35000610351562,186.3800048828125,186.38999938964844,189.7100067138672,5932300.0,141.81109619140625
2014-01-08,189.4199981689453,187.25999450683594,189.3300018310547,187.97000122070312,4603700.0,140.5104217529297
2014-01-09,189.5,186.5500030517578,189.02000427246094,187.3800048828125,4321300.0,140.06939697265625
2014-01-10,188.57000732421875,186.27999877929688,188.30999755859375,187.25999450683594,4022400.0,139.979736328125
2014-01-13,186.9499969482422,183.86000061035156,186.25999450683594,184.16000366210938,5784700.0,137.66241455078125
2014-01-14,186.42999267578125,183.8800048828125,185.05999755859375,185.9199981689453,4619200.0,138.97804260253906
2014-01-15,188.64999389648438,185.49000549316406,185.82000732421875,187.74000549316406,4816500.0,140.3385009765625
2014-01-16,188.99000549316406,186.8000030517578,187.52999877929688,188.75999450683594,4770300.0,141.10096740722656
2014-01-17,190.80999755859375,187.86000061035156,188.0399932861328,190.08999633789062,7644600.0,142.09518432617188
2014-01-21,190.38999938964844,186.7899932861328,190.22999572753906,188.42999267578125,11076300.0,140.85427856445312
2014-01-22,183.5,179.6699981689453,181.27999877929688,182.25,13796100.0,136.234619140625
2014-01-23,183.72000122070312,180.7100067138672,181.42999267578125,182.72999572753906,6973900.0,136.5934600830078
2014-01-24,182.80999755859375,179.63999938964844,181.25,179.63999938964844,6890600.0,134.2836151123047
2014-01-27,179.64999389648438,177.66000366210938,179.61000061035156,177.89999389648438,5208600.0,132.98291015625
2014-01-28,178.4499969482422,176.16000366210938,178.0500030517578,176.85000610351562,5333300.0,132.1980743408203
2014-01-29,178.52999877929688,175.88999938964844,175.97999572753906,176.39999389648438,4970900.0,131.86167907714844
2014-01-30,177.86000061035156,176.36000061035156,177.1699981689453,177.36000061035156,4853700.0,132.57928466796875
2014-01-31,177.83999633789062,175.33999633789062,176.11000061035156,176.67999267578125,5193400.0,132.0709686279297
2014-02-03,176.02000427246094,172.72000122070312,176.02000427246094,172.89999389648438,7186800.0,129.24539184570312
2014-02-04,173.75,172.36000061035156,173.52999877929688,172.83999633789062,4349800.0,129.20053100585938
2014-02-05,174.97000122070312,172.19000244140625,172.19000244140625,174.24000549316406,4712300.0,130.2470703125
2014-02-06,174.85000610351562,173.7899932861328,173.97000122070312,174.6699981689453,4292200.0,131.2842559814453
2014-02-07,177.55999755859375,175.07000732421875,175.63999938964844,177.25,4692900.0,133.22344970703125
2014-02-10,177.64999389648438,176.25,176.97000122070312,177.13999938964844,3540400.0,133.1407470703125
2014-02-11,180.38999938964844,176.8000030517578,176.80999755859375,179.6999969482422,4647300.0,135.0648956298828
2014-02-12,181.25,179.25999450683594,179.52000427246094,180.24000549316406,3983000.0,135.4707794189453
2014-02-13,182.36000061035156,177.86000061035156,178.22000122070312,181.83999633789062,4482000.0,136.67332458496094
2014-02-14,184.42999267578125,180.99000549316406,181.25999450683594,183.69000244140625,4659900.0,138.06382751464844
2014-02-18,184.0,182.32000732421875,183.17999267578125,183.19000244140625,4435200.0,137.68798828125
2014-02-19,185.64999389648438,182.41000366210938,182.74000549316406,182.9499969482422,4671500.0,137.50762939453125
2014-02-20,184.86000061035156,182.7899932861328,182.9600067138672,184.25999450683594,4968200.0,138.49221801757812
2014-02-21,185.7100067138672,182.6199951171875,184.25,182.7899932861328,5699300.0,137.38735961914062
2014-02-24,185.16000366210938,182.82000732421875,182.82000732421875,183.4499969482422,4595300.0,137.88345336914062
2014-02-25,184.60000610351562,182.8800048828125,183.52000427246094,183.22999572753906,3902300.0,137.7180633544922
2014-02-26,185.27999877929688,183.55999755859375,183.94000244140625,184.05999755859375,3740700.0,138.34193420410156
2014-02-27,185.9499969482422,183.80999755859375,183.8300018310547,185.27000427246094,3827800.0,139.25140380859375
2014-02-28,186.1199951171875,183.64999389648438,185.3800048828125,185.1699981689453,4667900.0,139.17617797851562
2014-03-03,184.63999938964844,182.82000732421875,183.3300018310547,184.25999450683594,3950100.0,138.49221801757812
2014-03-04,187.16000366210938,185.67999267578125,185.80999755859375,186.44000244140625,4733000.0,140.13075256347656
2014-03-05,187.9499969482422,186.39999389648438,186.57000732421875,187.13999938964844,3485200.0,140.65692138671875
2014-03-06,188.38999938964844,186.89999389648438,187.3699951171875,187.63999938964844,3817300.0,141.03268432617188
2014-03-07,188.9199981689453,187.17999267578125,188.35000610351562,187.67999267578125,4117800.0,141.06275939941406
2014-03-10,188.3699951171875,185.85000610351562,187.5500030517578,186.38999938964844,4591200.0,140.09317016601562
2014-03-11,188.4499969482422,186.0399932861328,187.41000366210938,186.75999450683594,4229500.0,140.3712615966797
2014-03-12,187.4499969482422,185.88999938964844,186.00999450683594,186.22000122070312,4833000.0,139.96543884277344
2014-03-13,187.0,183.7100067138672,186.41000366210938,183.89999389648438,4913200.0,138.22164916992188
2014-03-14,184.2899932861328,182.2100067138672,183.88999938964844,182.2100067138672,5490300.0,136.951416015625
2014-03-17,186.35000610351562,182.66000366210938,182.66000366210938,185.80999755859375,4938100.0,139.65725708007812
2014-03-18,187.89999389648438,185.5399932861328,185.99000549316406,186.80999755859375,3961300.0,140.40884399414062
2014-03-19,186.6999969482422,183.5,185.60000610351562,184.7100067138672,4323900.0,138.83053588867188
2014-03-20,188.25999450683594,184.1699981689453,184.47000122070312,187.89999389648438,5062600.0,141.22813415527344
2014-03-21,188.6999969482422,186.39999389648438,188.5,186.6699981689453,12535200.0,140.30357360839844
2014-03-24,189.44000244140625,187.3699951171875,187.42999267578125,188.25,5738500.0,141.49118041992188
2014-03-25,195.39999389648438,188.6999969482422,188.75999450683594,195.0399932861328,10912700.0,146.59463500976562
2014-03-26,195.6300048828125,191.9600067138672,194.97999572753906,192.6199951171875,6851700.0,144.77569580078125
2014-03-27,192.6699981689453,189.32000732421875,191.91000366210938,189.8300018310547,6767700.0,142.6787567138672
2014-03-28,192.6199951171875,189.11000061035156,189.94000244140625,190.4499969482422,5194400.0,143.1447296142578
2014-03-31,193.77000427246094,191.39999389648438,191.63999938964844,192.49000549316406,8537300.0,144.6780242919922
2014-04-01,195.1300048828125,192.77999877929688,193.1199951171875,194.5,5394100.0,146.18873596191406
2014-04-02,194.5,192.49000549316406,194.24000549316406,193.5500030517578,4924100.0,145.47470092773438
2014-04-03,193.3800048828125,192.35000610351562,193.1999969482422,192.69000244140625,4091100.0,144.82835388183594
2014-04-04,193.97000122070312,191.27999877929688,193.1199951171875,191.77000427246094,6089900.0,144.13690185546875
2014-04-07,195.30999755859375,191.57000732421875,191.72000122070312,194.52000427246094,6740500.0,146.20379638671875
2014-04-08,194.1699981689453,192.69000244140625,193.88999938964844,193.2899932861328,5125000.0,145.27928161621094
2014-04-09,197.0,193.60000610351562,193.8800048828125,196.63999938964844,5480100.0,147.7971954345703
2014-04-10,199.2100067138672,195.66000366210938,196.05999755859375,195.67999267578125,8417900.0,147.07565307617188
2014-04-11,197.0,194.27000427246094,195.0399932861328,195.19000244140625,4835000.0,146.70738220214844
2014-04-14,198.24000549316406,195.8800048828125,196.24000549316406,197.77000427246094,5431100.0,148.6465606689453
2014-04-15,197.41000366210938,195.4199981689453,195.97999572753906,197.02000427246094,5351300.0,148.08285522460938
2014-04-16,198.7100067138672,195.0,198.0500030517578,196.39999389648438,8527300.0,147.61679077148438
2014-04-17,190.6999969482422,187.00999450683594,187.25,190.00999450683594,11249600.0,142.81398010253906
2014-04-21,192.80999755859375,189.74000549316406,189.8000030517578,192.27000427246094,5419700.0,144.5126495361328
2014-04-22,193.0,191.1999969482422,192.00999450683594,192.14999389648438,3878600.0,144.42247009277344
2014-04-23,192.41000366210938,190.11000061035156,191.7899932861328,191.72999572753906,4736400.0,144.10679626464844
2014-04-24,192.22000122070312,190.02999877929688,192.22000122070312,190.22000122070312,4407100.0,142.97186279296875
2014-04-25,190.6699981689453,189.11000061035156,190.5399932861328,189.6300048828125,3871000.0,142.52841186523438
2014-04-28,193.99000549316406,190.5800018310547,191.13999938964844,193.13999938964844,5638300.0,145.1665802001953
2014-04-29,195.94000244140625,193.41000366210938,193.58999633789062,195.11000061035156,4626300.0,146.6472625732422
2014-04-30,196.86000061035156,194.35000610351562,194.3800048828125,196.47000122070312,4206800.0,147.6694793701172
2014-05-01,196.74000549316406,193.14999389648438,196.30999755859375,193.52999877929688,3674000.0,145.45965576171875
2014-05-02,193.83999633789062,191.25,193.75,191.44000244140625,3049900.0,143.8888397216797
2014-05-05,191.49000549316406,189.8000030517578,191.0500030517578,191.25999450683594,2222100.0,143.75352478027344
2014-05-06,190.9499969482422,189.25,190.92999267578125,190.02999877929688,3188700.0,142.82907104492188
2014-05-07,190.3000030517578,186.92999267578125,189.33999633789062,189.3000030517578,3821000.0,143.1087646484375
2014-05-08,190.57000732421875,188.22999572753906,189.16000366210938,188.91000366210938,2431900.0,142.81393432617188
2014-05-09,190.58999633789062,188.3699951171875,188.97999572753906,190.0800018310547,2261600.0,143.6984405517578
2014-05-12,193.02000427246094,190.94000244140625,191.1199951171875,192.57000732421875,3777400.0,145.5808563232422
2014-05-13,193.02999877929688,191.75999450683594,192.7899932861328,192.19000244140625,2226600.0,145.29354858398438
2014-05-14,191.99000549316406,188.1699981689453,191.91000366210938,188.72000122070312,5251500.0,142.6702880859375
2014-05-15,189.0800018310547,186.17999267578125,189.07000732421875,186.4600067138672,4202200.0,140.9617462158203
2014-05-16,187.41000366210938,185.92999267578125,186.27000427246094,187.05999755859375,3949500.0,141.41537475585938
2014-05-19,187.1300048828125,186.0399932861328,186.61000061035156,187.0,3270700.0,141.36996459960938
2014-05-20,186.6999969482422,184.6999969482422,186.25,184.88999938964844,3026500.0,139.77488708496094
2014-05-21,187.16000366210938,184.9499969482422,185.85000610351562,186.38999938964844,2988000.0,140.9088592529297
2014-05-22,186.4499969482422,185.02999877929688,186.4499969482422,185.67999267578125,2218000.0,140.3720703125
2014-05-23,186.13999938964844,185.30999755859375,185.83999633789062,185.94000244140625,2562900.0,140.5686798095703
2014-05-27,185.64999389648438,183.92999267578125,184.8000030517578,184.77999877929688,4793800.0,139.6916961669922
2014-05-28,184.8800048828125,182.94000244140625,184.47999572753906,183.0800018310547,3721600.0,138.40650939941406
2014-05-29,183.77999877929688,182.3300018310547,183.63999938964844,183.75999450683594,2759900.0,138.92056274414062
2014-05-30,184.57000732421875,182.49000549316406,183.3800048828125,184.36000061035156,4620500.0,139.37417602539062
2014-06-02,186.27999877929688,184.6699981689453,184.75999450683594,185.69000244140625,3200500.0,140.37965393066406
2014-06-03,185.75999450683594,184.1199951171875,185.5500030517578,184.3699951171875,2517100.0,139.38177490234375
2014-06-04,185.4499969482422,184.1999969482422,184.7100067138672,184.50999450683594,2376800.0,139.487548828125
2014-06-05,186.08999633789062,183.9199981689453,184.66000366210938,185.97999572753906,2852200.0,140.598876953125
2014-06-06,187.64999389648438,185.89999389648438,186.47000122070312,186.3699951171875,3296700.0,140.8937225341797
2014-06-09,187.63999938964844,185.9600067138672,186.22000122070312,186.22000122070312,2728400.0,140.78036499023438
2014-06-10,186.22000122070312,183.82000732421875,186.1999969482422,184.2899932861328,4154900.0,139.32127380371094
2014-06-11,184.1999969482422,182.00999450683594,183.61000061035156,182.25,4061700.0,137.77902221679688
2014-06-12,182.5500030517578,180.91000366210938,182.47999572753906,181.22000122070312,4425300.0,137.00038146972656
2014-06-13,183.0,181.52000427246094,182.0,182.55999755859375,2773600.0,138.0133819580078
2014-06-16,182.7100067138672,181.24000549316406,182.39999389648438,182.35000610351562,3556200.0,137.8546600341797
2014-06-17,182.80999755859375,181.55999755859375,181.89999389648438,182.25999450683594,2460900.0,137.78660583496094
2014-06-18,183.61000061035156,181.7899932861328,182.0399932861328,183.60000610351562,3931800.0,138.79959106445312
2014-06-19,184.47000122070312,182.36000061035156,184.1199951171875,182.82000732421875,3551100.0,138.20997619628906
2014-06-20,182.6699981689453,181.39999389648438,182.58999633789062,181.5500030517578,10686800.0,137.24989318847656
2014-06-23,182.25,181.0,181.9199981689453,182.13999938964844,3231700.0,137.6958770751953
2014-06-24,183.0,180.64999389648438,181.5,180.8800048828125,3875400.0,136.74331665039062
2014-06-25,180.97000122070312,180.05999755859375,180.25,180.72000122070312,2762800.0,136.6223907470703
2014-06-26,181.3699951171875,179.27000427246094,180.8699951171875,180.3699951171875,3258500.0,136.35777282714844
2014-06-27,182.4600067138672,179.66000366210938,179.77000427246094,181.7100067138672,4575500.0,137.37078857421875
2014-06-30,181.92999267578125,180.25999450683594,181.3300018310547,181.27000427246094,4223800.0,137.0382080078125
2014-07-01,187.27000427246094,181.6999969482422,181.6999969482422,186.35000610351562,6643100.0,140.8786163330078
2014-07-02,188.99000549316406,186.1699981689453,186.33999633789062,188.38999938964844,5093000.0,142.42083740234375
2014-07-03,188.80999755859375,187.35000610351562,188.38999938964844,188.52999877929688,2422400.0,142.52662658691406
2014-07-07,188.27000427246094,187.44000244140625,187.61000061035156,188.0399932861328,2958700.0,142.15621948242188
2014-07-08,188.0800018310547,186.3699951171875,187.64999389648438,187.22000122070312,3135100.0,141.5363006591797
2014-07-09,188.89999389648438,186.88999938964844,187.67999267578125,188.4199981689453,3309600.0,142.4434814453125
2014-07-10,188.0500030517578,186.2100067138672,186.44000244140625,187.6999969482422,3177800.0,141.89918518066406
2014-07-11,188.35000610351562,186.7100067138672,187.72999572753906,188.0,2402500.0,142.12600708007812
2014-07-14,190.44000244140625,188.52999877929688,188.5500030517578,189.86000061035156,4501100.0,143.53211975097656
2014-07-15,190.0800018310547,188.2100067138672,189.5399932861328,188.49000549316406,4864700.0,142.4964141845703
2014-07-16,193.36000061035156,190.75999450683594,192.24000549316406,192.36000061035156,7812600.0,145.42205810546875
2014-07-17,195.9499969482422,192.0,192.36000061035156,192.49000549316406,8872300.0,145.52035522460938
2014-07-18,193.44000244140625,190.0,191.9600067138672,192.5,8166400.0,145.52792358398438
2014-07-21,191.6999969482422,189.25,191.3000030517578,190.85000610351562,4154400.0,144.28053283691406
2014-07-22,194.72000122070312,191.55999755859375,191.58999633789062,194.08999633789062,4853000.0,146.72994995117188
2014-07-23,194.89999389648438,193.57000732421875,194.11000061035156,193.6300048828125,3584200.0,146.3822021484375
2014-07-24,195.6199951171875,193.75,193.9499969482422,195.24000549316406,3612700.0,147.59934997558594
2014-07-25,195.89999389648438,193.7899932861328,195.3000030517578,194.39999389648438,3376400.0,146.9643096923828
2014-07-28,196.39999389648438,193.64999389648438,194.3000030517578,195.77999877929688,3242400.0,148.00753784179688
2014-07-29,195.88999938964844,194.5399932861328,195.3000030517578,194.57000732421875,3264100.0,147.09283447265625
2014-07-30,195.99000549316406,192.89999389648438,195.1999969482422,194.0,3943800.0,146.66189575195312
2014-07-31,194.2899932861328,191.5399932861328,192.83999633789062,191.6699981689453,4207500.0,144.90045166015625
2014-08-01,191.5,188.86000061035156,190.5,189.14999389648438,5181100.0,142.99534606933594
2014-08-04,189.9499969482422,188.60000610351562,189.35000610351562,189.63999938964844,2125900.0,143.36582946777344
2014-08-05,189.1999969482422,186.44000244140625,188.75,187.10000610351562,3307900.0,141.44558715820312
2014-08-06,186.8800048828125,184.44000244140625,185.36000061035156,185.97000122070312,3847000.0,141.42274475097656
2014-08-07,186.67999267578125,183.5800018310547,186.63999938964844,184.3000030517578,2708600.0,140.15280151367188
2014-08-08,186.6699981689453,183.5800018310547,184.39999389648438,186.6300048828125,2781500.0,141.92466735839844
2014-08-11,188.36000061035156,186.27999877929688,187.80999755859375,187.47000122070312,2527200.0,142.56349182128906
2014-08-12,188.69000244140625,186.80999755859375,187.4499969482422,187.33999633789062,1858600.0,142.46463012695312
2014-08-13,188.47999572753906,187.3699951171875,188.0,187.9499969482422,1795000.0,142.92849731445312
2014-08-14,188.1699981689453,186.92999267578125,187.57000732421875,187.8800048828125,1929500.0,142.875244140625
2014-08-15,188.8800048828125,186.7899932861328,187.85000610351562,187.3800048828125,2814800.0,142.4950408935547
2014-08-18,189.80999755859375,187.75999450683594,188.10000610351562,189.36000061035156,2420300.0,144.00074768066406
2014-08-19,190.25,189.36000061035156,190.0399932861328,190.07000732421875,2040100.0,144.54066467285156
2014-08-20,190.38999938964844,189.25,189.86000061035156,190.10000610351562,2177600.0,144.56350708007812
2014-08-21,192.07000732421875,190.5,190.89999389648438,191.22999572753906,2496500.0,145.42282104492188
2014-08-22,191.8800048828125,190.2899932861328,190.77000427246094,190.41000366210938,1940300.0,144.79922485351562
2014-08-25,191.80999755859375,190.7100067138672,191.38999938964844,191.16000366210938,1723600.0,145.3695831298828
2014-08-26,193.52999877929688,191.02000427246094,191.02000427246094,192.99000549316406,3175400.0,146.76121520996094
2014-08-27,194.1300048828125,191.55999755859375,193.02999877929688,192.25,2190200.0,146.19842529296875
2014-08-28,192.3000030517578,190.66000366210938,191.47000122070312,192.0,1503600.0,146.0083465576172
2014-08-29,192.75,191.13999938964844,192.27999877929688,192.3000030517578,2909400.0,146.2364959716797
2014-09-02,192.97000122070312,190.92999267578125,192.67999267578125,191.55999755859375,2679700.0,145.67373657226562
2014-09-03,192.9499969482422,191.86000061035156,192.38999938964844,191.9499969482422,1822800.0,145.9703369140625
2014-09-04,192.69000244140625,190.05999755859375,191.69000244140625,190.67999267578125,2865000.0,145.00454711914062
2014-09-05,191.75,190.08999633789062,190.52999877929688,191.1999969482422,2260200.0,145.39999389648438
2014-09-08,191.1999969482422,189.50999450683594,190.75,190.13999938964844,2524200.0,144.59390258789062
2014-09-09,190.74000549316406,189.77999877929688,190.33999633789062,189.99000549316406,2403600.0,144.47984313964844
2014-09-10,192.14999389648438,190.10000610351562,190.1199951171875,191.5399932861328,2764000.0,145.6585235595703
2014-09-11,192.77999877929688,190.1199951171875,191.0800018310547,191.72000122070312,2298500.0,145.79542541503906
2014-09-12,191.60000610351562,190.57000732421875,191.47000122070312,191.27999877929688,2901000.0,145.46075439453125
2014-09-15,192.49000549316406,190.5800018310547,191.4199981689453,191.80999755859375,2456400.0,145.86386108398438
2014-09-16,193.57000732421875,190.82000732421875,191.25,192.9600067138672,2561500.0,146.73838806152344
2014-09-17,193.63999938964844,192.3000030517578,193.22000122070312,192.8000030517578,3210800.0,146.61672973632812
2014-09-18,194.1300048828125,192.7100067138672,192.7899932861328,193.75,2963300.0,147.3391571044922
2014-09-19,195.0,193.19000244140625,194.5399932861328,194.0,8852000.0,147.52928161621094
2014-09-22,194.13999938964844,192.6300048828125,193.72000122070312,193.11000061035156,3318000.0,146.8524932861328
2014-09-23,193.07000732421875,191.52000427246094,192.75,191.6199951171875,3301800.0,145.71937561035156
2014-09-24,192.4499969482422,189.8800048828125,191.0,192.30999755859375,3082600.0,146.2440643310547
2014-09-25,192.5,188.97000122070312,192.0500030517578,189.00999450683594,4151400.0,143.73455810546875
2014-09-26,190.3300018310547,188.61000061035156,188.92999267578125,190.05999755859375,2493900.0,144.53305053710938
2014-09-29,189.9600067138672,188.1199951171875,188.50999450683594,189.63999938964844,2336300.0,144.2136993408203
2014-09-30,190.85000610351562,189.14999389648438,189.63999938964844,189.8300018310547,2932600.0,144.35816955566406
2014-10-01,190.39999389648438,186.7899932861328,189.91000366210938,187.1699981689453,3723200.0,142.3353271484375
2014-10-02,187.77999877929688,186.24000549316406,187.66000366210938,186.91000366210938,2283100.0,142.13763427734375
2014-10-03,189.3699951171875,187.55999755859375,188.11000061035156,188.6699981689453,3071500.0,143.47604370117188
2014-10-06,190.88999938964844,188.7100067138672,189.69000244140625,189.0399932861328,2099500.0,143.75738525390625
2014-10-07,188.1199951171875,185.5399932861328,187.77000427246094,185.7100067138672,2991300.0,141.22506713867188
2014-10-08,189.60000610351562,185.61000061035156,185.97000122070312,189.36000061035156,2984800.0,144.00074768066406
2014-10-09,189.5,186.08999633789062,189.1199951171875,186.4199981689453,2625400.0,141.76495361328125
2014-10-10,187.74000549316406,185.10000610351562,185.86000061035156,185.92999267578125,5090200.0,141.392333984375
2014-10-13,186.64999389648438,183.4199981689453,185.49000549316406,183.52000427246094,3596700.0,139.55966186523438
2014-10-14,185.72000122070312,183.58999633789062,184.88999938964844,183.8000030517578,3924700.0,139.77256774902344
2014-10-15,183.7899932861328,178.75,182.4600067138672,181.75,6895800.0,138.21363830566406
2014-10-16,181.47999572753906,178.69000244140625,179.8000030517578,179.83999633789062,5578600.0,136.7611541748047
2014-10-17,182.83999633789062,180.22000122070312,181.24000549316406,182.0500030517578,4350200.0,138.44175720214844
2014-10-20,170.3300018310547,166.69000244140625,166.85000610351562,169.10000610351562,23416500.0,128.59381103515625
2014-10-21,166.67999267578125,161.67999267578125,166.39999389648438,163.22999572753906,20949800.0,124.12992858886719
2014-10-22,165.41000366210938,161.10000610351562,162.41000366210938,161.7899932861328,11084800.0,123.03483581542969
2014-10-23,162.8300018310547,161.5399932861328,162.1199951171875,162.17999267578125,7599400.0,123.33143615722656
2014-10-24,162.44000244140625,161.4499969482422,162.0800018310547,162.0800018310547,6652100.0,123.25536346435547
2014-10-27,162.91000366210938,161.80999755859375,162.0,161.8699951171875,4989100.0,123.09571075439453
2014-10-28,163.60000610351562,161.8000030517578,162.0,163.60000610351562,7895300.0,124.41128540039062
2014-10-29,164.6199951171875,162.75999450683594,164.3300018310547,163.4600067138672,4739300.0,124.3048324584961
2014-10-30,164.6199951171875,163.02000427246094,163.5,164.35000610351562,3896000.0,124.98163604736328
2014-10-31,165.58999633789062,163.6199951171875,165.47999572753906,164.39999389648438,5818000.0,125.0196762084961
2014-11-03,164.5399932861328,163.3800048828125,164.25,164.36000061035156,4688200.0,124.98924255371094
2014-11-04,164.36000061035156,162.24000549316406,164.33999633789062,162.64999389648438,4246900.0,123.6888198852539
2014-11-05,163.5399932861328,161.55999755859375,163.1300048828125,161.82000732421875,4104700.0,123.05769348144531
2014-11-06,161.52999877929688,160.0500030517578,161.27999877929688,161.4600067138672,4067600.0,123.624267578125
2014-11-07,162.2100067138672,160.85000610351562,161.4199981689453,162.07000732421875,3494800.0,124.09134674072266
2014-11-10,164.47000122070312,161.61000061035156,161.89999389648438,163.49000549316406,4958200.0,125.17854309082031
2014-11-11,163.89999389648438,162.60000610351562,163.6999969482422,163.3000030517578,3534400.0,125.03307342529297
2014-11-12,163.0,161.75999450683594,162.27999877929688,161.9199981689453,3378200.0,123.97645568847656
2014-11-13,162.8000030517578,161.8000030517578,162.0,162.7899932861328,3239700.0,124.6426010131836
2014-11-14,164.49000549316406,161.69000244140625,162.10000610351562,164.16000366210938,4978400.0,125.69155883789062
2014-11-17,164.97000122070312,163.72000122070312,164.16000366210938,164.16000366210938,4798900.0,125.69155883789062
2014-11-18,164.75,161.88999938964844,164.72999572753906,161.88999938964844,5410100.0,123.95348358154297
2014-11-19,162.10000610351562,160.9600067138672,162.0500030517578,161.42999267578125,3802600.0,123.60127258300781
2014-11-20,161.5,159.8000030517578,160.9499969482422,160.63999938964844,4183100.0,122.99640655517578
2014-11-21,161.9499969482422,160.75,161.8300018310547,160.9199981689453,4076900.0,123.21082305908203
2014-11-24,163.86000061035156,161.05999755859375,161.5399932861328,162.14999389648438,6619000.0,124.15258026123047
2014-11-25,163.5,161.55999755859375,162.64999389648438,161.75999450683594,4062400.0,123.85395050048828
2014-11-26,162.10000610351562,161.00999450683594,161.92999267578125,161.9499969482422,3966000.0,123.99943542480469
2014-11-28,163.3699951171875,161.44000244140625,162.75,162.1699981689453,2405500.0,124.16788482666016
2014-12-01,163.32000732421875,161.35000610351562,161.63999938964844,161.5399932861328,4168400.0,123.68548583984375
2014-12-02,162.72999572753906,161.63999938964844,162.47000122070312,162.6699981689453,3465700.0,124.55070495605469
2014-12-03,164.52000427246094,162.0,162.47000122070312,164.52000427246094,6429100.0,125.96723937988281
2014-12-04,164.5,163.00999450683594,164.00999450683594,164.0500030517578,3859400.0,125.60733795166016
2014-12-05,164.5,162.91000366210938,163.61000061035156,163.27000427246094,3013500.0,125.01007080078125
2014-12-08,163.2899932861328,161.5399932861328,163.2899932861328,161.86000061035156,2851000.0,123.9305191040039
2014-12-09,163.02000427246094,160.8000030517578,160.83999633789062,162.99000549316406,3861200.0,124.79572296142578
2014-12-10,163.3300018310547,160.02999877929688,163.00999450683594,160.50999450683594,4072800.0,122.8968734741211
2014-12-11,162.92999267578125,160.52000427246094,160.82000732421875,161.07000732421875,3989600.0,123.32565307617188
2014-12-12,160.5,155.3300018310547,160.25,155.3800048828125,8611700.0,118.96900177001953
2014-12-15,156.74000549316406,152.83999633789062,155.92999267578125,153.05999755859375,6500300.0,117.19267272949219
2014-12-16,154.88999938964844,150.5,152.02999877929688,151.41000366210938,6782600.0,115.92935180664062
2014-12-17,153.30999755859375,151.11000061035156,151.52000427246094,151.92999267578125,5131000.0,116.32745361328125
2014-12-18,157.67999267578125,153.3000030517578,153.5800018310547,157.67999267578125,7302400.0,120.73003387451172
2014-12-19,160.41000366210938,157.49000549316406,157.49000549316406,158.50999450683594,8864900.0,121.36553192138672
2014-12-22,161.91000366210938,158.3300018310547,158.3300018310547,161.44000244140625,4682500.0,123.60897064208984
2014-12-23,162.89999389648438,161.61000061035156,162.22999572753906,162.24000549316406,4043300.0,124.22151947021484
2014-12-24,162.99000549316406,161.61000061035156,162.8800048828125,161.82000732421875,1868100.0,123.89991760253906
2014-12-26,163.08999633789062,162.00999450683594,162.27000427246094,162.33999633789062,1912200.0,124.29801940917969
2014-12-29,162.33999633789062,159.4499969482422,162.0,160.50999450683594,3331800.0,122.8968734741211
2014-12-30,160.82000732421875,159.7899932861328,160.02000427246094,160.0500030517578,2829900.0,122.54467010498047
2014-12-31,161.5,160.3800048828125,160.41000366210938,160.44000244140625,4011900.0,122.8432846069336
2015-01-02,163.30999755859375,161.0,161.30999755859375,162.05999755859375,5525500.0,124.08369445800781
2015-01-05,161.27000427246094,159.19000244140625,161.27000427246094,159.50999450683594,4880400.0,122.13123321533203
2015-01-06,159.9600067138672,155.1699981689453,159.6699981689453,156.07000732421875,6146700.0,119.49735260009766
2015-01-07,157.1999969482422,154.02999877929688,157.1999969482422,155.0500030517578,4701800.0,118.71635437011719
2015-01-08,159.0399932861328,155.5500030517578,156.24000549316406,158.4199981689453,4236800.0,121.296630859375
2015-01-09,160.33999633789062,157.25,158.4199981689453,159.11000061035156,4488300.0,121.824951171875
2015-01-12,159.25,155.75999450683594,159.0,156.44000244140625,4187600.0,119.78064727783203
2015-01-13,159.97000122070312,155.67999267578125,157.25999450683594,156.80999755859375,4377500.0,120.06392669677734
2015-01-14,156.49000549316406,153.74000549316406,154.86000061035156,155.8000030517578,4690300.0,119.29061889648438
2015-01-15,156.97000122070312,154.16000366210938,156.69000244140625,154.57000732421875,4248400.0,118.3488540649414
2015-01-16,157.6300048828125,153.82000732421875,153.82000732421875,157.13999938964844,5756000.0,120.31655883789062
2015-01-20,157.3300018310547,154.02999877929688,156.6999969482422,156.9499969482422,8392800.0,120.1711196899414
2015-01-21,154.5,151.07000732421875,153.02999877929688,152.08999633789062,11897100.0,116.44998168945312
2015-01-22,155.72000122070312,151.75999450683594,151.94000244140625,155.38999938964844,6120100.0,118.9766845703125
2015-01-23,157.60000610351562,154.88999938964844,155.02999877929688,155.8699951171875,4834800.0,119.34417724609375
2015-01-26,159.4600067138672,155.77000427246094,158.25999450683594,156.36000061035156,7888100.0,119.71939086914062
2015-01-27,155.08999633789062,152.58999633789062,154.94000244140625,153.6699981689453,5659600.0,117.65973663330078
2015-01-28,154.52999877929688,151.5500030517578,154.0,151.5500030517578,4495900.0,116.03650665283203
2015-01-29,155.5800018310547,149.52000427246094,151.3800048828125,155.47999572753906,8320800.0,119.04558563232422
2015-01-30,155.24000549316406,153.0399932861328,153.91000366210938,153.30999755859375,6563600.0,117.38409423828125
2015-02-02,154.66000366210938,151.50999450683594,154.0,154.66000366210938,4712200.0,118.41773986816406
2015-02-03,158.60000610351562,154.75,154.75,158.47000122070312,5539400.0,121.33487701416016
2015-02-04,158.7100067138672,156.6999969482422,157.2100067138672,156.9600067138672,3678500.0,120.17876434326172
2015-02-05,158.58999633789062,157.14999389648438,157.2899932861328,157.91000366210938,5253600.0,120.9061279296875
2015-02-06,158.0800018310547,156.22999572753906,157.33999633789062,156.72000122070312,3256500.0,120.83675384521484
2015-02-09,157.5,155.39999389648438,156.0,155.75,3057700.0,120.0888442993164
2015-02-10,158.55999755859375,155.0800018310547,156.74000549316406,158.55999755859375,4440600.0,122.25545501708984
2015-02-11,159.08999633789062,157.1699981689453,157.75999450683594,158.1999969482422,3626700.0,121.97785186767578
2015-02-12,159.5,158.08999633789062,158.72000122070312,158.52000427246094,3333100.0,122.22461700439453
2015-02-13,160.8000030517578,158.63999938964844,158.77999877929688,160.39999389648438,3706900.0,123.67416381835938
2015-02-17,161.41000366210938,159.72999572753906,159.75,160.9600067138672,2894500.0,124.1059799194336
2015-02-18,162.47000122070312,160.63999938964844,161.86000061035156,162.19000244140625,4358400.0,125.05433654785156
2015-02-19,164.49000549316406,161.44000244140625,162.0500030517578,163.88999938964844,3504400.0,126.36507415771484
2015-02-20,164.33999633789062,162.08999633789062,163.63999938964844,163.64999389648438,3353000.0,126.17999267578125
2015-02-23,164.39999389648438,162.5,164.22999572753906,162.91000366210938,2714400.0,125.6094741821289
2015-02-24,164.99000549316406,161.50999450683594,162.49000549316406,164.8300018310547,4701600.0,127.08985900878906
2015-02-25,164.9600067138672,162.5800018310547,164.94000244140625,162.80999755859375,4004600.0,125.53236389160156
2015-02-26,164.13999938964844,159.77000427246094,163.74000549316406,160.8699951171875,7110800.0,124.03656005859375
2015-02-27,162.2899932861328,160.16000366210938,160.8699951171875,161.94000244140625,4410000.0,124.86155700683594
2015-03-02,161.94000244140625,159.80999755859375,161.94000244140625,160.47999572753906,5917900.0,123.73587036132812
2015-03-03,161.75,160.0,160.27000427246094,161.02999877929688,3234400.0,124.15992736816406
2015-03-04,160.55999755859375,158.72000122070312,160.5399932861328,159.4199981689453,3633600.0,122.91853332519531
2015-03-05,161.5,159.6999969482422,159.86000061035156,161.17999267578125,3791700.0,124.27555847167969
2015-03-06,161.44000244140625,158.05999755859375,160.19000244140625,158.5,4540200.0,122.20917510986328
2015-03-09,161.14999389648438,158.1999969482422,158.1999969482422,160.77000427246094,5193900.0,123.95948791503906
2015-03-10,160.22999572753906,157.80999755859375,159.60000610351562,157.80999755859375,4601000.0,121.67720794677734
2015-03-11,159.13999938964844,155.94000244140625,158.57000732421875,156.8000030517578,5709900.0,120.89845275878906
2015-03-12,158.72000122070312,156.27000427246094,156.27000427246094,157.97999572753906,4567300.0,121.80826568603516
2015-03-13,157.52000427246094,153.39999389648438,157.4600067138672,154.27999877929688,6064100.0,118.95543670654297
2015-03-16,157.08999633789062,154.8000030517578,155.0500030517578,157.0800018310547,3749600.0,121.11433410644531
2015-03-17,157.2899932861328,155.3699951171875,156.1999969482422,156.9600067138672,3311700.0,121.02184295654297
2015-03-18,160.6999969482422,155.8000030517578,156.85000610351562,159.80999755859375,5738800.0,123.21928405761719
2015-03-19,160.9199981689453,158.80999755859375,159.6999969482422,159.80999755859375,3878600.0,123.21928405761719
2015-03-20,163.0,160.35000610351562,160.9499969482422,162.8800048828125,9006400.0,125.58636474609375
2015-03-23,165.35000610351562,162.72999572753906,162.77000427246094,164.6300048828125,5930100.0,126.9356689453125
2015-03-24,164.88999938964844,162.89999389648438,164.7899932861328,163.0,4346100.0,125.6788330078125
2015-03-25,163.0800018310547,159.1999969482422,163.0800018310547,159.1999969482422,5428900.0,122.7489242553711
2015-03-26,161.25,158.91000366210938,159.27000427246094,160.58999633789062,4396000.0,123.82063293457031
2015-03-27,160.89999389648438,159.22999572753906,160.7899932861328,160.39999389648438,3477900.0,123.67416381835938
2015-03-30,163.60000610351562,161.25,161.30999755859375,162.6699981689453,4138000.0,125.42443084716797
2015-03-31,162.3300018310547,160.39999389648438,161.0800018310547,160.5,4255400.0,123.75126647949219
2015-04-01,160.6199951171875,158.38999938964844,160.22999572753906,159.17999267578125,3700800.0,122.73352813720703
2015-04-02,162.5399932861328,158.88999938964844,159.52000427246094,160.4499969482422,4671600.0,123.71270751953125
2015-04-06,162.8000030517578,158.6999969482422,159.69000244140625,162.0399932861328,3465700.0,124.93867492675781
2015-04-07,163.83999633789062,161.6199951171875,161.6699981689453,162.07000732421875,3148000.0,124.96176147460938
2015-04-08,163.5500030517578,161.00999450683594,161.72000122070312,161.85000610351562,2524300.0,124.79218292236328
2015-04-09,162.47000122070312,160.72000122070312,161.6999969482422,162.33999633789062,2263500.0,125.169921875
2015-04-10,163.3300018310547,161.25,162.33999633789062,162.86000061035156,2515700.0,125.57090759277344
2015-04-13,164.0,162.36000061035156,162.3699951171875,162.3800048828125,3868900.0,125.20081329345703
2015-04-14,162.74000549316406,160.7899932861328,162.4199981689453,162.3000030517578,2719300.0,125.1391372680664
2015-04-15,164.9600067138672,162.5,162.6300048828125,164.1300048828125,3498800.0,126.55015563964844
2015-04-16,163.97999572753906,162.5399932861328,163.30999755859375,163.1300048828125,3136900.0,125.77911376953125
2015-04-17,161.86000061035156,160.02999877929688,161.75,160.6699981689453,4314400.0,123.88231658935547
2015-04-20,166.63999938964844,161.89999389648438,162.10000610351562,166.16000366210938,9609200.0,128.11537170410156
2015-04-21,167.3800048828125,164.0500030517578,166.07000732421875,164.25999450683594,9683600.0,126.6503677368164
2015-04-22,166.0,162.88999938964844,164.38999938964844,165.36000061035156,4024800.0,127.49851989746094
2015-04-23,171.91000366210938,165.13999938964844,165.22999572753906,170.24000549316406,8235600.0,131.26116943359375
2015-04-24,170.85000610351562,168.74000549316406,170.22999572753906,169.77999877929688,3888400.0,130.90647888183594
2015-04-27,171.49000549316406,170.3000030517578,170.88999938964844,170.72999572753906,3168600.0,131.63894653320312
2015-04-28,174.69000244140625,170.02000427246094,170.8300018310547,173.9199981689453,5816700.0,134.09860229492188
2015-04-29,175.1300048828125,172.8000030517578,173.39999389648438,174.39999389648438,4518400.0,134.4686737060547
2015-04-30,174.27999877929688,170.3000030517578,173.77000427246094,171.2899932861328,5062900.0,132.07073974609375
2015-05-01,174.0,172.4199981689453,173.1999969482422,173.6699981689453,3312100.0,133.9058074951172
2015-05-04,176.3000030517578,173.6999969482422,174.47000122070312,173.97000122070312,4028000.0,134.1370849609375
2015-05-05,174.22999572753906,171.9600067138672,173.50999450683594,173.0800018310547,3593600.0,133.45091247558594
2015-05-06,174.0500030517578,168.86000061035156,172.89999389648438,170.0500030517578,3612600.0,132.10691833496094
2015-05-07,171.97999572753906,169.0399932861328,169.6300048828125,170.99000549316406,2472000.0,133.8605194091797
2015-05-08,173.3300018310547,172.24000549316406,172.94000244140625,172.67999267578125,3092600.0,135.1835479736328
2015-05-11,172.99000549316406,170.86000061035156,172.64999389648438,171.1199951171875,2661000.0,133.9622802734375
2015-05-12,171.49000549316406,168.83999633789062,170.5500030517578,170.5500030517578,2962400.0,133.5160369873047
2015-05-13,172.74000549316406,170.75,171.24000549316406,172.27999877929688,2457500.0,134.87039184570312
2015-05-14,174.39999389648438,173.22000122070312,173.5,174.0500030517578,2439100.0,136.2560577392578
2015-05-15,174.41000366210938,172.60000610351562,173.91000366210938,173.25999450683594,2916600.0,135.63760375976562
2015-05-18,173.49000549316406,172.3000030517578,173.44000244140625,173.05999755859375,1970600.0,135.4810028076172
2015-05-19,173.75,171.92999267578125,172.97000122070312,173.47999572753906,2523000.0,135.80979919433594
2015-05-20,174.44000244140625,172.4600067138672,173.3300018310547,173.75999450683594,2300300.0,136.0290069580078
2015-05-21,174.13999938964844,173.0399932861328,173.32000732421875,173.33999633789062,2295600.0,135.70022583007812
2015-05-22,173.38999938964844,172.19000244140625,173.0399932861328,172.22000122070312,2849700.0,134.82347106933594
2015-05-26,172.1199951171875,169.1300048828125,172.11000061035156,170.1300048828125,3854200.0,133.187255859375
2015-05-27,172.47999572753906,170.49000549316406,171.16000366210938,172.0,2764400.0,134.65118408203125
2015-05-28,171.83999633789062,170.66000366210938,171.4499969482422,171.7100067138672,1731400.0,134.4241943359375
2015-05-29,171.35000610351562,169.64999389648438,171.35000610351562,169.64999389648438,4092000.0,132.81146240234375
2015-06-01,171.0399932861328,169.02999877929688,170.2100067138672,170.17999267578125,2985500.0,133.2263946533203
2015-06-02,170.4499969482422,168.42999267578125,169.66000366210938,169.64999389648438,2571400.0,132.81146240234375
2015-06-03,171.55999755859375,169.6300048828125,170.5,169.9199981689453,2131000.0,133.02285766601562
2015-06-04,170.60000610351562,167.92999267578125,169.52999877929688,168.3800048828125,3079300.0,131.81724548339844
2015-06-05,168.91000366210938,167.1999969482422,168.25,167.39999389648438,3100500.0,131.05003356933594
2015-06-08,167.27999877929688,165.02000427246094,167.1699981689453,165.33999633789062,3758700.0,129.43734741210938
2015-06-09,166.02000427246094,163.3699951171875,165.33999633789062,165.67999267578125,3395900.0,129.7035369873047
2015-06-10,169.38999938964844,166.05999755859375,166.49000549316406,168.9199981689453,4680500.0,132.24000549316406
2015-06-11,170.44000244140625,168.5399932861328,169.25999450683594,168.77999877929688,3464000.0,132.13037109375
2015-06-12,168.3000030517578,166.69000244140625,168.22999572753906,166.99000549316406,3065100.0,130.7290802001953
2015-06-15,166.99000549316406,164.25,166.99000549316406,166.25999450683594,4245700.0,130.1576385498047
2015-06-16,167.39999389648438,165.91000366210938,166.3300018310547,166.83999633789062,3249800.0,130.6116485595703
2015-06-17,167.85000610351562,166.10000610351562,167.0,167.1699981689453,2863000.0,130.87002563476562
2015-06-18,168.72000122070312,167.0500030517578,167.0500030517578,168.25,3330900.0,131.71548461914062
2015-06-19,168.4199981689453,166.77000427246094,167.6199951171875,166.99000549316406,7074000.0,130.7290802001953
2015-06-22,168.33999633789062,167.1999969482422,167.64999389648438,167.72999572753906,2335800.0,131.308349609375
2015-06-23,169.97000122070312,167.57000732421875,168.3800048828125,168.6199951171875,3701600.0,132.00511169433594
2015-06-24,168.83999633789062,166.8300018310547,168.7100067138672,166.97000122070312,3548100.0,130.7134246826172
2015-06-25,168.1300048828125,166.0800018310547,167.8000030517578,166.0800018310547,2408900.0,130.01670837402344
2015-06-26,166.80999755859375,165.22999572753906,166.22999572753906,165.4600067138672,8946000.0,129.5313262939453
2015-06-29,165.35000610351562,162.88999938964844,163.9199981689453,162.97000122070312,3314700.0,127.58199310302734
2015-06-30,164.0,162.1199951171875,163.99000549316406,162.66000366210938,3597300.0,127.33934783935547
2015-07-01,165.61000061035156,163.60000610351562,163.97000122070312,164.49000549316406,3214500.0,128.77197265625
2015-07-02,165.32000732421875,164.4199981689453,165.0500030517578,165.08999633789062,2852700.0,129.24168395996094
2015-07-06,165.22999572753906,163.52000427246094,163.8300018310547,164.72999572753906,3079800.0,128.95982360839844
2015-07-07,165.35000610351562,162.22999572753906,164.94000244140625,165.0,3549900.0,129.17120361328125
2015-07-08,164.94000244140625,162.67999267578125,164.0,163.16000366210938,2776300.0,127.73075866699219
2015-07-09,165.50999450683594,163.6999969482422,165.33999633789062,163.85000610351562,4199700.0,128.2709197998047
2015-07-10,167.39999389648438,165.52000427246094,165.66000366210938,166.9499969482422,4538300.0,130.69778442382812
2015-07-13,169.88999938964844,167.52000427246094,167.92999267578125,169.3800048828125,4229000.0,132.60012817382812
2015-07-14,169.5399932861328,168.24000549316406,169.42999267578125,168.61000061035156,3025300.0,131.997314453125
2015-07-15,169.27000427246094,168.0,168.47999572753906,168.52999877929688,1998000.0,131.93472290039062
2015-07-16,171.08999633789062,169.16000366210938,169.47000122070312,171.0,3529900.0,133.8683319091797
2015-07-17,172.52000427246094,170.10000610351562,170.3300018310547,172.50999450683594,4356400.0,135.0504608154297
2015-07-20,173.77999877929688,172.13999938964844,172.7899932861328,173.22000122070312,7377800.0,135.6062774658203
2015-07-21,166.35000610351562,162.02000427246094,164.33999633789062,163.07000732421875,13752300.0,127.66028594970703
2015-07-22,163.07000732421875,159.6999969482422,162.72999572753906,160.35000610351562,7181800.0,125.53092956542969
2015-07-23,162.75,159.8300018310547,160.27000427246094,161.72999572753906,5034200.0,126.61127471923828
2015-07-24,161.92999267578125,159.41000366210938,161.2899932861328,159.75,3778200.0,125.06120300292969
2015-07-27,160.17999267578125,158.60000610351562,159.0,159.07000732421875,3706200.0,124.52888488769531
2015-07-28,160.19000244140625,158.5,159.91000366210938,160.0500030517578,2721000.0,125.29607391357422
2015-07-29,161.5,159.38999938964844,160.0,161.08999633789062,3378400.0,126.1102523803711
2015-07-30,161.39999389648438,159.75,160.5,160.9600067138672,1994700.0,126.00850677490234
2015-07-31,162.05999755859375,160.6300048828125,161.39999389648438,161.99000549316406,3580200.0,126.81483459472656
2015-08-03,161.85000610351562,157.89999389648438,161.6999969482422,158.7100067138672,4615700.0,124.24703979492188
2015-08-04,158.82000732421875,156.8699951171875,158.39999389648438,157.60000610351562,5260600.0,123.3780517578125
2015-08-05,159.5399932861328,157.47999572753906,159.10000610351562,157.89999389648438,3472800.0,123.61293029785156
2015-08-06,157.5399932861328,156.17999267578125,157.1300048828125,156.32000732421875,3004800.0,123.39190673828125
2015-08-07,156.25,154.33999633789062,155.88999938964844,155.1199951171875,3794900.0,122.4447021484375
2015-08-10,157.47000122070312,156.1199951171875,156.77000427246094,156.75,4613400.0,123.73131561279297
2015-08-11,155.99000549316406,154.86000061035156,155.9600067138672,155.50999450683594,3167100.0,122.75253295898438
2015-08-12,156.52000427246094,153.9499969482422,154.25999450683594,156.16000366210938,3560300.0,123.26560974121094
2015-08-13,156.08999633789062,154.32000732421875,156.05999755859375,155.07000732421875,2533400.0,122.40524291992188
2015-08-14,156.2100067138672,154.5800018310547,155.0,155.75,3226400.0,122.94198608398438
2015-08-17,156.69000244140625,154.6999969482422,155.1999969482422,156.30999755859375,2249600.0,123.38404846191406
2015-08-18,156.52000427246094,155.25,155.50999450683594,156.00999450683594,2018300.0,123.14720916748047
2015-08-19,155.6699981689453,153.41000366210938,155.14999389648438,153.94000244140625,4206400.0,121.51324462890625
2015-08-20,153.91000366210938,152.5,152.74000549316406,152.66000366210938,4011500.0,120.50289154052734
2015-08-21,153.19000244140625,148.6999969482422,151.5,148.85000610351562,7362100.0,117.49543762207031
2015-08-24,147.75999450683594,143.0,143.47000122070312,143.47000122070312,10189700.0,113.24871826171875
2015-08-25,147.11000061035156,140.6199951171875,146.94000244140625,140.9600067138672,7073200.0,111.26744842529297
2015-08-26,146.97999572753906,142.13999938964844,144.08999633789062,146.6999969482422,6221800.0,115.7983169555664
2015-08-27,148.97000122070312,145.66000366210938,148.5,148.5399932861328,4976600.0,117.25072479248047
2015-08-28,148.1999969482422,147.17999267578125,147.75,147.97999572753906,4076300.0,116.80870819091797
2015-08-31,148.39999389648438,146.25999450683594,147.3800048828125,147.88999938964844,4093100.0,116.73763275146484
2015-09-01,144.97999572753906,141.85000610351562,144.91000366210938,142.67999267578125,5272000.0,112.62511444091797
2015-09-02,145.0800018310547,143.17999267578125,144.74000549316406,145.0500030517578,4252000.0,114.49588012695312
2015-09-03,148.02999877929688,145.77000427246094,146.0500030517578,146.77999877929688,3603500.0,115.86146545410156
2015-09-04,145.39999389648438,143.32000732421875,144.57000732421875,143.6999969482422,4201100.0,113.43024444580078
2015-09-08,147.33999633789062,145.66000366210938,145.86000061035156,147.22999572753906,3933300.0,116.21668243408203
2015-09-09,149.0399932861328,144.85000610351562,148.74000549316406,145.0500030517578,3407800.0,114.49588012695312
2015-09-10,147.16000366210938,144.50999450683594,145.85000610351562,146.1999969482422,3461700.0,115.40364074707031
2015-09-11,147.5,145.6699981689453,145.91000366210938,147.3699951171875,3115100.0,116.32717895507812
2015-09-14,147.3699951171875,145.41000366210938,147.3699951171875,145.64999389648438,3226700.0,114.96949768066406
2015-09-15,147.92999267578125,145.75999450683594,146.60000610351562,147.52999877929688,2717100.0,116.45347595214844
2015-09-16,148.88999938964844,147.5399932861328,147.83999633789062,148.41000366210938,2799200.0,117.14812469482422
2015-09-17,149.67999267578125,147.3000030517578,148.10000610351562,148.13999938964844,4003000.0,116.93499755859375
2015-09-18,146.38999938964844,143.97999572753906,146.0500030517578,144.50999450683594,7975800.0,114.06962585449219
2015-09-21,146.97999572753906,144.9199981689453,145.38999938964844,146.47999572753906,3825000.0,115.6246566772461
2015-09-22,145.05999755859375,143.77000427246094,144.6199951171875,144.42999267578125,3564100.0,114.0064926147461
2015-09-23,144.57000732421875,142.75,144.2100067138672,143.66000366210938,2674200.0,113.3986587524414
2015-09-24,145.07000732421875,141.9499969482422,142.60000610351562,144.41000366210938,3280300.0,113.99071502685547
2015-09-25,146.27000427246094,144.52999877929688,145.5500030517578,145.4199981689453,3474400.0,114.78792572021484
2015-09-28,145.3800048828125,142.47000122070312,144.4199981689453,142.52000427246094,4317300.0,112.49881744384766
2015-09-29,142.66000366210938,141.14999389648438,141.99000549316406,142.47000122070312,4763500.0,112.45936584472656
2015-09-30,145.7100067138672,143.66000366210938,143.69000244140625,144.97000122070312,3946200.0,114.43275451660156
2015-10-01,145.6699981689453,141.58999633789062,145.30999755859375,143.58999633789062,3880900.0,113.34346771240234
2015-10-02,144.58999633789062,140.55999755859375,141.0500030517578,144.5800018310547,3054400.0,114.12491607666016
2015-10-05,149.88999938964844,145.82000732421875,145.82000732421875,149.0399932861328,5131800.0,117.64539337158203
2015-10-06,150.14999389648438,148.49000549316406,149.05999755859375,148.77999877929688,3018100.0,117.44017028808594
2015-10-07,150.72999572753906,148.86000061035156,150.0399932861328,150.08999633789062,2980800.0,118.47423553466797
2015-10-08,153.02000427246094,149.2899932861328,149.69000244140625,152.27999877929688,4794400.0,120.20292663574219
2015-10-09,153.14999389648438,151.27000427246094,152.4600067138672,152.38999938964844,3531100.0,120.28975677490234
2015-10-12,152.5800018310547,150.85000610351562,152.39999389648438,151.13999938964844,3227600.0,119.30305480957031
2015-10-13,150.77999877929688,149.17999267578125,150.77999877929688,149.6199951171875,3915700.0,118.10321044921875
2015-10-14,150.64999389648438,149.02000427246094,149.60000610351562,150.00999450683594,3353000.0,118.41107940673828
2015-10-15,151.24000549316406,148.5800018310547,150.91000366210938,150.08999633789062,3476200.0,118.47423553466797
2015-10-16,151.1999969482422,149.25999450683594,150.4499969482422,150.38999938964844,3483700.0,118.71104431152344
2015-10-19,149.97000122070312,148.3800048828125,149.85000610351562,149.22000122070312,7954700.0,117.7874984741211
2015-10-20,142.8800048828125,140.27000427246094,142.49000549316406,140.63999938964844,16025600.0,111.01483917236328
2015-10-21,142.66000366210938,139.3000030517578,140.25,140.9199981689453,6990600.0,111.23583221435547
2015-10-22,145.07000732421875,141.6199951171875,141.74000549316406,144.08999633789062,5583200.0,113.73809051513672
2015-10-23,145.49000549316406,143.6999969482422,144.61000061035156,144.67999267578125,5370400.0,114.20384216308594
2015-10-26,145.0,143.2100067138672,144.75,143.66000366210938,3489400.0,113.3986587524414
2015-10-27,143.8300018310547,137.3300018310547,143.50999450683594,137.86000061035156,15008500.0,108.8204345703125
2015-10-28,141.22999572753906,137.5,137.9199981689453,140.8300018310547,8511400.0,111.16478729248047
2015-10-29,140.82000732421875,139.02000427246094,140.36000061035156,140.5500030517578,3710400.0,110.94378662109375
2015-10-30,141.3300018310547,139.89999389648438,140.44000244140625,140.0800018310547,3984000.0,110.57278442382812
2015-11-02,140.52000427246094,139.57000732421875,140.5,140.3699951171875,3822200.0,110.80168914794922
2015-11-03,142.8000030517578,139.89999389648438,140.02000427246094,141.8800048828125,4349400.0,111.99361419677734
2015-11-04,142.64999389648438,141.3000030517578,142.5500030517578,141.6300048828125,3516900.0,111.79629516601562
2015-11-05,142.3800048828125,139.6300048828125,141.61000061035156,139.88999938964844,5096900.0,110.42280578613281
2015-11-06,139.5500030517578,137.8699951171875,138.60000610351562,138.25,4744900.0,110.15191650390625
2015-11-09,138.0800018310547,134.8800048828125,137.9199981689453,135.30999755859375,8075600.0,107.80944061279297
2015-11-10,135.74000549316406,134.1199951171875,135.36000061035156,135.47000122070312,4520800.0,107.93694305419922
2015-11-11,136.1999969482422,134.5,136.08999633789062,135.02000427246094,3164800.0,107.57839965820312
2015-11-12,134.6999969482422,133.00999450683594,134.6999969482422,133.0399932861328,4701400.0,106.00080871582031
2015-11-13,133.0,131.64999389648438,132.9499969482422,131.75,4613800.0,104.97296142578125
2015-11-16,134.08999633789062,131.7899932861328,131.7899932861328,133.7100067138672,4190800.0,106.53465270996094
2015-11-17,134.82000732421875,133.30999755859375,134.22000122070312,133.82000732421875,2815100.0,106.62228393554688
2015-11-18,135.91000366210938,134.25999450683594,134.7899932861328,135.82000732421875,4149200.0,108.21578979492188
2015-11-19,137.74000549316406,136.00999450683594,136.2100067138672,136.74000549316406,4753600.0,108.94881439208984
2015-11-20,138.9199981689453,137.25,137.3699951171875,138.5,5176400.0,110.35108947753906
2015-11-23,138.8699951171875,137.1199951171875,138.52999877929688,138.4600067138672,5137900.0,110.31925964355469
2015-11-24,139.33999633789062,137.30999755859375,137.64999389648438,138.60000610351562,3407700.0,110.43077087402344
2015-11-25,138.42999267578125,137.3800048828125,138.3699951171875,138.0,3238200.0,109.95274353027344
2015-11-27,138.80999755859375,137.2100067138672,138.0,138.4600067138672,1415800.0,110.31925964355469
2015-11-30,139.89999389648438,138.52000427246094,138.61000061035156,139.4199981689453,4545600.0,111.08412170410156
2015-12-01,141.39999389648438,139.5800018310547,139.5800018310547,141.27999877929688,4195100.0,112.56610870361328
2015-12-02,141.2100067138672,139.5,140.92999267578125,139.6999969482422,3725400.0,111.30722045898438
2015-12-03,140.72999572753906,138.19000244140625,140.10000610351562,138.9199981689453,5909600.0,110.68574523925781
2015-12-04,141.02000427246094,137.99000549316406,138.08999633789062,140.42999267578125,4571600.0,111.88883209228516
2015-12-07,140.41000366210938,138.80999755859375,140.16000366210938,139.5500030517578,3279400.0,111.18771362304688
2015-12-08,139.05999755859375,137.52999877929688,138.27999877929688,138.0500030517578,3905200.0,109.99259948730469
2015-12-09,139.83999633789062,136.22999572753906,137.3800048828125,136.61000061035156,4615000.0,108.84525299072266
2015-12-10,137.85000610351562,135.72000122070312,137.02999877929688,136.77999877929688,4222300.0,108.98067474365234
2015-12-11,135.44000244140625,133.91000366210938,135.22999572753906,134.57000732421875,5333800.0,107.2198486328125
2015-12-14,136.13999938964844,134.02000427246094,135.30999755859375,135.92999267578125,5143800.0,108.30343627929688
2015-12-15,138.97000122070312,137.27999877929688,137.39999389648438,137.7899932861328,4238500.0,109.78540802001953
2015-12-16,139.64999389648438,137.7899932861328,139.1199951171875,139.2899932861328,4345500.0,110.98054504394531
2015-12-17,139.5,136.30999755859375,139.35000610351562,136.75,4089500.0,108.95677185058594
2015-12-18,136.9600067138672,134.27000427246094,136.41000366210938,134.89999389648438,10026100.0,107.4827880859375
2015-12-21,135.8300018310547,134.02000427246094,135.8300018310547,135.5,5617500.0,107.96084594726562
2015-12-22,138.19000244140625,135.64999389648438,135.8800048828125,137.92999267578125,4263800.0,109.89695739746094
2015-12-23,139.30999755859375,138.11000061035156,138.3000030517578,138.5399932861328,5164900.0,110.3829574584961
2015-12-24,138.8800048828125,138.11000061035156,138.42999267578125,138.25,1495200.0,110.15191650390625
2015-12-28,138.0399932861328,136.5399932861328,137.74000549316406,137.61000061035156,3143400.0,109.6419906616211
2015-12-29,140.05999755859375,138.1999969482422,138.25,139.77999877929688,3943700.0,111.37096405029297
2015-12-30,140.44000244140625,139.22000122070312,139.5800018310547,139.33999633789062,2989400.0,111.02040100097656
2015-12-31,139.10000610351562,137.57000732421875,139.07000732421875,137.6199951171875,3462100.0,109.64995574951172
2016-01-04,135.97000122070312,134.24000549316406,135.60000610351562,135.9499969482422,5229400.0,108.31937408447266
2016-01-05,136.88999938964844,134.85000610351562,136.75999450683594,135.85000610351562,3924800.0,108.2397232055664
2016-01-06,135.5800018310547,133.6199951171875,134.3800048828125,135.1699981689453,4310900.0,107.69791412353516
2016-01-07,135.02000427246094,132.42999267578125,133.6999969482422,132.86000061035156,7025800.0,105.85741424560547
2016-01-08,133.82000732421875,131.32000732421875,133.17999267578125,131.6300048828125,4762700.0,104.87738037109375
2016-01-11,133.82000732421875,131.75999450683594,131.80999755859375,133.22999572753906,4974400.0,106.15219116210938
2016-01-12,133.77999877929688,131.1300048828125,133.64999389648438,132.89999389648438,5078700.0,105.88925170898438
2016-01-13,134.27999877929688,131.10000610351562,133.5,131.1699981689453,4700100.0,104.5108642578125
2016-01-14,133.7899932861328,131.22000122070312,131.92999267578125,132.91000366210938,5709600.0,105.8972396850586
2016-01-15,130.8800048828125,128.8699951171875,130.00999450683594,130.02999877929688,9008500.0,103.60254669189453
2016-01-19,132.10000610351562,128.05999755859375,130.11000061035156,128.11000061035156,9979600.0,102.07278442382812
2016-01-20,123.98999786376953,118.0,118.45999908447266,121.86000061035156,16157800.0,97.09303283691406
2016-01-21,125.0999984741211,120.58000183105469,121.30000305175781,122.91000366210938,8851600.0,97.92964935302734
2016-01-22,124.73999786376953,121.7699966430664,124.66999816894531,122.5,9238400.0,97.60298156738281
2016-01-25,124.2300033569336,121.63999938964844,122.0999984741211,122.08000183105469,5446000.0,97.268310546875
2016-01-26,123.61000061035156,122.23999786376953,122.25,122.58999633789062,4617800.0,97.67469024658203
2016-01-27,123.37000274658203,120.6500015258789,122.7300033569336,120.95999908447266,5026400.0,96.3759536743164
2016-01-28,122.83000183105469,121.01000213623047,121.26000213623047,122.22000122070312,3942500.0,97.37987518310547
2016-01-29,124.79000091552734,122.95999908447266,123.27999877929688,124.79000091552734,8248100.0,99.42754364013672
2016-02-01,125.29000091552734,123.70999908447266,124.4000015258789,124.83000183105469,3574900.0,99.45942687988281
2016-02-02,124.13999938964844,122.63999938964844,123.66999816894531,122.94000244140625,3287300.0,97.95355987548828
2016-02-03,125.44999694824219,122.29000091552734,123.98999786376953,124.72000122070312,6223500.0,99.37179565429688
2016-02-04,128.5,125.0,125.08000183105469,127.6500015258789,5266500.0,101.70628356933594
2016-02-05,128.63999938964844,125.8499984741211,127.22000122070312,128.57000732421875,7177700.0,102.43930053710938
2016-02-08,127.51000213623047,124.12999725341797,126.0,126.9800033569336,7364000.0,102.20587158203125
2016-02-09,126.93000030517578,123.7699966430664,126.12000274658203,124.06999969482422,5957200.0,99.86361694335938
2016-02-10,125.29000091552734,119.83999633789062,125.0,120.19000244140625,6469100.0,96.7406234741211
2016-02-11,119.66000366210938,116.9000015258789,118.77999877929688,117.8499984741211,7307600.0,94.85716247558594
2016-02-12,121.05000305175781,118.3499984741211,119.26000213623047,121.04000091552734,4936500.0,97.4247817993164
2016-02-16,123.08999633789062,121.33999633789062,121.83000183105469,122.73999786376953,4061400.0,98.79310607910156
2016-02-17,126.56999969482422,123.25,123.70999908447266,126.0999984741211,4821000.0,101.49755859375
2016-02-18,134.0,129.75,130.0,132.4499969482422,9951600.0,106.6086654663086
2016-02-19,133.64999389648438,130.83999633789062,132.36000061035156,133.0800018310547,5125300.0,107.1157455444336
2016-02-22,134.30999755859375,132.41000366210938,133.0800018310547,133.77000427246094,4457400.0,107.67112731933594
2016-02-23,133.41000366210938,132.00999450683594,133.13999938964844,132.39999389648438,3439700.0,106.56840515136719
2016-02-24,133.49000549316406,129.67999267578125,131.5500030517578,132.8000030517578,4122600.0,106.8903579711914
2016-02-25,134.50999450683594,130.8800048828125,133.2899932861328,134.5,4358300.0,108.25871276855469
2016-02-26,134.9199981689453,131.9499969482422,134.50999450683594,132.02999877929688,4386200.0,106.27059173583984
2016-02-29,133.36000061035156,130.89999389648438,132.0,131.02999877929688,4428000.0,105.4657211303711
2016-03-01,134.63999938964844,132.02999877929688,132.24000549316406,134.3699951171875,3788500.0,108.15406799316406
2016-03-02,137.44000244140625,133.22000122070312,133.6999969482422,136.3000030517578,5217200.0,109.70750427246094
2016-03-03,137.9600067138672,136.07000732421875,137.22000122070312,137.8000030517578,5156400.0,110.91483306884766
2016-03-04,139.4199981689453,137.02000427246094,137.5399932861328,137.8000030517578,3968400.0,110.91483306884766
2016-03-07,140.50999450683594,136.8699951171875,137.27999877929688,140.14999389648438,5171000.0,112.80636596679688
2016-03-08,140.35000610351562,137.4199981689453,139.7100067138672,139.07000732421875,5579100.0,111.93706512451172
2016-03-09,142.1699981689453,139.22999572753906,139.30999755859375,140.41000366210938,4406500.0,113.0156478881836
2016-03-10,141.47000122070312,138.08999633789062,141.24000549316406,140.19000244140625,4020600.0,112.83857727050781
2016-03-11,142.9199981689453,140.50999450683594,141.72999572753906,142.36000061035156,4421900.0,114.58521270751953
2016-03-14,143.19000244140625,141.0399932861328,142.00999450683594,142.77999877929688,4048800.0,114.92322540283203
2016-03-15,143.3300018310547,141.5399932861328,141.74000549316406,142.9600067138672,3707500.0,115.06812286376953
2016-03-16,144.8800048828125,142.11000061035156,142.6199951171875,144.7899932861328,4221900.0,116.54109191894531
2016-03-17,147.32000732421875,144.4499969482422,144.77999877929688,147.0399932861328,5821600.0,118.35209655761719
2016-03-18,147.50999450683594,145.50999450683594,147.39999389648438,147.08999633789062,12089700.0,118.39236450195312
2016-03-21,148.7100067138672,146.72000122070312,147.3000030517578,148.6300048828125,3721600.0,119.63190460205078
2016-03-22,149.27999877929688,147.83999633789062,148.05999755859375,148.10000610351562,4081900.0,119.2052993774414
2016-03-23,148.02999877929688,145.1300048828125,148.0,145.39999389648438,4764200.0,117.03205871582031
2016-03-24,148.22000122070312,144.49000549316406,144.97999572753906,147.9499969482422,5044500.0,119.08455657958984
2016-03-28,148.64999389648438,147.22999572753906,147.75,148.39999389648438,3265100.0,119.44677734375
2016-03-29,149.75999450683594,147.5,147.58999633789062,149.3300018310547,3138500.0,120.19532012939453
2016-03-30,150.41000366210938,148.32000732421875,149.9499969482422,148.41000366210938,3331200.0,119.45481872558594
2016-03-31,153.10000610351562,149.36000061035156,149.7899932861328,151.4499969482422,6780600.0,121.9017105102539
2016-04-01,152.9600067138672,150.25,150.50999450683594,152.52000427246094,3925500.0,122.762939453125
2016-04-04,153.52000427246094,151.91000366210938,152.33999633789062,152.07000732421875,3931200.0,122.40074920654297
2016-04-05,151.60000610351562,149.64999389648438,151.42999267578125,150.0,3337000.0,120.73461151123047
2016-04-06,150.14999389648438,147.80999755859375,149.89999389648438,150.02000427246094,4194600.0,120.75070190429688
2016-04-07,149.60000610351562,148.0,149.07000732421875,148.25,3663000.0,119.32603454589844
2016-04-08,149.99000549316406,148.1199951171875,149.05999755859375,149.35000610351562,3293800.0,120.21144104003906
2016-04-11,151.9499969482422,149.22000122070312,150.25999450683594,149.25,3846100.0,120.13092041015625
2016-04-12,150.11000061035156,148.5800018310547,149.61000061035156,149.6300048828125,3595800.0,120.43678283691406
2016-04-13,151.22999572753906,149.6300048828125,150.75,151.22999572753906,3168400.0,121.724609375
2016-04-14,152.75999450683594,150.3800048828125,151.5,151.16000366210938,3176500.0,121.66828918457031
2016-04-15,152.10000610351562,150.9600067138672,151.0399932861328,151.72000122070312,3657600.0,122.1190185546875
2016-04-18,153.13999938964844,151.49000549316406,151.72000122070312,152.52999877929688,6581700.0,122.77101135253906
2016-04-19,146.9499969482422,142.61000061035156,146.47000122070312,144.0,13190200.0,115.90522766113281
2016-04-20,147.1999969482422,144.0,144.24000549316406,146.11000061035156,6754300.0,117.60354614257812
2016-04-21,150.1199951171875,146.4600067138672,146.5800018310547,149.3000030517578,6017700.0,120.17119598388672
2016-04-22,151.0,147.5,149.44000244140625,148.5,5191900.0,119.52726745605469
2016-04-25,148.89999389648438,147.11000061035156,148.16000366210938,148.80999755859375,2848900.0,119.77679443359375
2016-04-26,149.7899932861328,147.89999389648438,148.64999389648438,149.0800018310547,2979800.0,119.99409484863281
2016-04-27,150.77999877929688,148.97000122070312,149.35000610351562,150.47000122070312,3111200.0,121.11289978027344
2016-04-28,150.17999267578125,146.72999572753906,149.75,147.07000732421875,3791500.0,118.37628936767578
2016-04-29,147.33999633789062,144.19000244140625,146.49000549316406,145.94000244140625,4225800.0,117.46672058105469
2016-05-02,147.0,144.42999267578125,146.55999755859375,145.27000427246094,3502400.0,116.92745971679688
2016-05-03,144.89999389648438,142.89999389648438,144.64999389648438,144.1300048828125,3584300.0,116.00987243652344
2016-05-04,145.0,143.30999755859375,143.36000061035156,144.25,2577100.0,116.10643768310547
2016-05-05,147.3000030517578,145.4499969482422,145.9499969482422,146.47000122070312,6501200.0,117.89332580566406
2016-05-06,147.97000122070312,144.47000122070312,144.86000061035156,147.2899932861328,4895800.0,119.69741821289062
2016-05-09,148.1999969482422,147.00999450683594,147.6999969482422,147.33999633789062,4302400.0,120.88710021972656
2016-05-10,150.0399932861328,147.74000549316406,148.24000549316406,149.97000122070312,3992700.0,123.0449447631836
2016-05-11,151.08999633789062,148.74000549316406,149.7100067138672,148.9499969482422,3093000.0,122.20804595947266
2016-05-12,149.38999938964844,147.11000061035156,149.2100067138672,148.83999633789062,3249200.0,122.11781311035156
2016-05-13,149.86000061035156,147.4199981689453,148.7899932861328,147.72000122070312,2398000.0,121.19886016845703
2016-05-16,149.99000549316406,147.44000244140625,147.64999389648438,149.4600067138672,3069100.0,122.62651062011719
2016-05-17,149.5,147.2899932861328,149.2100067138672,148.0,3490600.0,121.42864227294922
2016-05-18,148.52000427246094,146.36000061035156,147.99000549316406,147.33999633789062,2491100.0,120.88710021972656
2016-05-19,146.92999267578125,143.9600067138672,146.47999572753906,144.92999267578125,3685600.0,118.90977478027344
2016-05-20,147.50999450683594,145.5500030517578,145.7100067138672,147.25,3671500.0,120.81327056884766
2016-05-23,147.9499969482422,146.66000366210938,147.61000061035156,146.77000427246094,2103800.0,120.41942596435547
2016-05-24,148.75,146.8800048828125,146.8800048828125,148.30999755859375,2929300.0,121.6829605102539
2016-05-25,152.08999633789062,148.5,148.92999267578125,151.69000244140625,4355300.0,124.45612335205078
2016-05-26,152.50999450683594,151.0500030517578,151.5500030517578,152.44000244140625,3062900.0,125.07146453857422
2016-05-27,152.92999267578125,152.14999389648438,152.35000610351562,152.83999633789062,2457100.0,125.3996810913086
2016-05-31,153.80999755859375,152.27000427246094,152.55999755859375,153.74000549316406,5836600.0,126.13809204101562
2016-06-01,153.27000427246094,151.5399932861328,153.0,152.50999450683594,2663400.0,125.12890625
2016-06-02,153.5,152.1199951171875,152.58999633789062,153.5,2642600.0,125.94115447998047
2016-06-03,153.0399932861328,151.6999969482422,152.39999389648438,152.88999938964844,2328300.0,125.4406967163086
2016-06-06,153.9499969482422,152.33999633789062,153.08999633789062,152.72999572753906,2378700.0,125.30940246582031
2016-06-07,153.92999267578125,152.66000366210938,153.30999755859375,153.3300018310547,4465000.0,125.80170440673828
2016-06-08,154.08999633789062,153.0399932861328,153.52999877929688,154.0,2935000.0,126.35140228271484
2016-06-09,153.75999450683594,152.72999572753906,152.9199981689453,153.4199981689453,2021800.0,125.87552642822266
2016-06-10,153.3300018310547,151.86000061035156,152.7899932861328,152.3699951171875,3120600.0,125.01402282714844
2016-06-13,152.5,150.27999877929688,151.6300048828125,151.27999877929688,3610400.0,124.11974334716797
2016-06-14,151.7899932861328,150.39999389648438,151.27999877929688,151.05999755859375,2865800.0,123.93922424316406
2016-06-15,151.7899932861328,150.60000610351562,151.4600067138672,150.67999267578125,2260400.0,123.62744140625
2016-06-16,151.2899932861328,149.0,150.19000244140625,151.05999755859375,2449100.0,123.93922424316406
2016-06-17,152.72000122070312,150.60000610351562,150.9600067138672,151.99000549316406,4663900.0,124.7022476196289
2016-06-20,154.6699981689453,152.52000427246094,152.60000610351562,153.61000061035156,3572100.0,126.03142547607422
2016-06-21,154.57000732421875,153.69000244140625,154.16000366210938,154.0500030517578,2760300.0,126.39241027832031
2016-06-22,154.7100067138672,152.27000427246094,153.75,152.9199981689453,2833700.0,125.46530151367188
2016-06-23,155.47999572753906,152.60000610351562,153.4499969482422,155.35000610351562,3969400.0,127.45901489257812
2016-06-24,150.61000061035156,146.17999267578125,149.97000122070312,146.58999633789062,9082800.0,120.27175903320312
2016-06-27,146.60000610351562,142.5,146.17999267578125,143.5,5017900.0,117.73651123046875
2016-06-28,145.72999572753906,144.22000122070312,144.77999877929688,145.6999969482422,3997700.0,119.54154205322266
2016-06-29,148.47999572753906,146.4499969482422,146.5,148.4600067138672,3367700.0,121.8060073852539
2016-06-30,151.91000366210938,148.6699981689453,148.86000061035156,151.77999877929688,3967100.0,124.52994537353516
2016-07-01,152.97000122070312,151.39999389648438,151.77999877929688,152.35000610351562,2658300.0,124.99763488769531
2016-07-05,152.0,150.75999450683594,151.19000244140625,151.67999267578125,2465200.0,124.4478988647461
2016-07-06,152.41000366210938,149.9199981689453,151.85000610351562,152.3699951171875,2569400.0,125.01402282714844
2016-07-07,153.69000244140625,151.88999938964844,152.75,152.60000610351562,2138400.0,125.20274353027344
2016-07-08,154.60000610351562,153.0800018310547,154.0,154.4600067138672,3040600.0,126.72879791259766
2016-07-11,156.0399932861328,154.5,154.60000610351562,155.3300018310547,2833700.0,127.44261932373047
2016-07-12,157.1199951171875,155.52000427246094,156.0,157.0399932861328,3843800.0,128.84559631347656
2016-07-13,158.33999633789062,157.05999755859375,157.75,158.02000427246094,2746400.0,129.64967346191406
2016-07-14,161.39999389648438,158.5800018310547,158.80999755859375,160.27999877929688,4637600.0,131.50390625
2016-07-15,159.97999572753906,158.5,159.89999389648438,159.77999877929688,4476800.0,131.09368896484375
2016-07-18,160.75,158.72999572753906,159.3000030517578,159.86000061035156,6729700.0,131.1593017578125
2016-07-19,162.13999938964844,157.88999938964844,161.77999877929688,159.5800018310547,7120000.0,130.9295654296875
2016-07-20,161.7100067138672,159.60000610351562,159.97000122070312,161.36000061035156,4376300.0,132.39002990722656
2016-07-21,161.85000610351562,159.88999938964844,160.75,160.4499969482422,3518900.0,131.64340209960938
2016-07-22,162.1699981689453,160.47999572753906,160.77999877929688,162.07000732421875,2520100.0,132.97251892089844
2016-07-25,162.8800048828125,161.75,162.0,162.64999389648438,2804600.0,133.44837951660156
2016-07-26,163.60000610351562,161.3699951171875,162.64999389648438,162.1199951171875,2894600.0,133.01356506347656
2016-07-27,162.57000732421875,161.17999267578125,162.1199951171875,161.8300018310547,2162700.0,132.775634765625
2016-07-28,161.80999755859375,160.7100067138672,161.3800048828125,161.3699951171875,2340400.0,132.39822387695312
2016-07-29,161.6699981689453,160.02999877929688,161.36000061035156,160.6199951171875,3547500.0,131.78286743164062
2016-08-01,161.64999389648438,159.83999633789062,160.64999389648438,161.4499969482422,2823600.0,132.46383666992188
2016-08-02,161.4499969482422,160.36000061035156,161.27000427246094,160.5800018310547,3080900.0,131.7500457763672
2016-08-03,160.86000061035156,159.8000030517578,160.1300048828125,160.6699981689453,2861700.0,131.82386779785156
2016-08-04,161.6999969482422,160.1199951171875,160.86000061035156,161.5500030517578,2489100.0,132.54588317871094
2016-08-05,163.50999450683594,161.57000732421875,162.0,163.5,3812400.0,134.1457977294922
2016-08-08,163.27000427246094,161.5800018310547,162.72999572753906,162.0399932861328,3039300.0,134.09616088867188
2016-08-09,162.77000427246094,161.64999389648438,162.22000122070312,161.77000427246094,2737500.0,133.87271118164062
2016-08-10,162.66000366210938,161.9600067138672,162.19000244140625,162.0800018310547,2466700.0,134.12924194335938
2016-08-11,164.9499969482422,162.17999267578125,162.25,163.52999877929688,8768600.0,135.32919311523438
2016-08-12,163.4600067138672,161.52000427246094,163.19000244140625,161.9499969482422,2543100.0,134.02163696289062
2016-08-15,162.97000122070312,161.77999877929688,162.39999389648438,161.8800048828125,2970400.0,133.9637451171875
2016-08-16,161.92999267578125,160.69000244140625,161.11000061035156,160.6999969482422,2210200.0,132.9872283935547
2016-08-17,161.16000366210938,159.83999633789062,160.97000122070312,160.44000244140625,3225900.0,132.7720489501953
2016-08-18,162.0,160.44000244140625,160.88999938964844,161.36000061035156,3652000.0,133.53343200683594
2016-08-19,160.91000366210938,159.52000427246094,160.83999633789062,160.0399932861328,2815200.0,132.44105529785156
2016-08-22,160.57000732421875,159.1300048828125,160.0,160.0,2039300.0,132.407958984375
2016-08-23,161.33999633789062,160.22999572753906,160.3300018310547,160.25999450683594,2838100.0,132.6230926513672
2016-08-24,160.17999267578125,158.32000732421875,159.88999938964844,159.0500030517578,3645800.0,131.62179565429688
2016-08-25,159.5399932861328,158.4199981689453,159.0,158.6300048828125,2575000.0,131.27420043945312
2016-08-26,160.44000244140625,157.85000610351562,158.8800048828125,158.32000732421875,2498900.0,131.01768493652344
2016-08-29,160.2100067138672,158.5,158.8300018310547,159.72000122070312,2475900.0,132.17623901367188
2016-08-30,160.14999389648438,158.80999755859375,159.75999450683594,159.39999389648438,1813300.0,131.91140747070312
2016-08-31,159.66000366210938,158.25999450683594,159.66000366210938,158.8800048828125,2323600.0,131.4810791015625
2016-09-01,159.6199951171875,158.10000610351562,158.32000732421875,159.5399932861328,2358400.0,132.0272979736328
2016-09-02,160.57000732421875,159.14999389648438,159.8800048828125,159.5500030517578,2315400.0,132.0355682373047
2016-09-06,160.86000061035156,159.11000061035156,159.8800048828125,160.35000610351562,2994100.0,132.69757080078125
2016-09-07,161.75999450683594,160.0,160.19000244140625,161.63999938964844,2867300.0,133.76510620117188
2016-09-08,161.2100067138672,158.75999450683594,160.5500030517578,159.0,3963200.0,131.5803985595703
2016-09-09,158.39999389648438,155.64999389648438,158.02999877929688,155.69000244140625,5186000.0,128.84121704101562
2016-09-12,158.52999877929688,154.83999633789062,155.25999450683594,158.2899932861328,4367500.0,130.99282836914062
2016-09-13,157.92999267578125,155.5,157.6300048828125,155.80999755859375,3636700.0,128.94049072265625
2016-09-14,155.8699951171875,153.38999938964844,155.6999969482422,154.0500030517578,3860600.0,127.4840087890625
2016-09-15,156.3300018310547,153.2100067138672,154.3000030517578,155.66000366210938,3645600.0,128.81640625
2016-09-16,155.39999389648438,153.47000122070312,155.0399932861328,153.83999633789062,6463600.0,127.31022644042969
2016-09-19,156.19000244140625,154.5500030517578,154.8699951171875,154.8699951171875,2450100.0,128.16256713867188
2016-09-20,156.57000732421875,154.4499969482422,155.8699951171875,154.4499969482422,2159100.0,127.8150405883789
2016-09-21,155.67999267578125,153.8699951171875,154.91000366210938,155.52999877929688,2473900.0,128.70880126953125
2016-09-22,157.22000122070312,155.69000244140625,156.14999389648438,156.11000061035156,2691100.0,129.1887664794922
2016-09-23,156.0399932861328,154.7100067138672,155.6199951171875,154.97999572753906,2702200.0,128.25364685058594
2016-09-26,154.4600067138672,153.4600067138672,154.4600067138672,153.97999572753906,2533300.0,127.42607116699219
2016-09-27,156.77000427246094,153.80999755859375,154.32000732421875,156.77000427246094,2987200.0,129.73497009277344
2016-09-28,158.6300048828125,156.22999572753906,156.99000549316406,158.2899932861328,3310000.0,130.99282836914062
2016-09-29,165.0,157.4600067138672,158.6300048828125,158.11000061035156,3374800.0,130.84388732910156
2016-09-30,159.83999633789062,158.05999755859375,158.89999389648438,158.85000610351562,3596900.0,131.45628356933594
2016-10-03,158.3699951171875,157.02000427246094,158.05999755859375,157.61000061035156,2227800.0,130.43008422851562
2016-10-04,158.52999877929688,155.82000732421875,157.6699981689453,156.4600067138672,2884100.0,129.4784393310547
2016-10-05,157.8300018310547,156.72000122070312,157.07000732421875,157.0800018310547,1684500.0,129.9915008544922
2016-10-06,157.42999267578125,155.88999938964844,156.83999633789062,156.8800048828125,1950100.0,129.8260040283203
2016-10-07,157.6999969482422,154.86000061035156,157.13999938964844,155.6699981689453,2671900.0,128.8246612548828
2016-10-10,158.49000549316406,156.66000366210938,156.7100067138672,157.02000427246094,2481300.0,129.94180297851562
2016-10-11,156.9499969482422,153.88999938964844,156.72999572753906,154.7899932861328,2901300.0,128.09640502929688
2016-10-12,154.97000122070312,153.0800018310547,154.97000122070312,154.2899932861328,2964000.0,127.68260192871094
2016-10-13,154.22000122070312,152.27000427246094,153.6999969482422,153.72000122070312,2909900.0,127.21092987060547
2016-10-14,155.52999877929688,154.08999633789062,154.47000122070312,154.4499969482422,4358200.0,127.8150405883789
2016-10-17,155.88999938964844,154.33999633789062,154.4499969482422,154.77000427246094,5890400.0,128.07986450195312
2016-10-18,151.0,147.7899932861328,150.02000427246094,150.72000122070312,12770600.0,124.728271484375
2016-10-19,152.4499969482422,150.8300018310547,151.27000427246094,151.25999450683594,4632900.0,125.17515563964844
2016-10-20,152.89999389648438,151.02000427246094,151.27999877929688,151.52000427246094,4023100.0,125.39034271240234
2016-10-21,151.14999389648438,149.55999755859375,150.5800018310547,149.6300048828125,4414200.0,123.82624053955078
2016-10-24,151.52000427246094,150.39999389648438,150.39999389648438,150.57000732421875,2666700.0,124.6041259765625
2016-10-25,151.16000366210938,149.8300018310547,150.57000732421875,150.8800048828125,2647500.0,124.86071014404297
2016-10-26,152.94000244140625,150.25999450683594,150.7100067138672,151.80999755859375,2811700.0,125.63030242919922
2016-10-27,154.05999755859375,152.02000427246094,152.82000732421875,153.35000610351562,4229300.0,126.90475463867188
2016-10-28,154.44000244140625,152.17999267578125,154.0500030517578,152.61000061035156,3654500.0,126.29237365722656
2016-10-31,154.3300018310547,152.75999450683594,152.75999450683594,153.69000244140625,3553200.0,127.18607330322266
2016-11-01,153.91000366210938,151.74000549316406,153.5,152.7899932861328,3191900.0,126.44129943847656
2016-11-02,153.35000610351562,151.6699981689453,152.47999572753906,151.9499969482422,3074400.0,125.74618530273438
2016-11-03,153.74000549316406,151.8000030517578,152.50999450683594,152.3699951171875,2878800.0,126.0937271118164
2016-11-04,153.63999938964844,151.8699951171875,152.39999389648438,152.42999267578125,2470400.0,126.14338684082031
2016-11-07,156.11000061035156,153.83999633789062,153.99000549316406,155.72000122070312,3804900.0,128.8660430908203
2016-11-08,155.92999267578125,153.05999755859375,154.55999755859375,155.1699981689453,3921900.0,129.57582092285156
2016-11-09,155.55999755859375,151.0,152.9600067138672,154.80999755859375,5403700.0,129.27523803710938
2016-11-10,161.16000366210938,157.58999633789062,157.66000366210938,160.22000122070312,7715800.0,133.79287719726562
2016-11-11,161.33999633789062,159.3300018310547,159.97000122070312,161.27000427246094,4446600.0,134.66969299316406
2016-11-14,161.86000061035156,157.5800018310547,161.25,158.2100067138672,5196500.0,132.11441040039062
2016-11-15,159.14999389648438,157.5500030517578,158.4199981689453,158.6699981689453,3477000.0,132.49851989746094
2016-11-16,159.5500030517578,158.02999877929688,158.4600067138672,159.2899932861328,2252800.0,133.0162353515625
2016-11-17,159.92999267578125,158.85000610351562,159.22000122070312,159.8000030517578,2261200.0,133.44215393066406
2016-11-18,160.72000122070312,159.2100067138672,159.8000030517578,160.38999938964844,2981600.0,133.934814453125
2016-11-21,163.0,160.3699951171875,160.69000244140625,162.77000427246094,4637100.0,135.92225646972656
2016-11-22,163.0,161.9499969482422,163.0,162.6699981689453,2770800.0,135.8387908935547
2016-11-23,162.3800048828125,161.36000061035156,161.94000244140625,161.97999572753906,2252700.0,135.2625732421875
2016-11-25,163.19000244140625,161.8300018310547,161.8300018310547,163.13999938964844,1605300.0,136.23121643066406
2016-11-28,164.66000366210938,162.6999969482422,163.1999969482422,164.52000427246094,4449400.0,137.3835906982422
2016-11-29,164.41000366210938,163.02999877929688,164.0,163.52999877929688,3148200.0,136.55691528320312
2016-11-30,163.8000030517578,162.2100067138672,163.35000610351562,162.22000122070312,4397800.0,135.46298217773438
2016-12-01,162.1999969482422,158.3000030517578,161.9499969482422,159.82000732421875,4635700.0,133.45884704589844
2016-12-02,160.2899932861328,158.41000366210938,159.0,160.02000427246094,2740900.0,133.62586975097656
2016-12-05,161.14999389648438,159.58999633789062,160.85000610351562,159.83999633789062,3447100.0,133.4755401611328
2016-12-06,160.7899932861328,158.92999267578125,160.1300048828125,160.35000610351562,2859000.0,133.9014129638672
2016-12-07,165.17999267578125,160.38999938964844,160.60000610351562,164.7899932861328,4435100.0,137.6090850830078
2016-12-08,166.0,164.22000122070312,164.8699951171875,165.36000061035156,3266400.0,138.08506774902344
2016-12-09,166.72000122070312,164.60000610351562,165.17999267578125,166.52000427246094,3146900.0,139.0537109375
2016-12-12,166.7899932861328,165.07000732421875,166.72000122070312,165.5,3392300.0,138.2019805908203
2016-12-13,169.9499969482422,165.67999267578125,165.67999267578125,168.2899932861328,5932300.0,140.5317840576172
2016-12-14,169.88999938964844,167.4499969482422,168.3699951171875,168.50999450683594,4124200.0,140.7154998779297
2016-12-15,169.85000610351562,167.77999877929688,168.00999450683594,168.02000427246094,3388600.0,140.30633544921875
2016-12-16,169.11000061035156,166.05999755859375,168.97000122070312,166.72999572753906,7120600.0,139.22909545898438
2016-12-19,167.25999450683594,166.0,166.8300018310547,166.67999267578125,2955900.0,139.18731689453125
2016-12-20,168.25,166.4499969482422,167.49000549316406,167.60000610351562,2174600.0,139.95559692382812
2016-12-21,167.94000244140625,165.25,166.25,167.3300018310547,3575700.0,139.73011779785156
2016-12-22,168.22999572753906,166.5800018310547,167.36000061035156,167.05999755859375,2802600.0,139.504638671875
2016-12-23,167.49000549316406,166.4499969482422,167.0,166.7100067138672,1701200.0,139.21240234375
2016-12-27,167.97999572753906,166.85000610351562,166.97999572753906,167.13999938964844,1397500.0,139.57142639160156
2016-12-28,167.74000549316406,166.0,167.2899932861328,166.19000244140625,1757500.0,138.7781524658203
2016-12-29,166.99000549316406,166.0,166.02000427246094,166.60000610351562,1663500.0,139.1205291748047
2016-12-30,166.6999969482422,165.5,166.44000244140625,165.99000549316406,2952800.0,138.61114501953125
2017-01-03,167.8699951171875,166.00999450683594,167.0,167.19000244140625,2934300.0,139.61322021484375
2017-01-04,169.8699951171875,167.36000061035156,167.77000427246094,169.25999450683594,3381400.0,141.34176635742188
2017-01-05,169.38999938964844,167.25999450683594,169.25,168.6999969482422,2682300.0,140.87413024902344
2017-01-06,169.9199981689453,167.52000427246094,168.69000244140625,169.52999877929688,2945500.0,141.56723022460938
2017-01-09,169.8000030517578,167.6199951171875,169.47000122070312,167.64999389648438,3189900.0,139.99732971191406
2017-01-10,168.08999633789062,165.33999633789062,167.97999572753906,165.52000427246094,4118700.0,138.2186737060547
2017-01-11,167.75999450683594,165.60000610351562,166.0500030517578,167.75,3599500.0,140.08082580566406
2017-01-12,168.00999450683594,165.55999755859375,167.77000427246094,167.9499969482422,2927500.0,140.24786376953125
2017-01-13,168.47999572753906,166.8800048828125,167.97000122070312,167.33999633789062,2875400.0,139.73843383789062
2017-01-17,168.17999267578125,166.1199951171875,166.69000244140625,167.88999938964844,3315700.0,140.19773864746094
2017-01-18,168.58999633789062,166.69000244140625,167.4499969482422,166.8000030517578,4007800.0,139.28753662109375
2017-01-19,167.4499969482422,165.8000030517578,166.9600067138672,166.80999755859375,6963400.0,139.29588317871094
2017-01-20,170.63999938964844,166.0,167.80999755859375,170.5500030517578,12690000.0,142.4189910888672
2017-01-23,171.25,170.00999450683594,170.0800018310547,171.02999877929688,5478200.0,142.81982421875
2017-01-24,176.0,171.16000366210938,171.36000061035156,175.89999389648438,6952400.0,146.88656616210938
2017-01-25,179.25,176.1300048828125,176.25999450683594,178.2899932861328,5922500.0,148.88233947753906
2017-01-26,178.8800048828125,177.50999450683594,178.05999755859375,178.66000366210938,3063900.0,149.1913299560547
2017-01-27,179.1999969482422,177.3000030517578,178.47000122070312,177.3000030517578,3482300.0,148.05564880371094
2017-01-30,177.07000732421875,174.5800018310547,176.97999572753906,175.8000030517578,4094800.0,146.80307006835938
2017-01-31,175.5800018310547,173.61000061035156,175.0500030517578,174.52000427246094,4139000.0,145.73419189453125
2017-02-01,175.6999969482422,172.88999938964844,175.0,174.2899932861328,2795700.0,145.54212951660156
2017-02-02,174.97000122070312,173.5500030517578,174.22999572753906,174.5800018310547,2620500.0,145.78428649902344
2017-02-03,176.33999633789062,174.88999938964844,175.0,175.82000732421875,3309300.0,146.81973266601562
2017-02-06,175.97999572753906,174.3800048828125,175.30999755859375,175.86000061035156,2650800.0,146.8531494140625
2017-02-07,178.6199951171875,175.89999389648438,176.0,178.4600067138672,3873500.0,149.02430725097656
2017-02-08,177.5,175.8800048828125,177.5,176.1699981689453,2913100.0,148.2752227783203
2017-02-09,177.8000030517578,175.91000366210938,176.1699981689453,177.2100067138672,3090700.0,149.15057373046875
2017-02-10,178.8699951171875,176.75999450683594,177.3699951171875,178.67999267578125,2930700.0,150.38778686523438
2017-02-13,179.89999389648438,178.83999633789062,179.24000549316406,179.36000061035156,3093400.0,150.96009826660156
2017-02-14,180.1300048828125,178.35000610351562,178.57000732421875,180.1300048828125,2776500.0,151.6082305908203
2017-02-15,181.9199981689453,179.80999755859375,180.1999969482422,181.67999267578125,2914300.0,152.91278076171875
2017-02-16,182.7899932861328,180.8699951171875,181.4499969482422,181.42999267578125,3251500.0,152.70236206054688
2017-02-17,181.57000732421875,180.0,181.25,180.6699981689453,3552500.0,152.06268310546875
2017-02-21,180.7899932861328,179.1199951171875,180.60000610351562,180.25999450683594,4480300.0,151.71763610839844
2017-02-22,181.33999633789062,180.08999633789062,180.08999633789062,181.14999389648438,3020500.0,152.46669006347656
2017-02-23,182.5,180.9199981689453,182.0,181.64999389648438,2282500.0,152.88754272460938
2017-02-24,181.49000549316406,179.88999938964844,180.2100067138672,181.35000610351562,3300100.0,152.63502502441406
2017-02-27,181.25,179.27999877929688,181.19000244140625,179.39999389648438,3691300.0,150.9937744140625
2017-02-28,180.6300048828125,179.35000610351562,179.3800048828125,179.82000732421875,3273400.0,151.3472900390625
2017-03-01,182.5500030517578,180.02999877929688,180.47999572753906,181.9499969482422,3005600.0,153.14004516601562
2017-03-02,181.8800048828125,180.42999267578125,181.8800048828125,180.52999877929688,2918200.0,151.9448699951172
2017-03-03,181.32000732421875,179.75999450683594,180.52999877929688,180.0500030517578,1822000.0,151.5408935546875
2017-03-06,180.99000549316406,179.57000732421875,179.72000122070312,180.47000122070312,3204400.0,151.89437866210938
2017-03-07,181.2899932861328,180.1999969482422,180.7100067138672,180.3800048828125,2980500.0,151.81863403320312
2017-03-08,180.9499969482422,179.3000030517578,180.75,179.4499969482422,3557400.0,151.035888671875
2017-03-09,179.25,175.8800048828125,179.14999389648438,177.17999267578125,5444100.0,149.12530517578125
2017-03-10,179.49000549316406,177.4199981689453,178.2100067138672,177.8300018310547,3100300.0,149.67239379882812
2017-03-13,178.05999755859375,176.4199981689453,177.85000610351562,176.4600067138672,3482200.0,148.51930236816406
2017-03-14,176.82000732421875,175.2100067138672,176.17999267578125,175.72000122070312,3147500.0,147.89649963378906
2017-03-15,176.27999877929688,174.75,175.7100067138672,175.80999755859375,3815500.0,147.97227478027344
2017-03-16,179.0,176.82000732421875,178.4600067138672,177.24000549316406,4311800.0,149.17579650878906
2017-03-17,176.7899932861328,175.64999389648438,176.2899932861328,175.64999389648438,5921000.0,147.8375701904297
2017-03-20,176.17999267578125,175.13999938964844,175.64999389648438,175.6999969482422,2476100.0,147.87966918945312
2017-03-21,176.22999572753906,173.83999633789062,176.00999450683594,173.8800048828125,3927700.0,146.3478546142578
2017-03-22,175.05999755859375,172.8000030517578,174.0399932861328,174.77999877929688,3450500.0,147.10533142089844
2017-03-23,175.6699981689453,173.55999755859375,174.42999267578125,174.82000732421875,3740000.0,147.1389923095703
2017-03-24,175.5,173.38999938964844,175.1199951171875,173.8300018310547,3221700.0,146.3057403564453
2017-03-27,174.16000366210938,172.08999633789062,172.69000244140625,173.77000427246094,3259000.0,146.2552490234375
2017-03-28,175.0,173.0,173.94000244140625,174.50999450683594,3523900.0,146.87806701660156
2017-03-29,174.49000549316406,173.4600067138672,174.3000030517578,173.94000244140625,3085600.0,146.39834594726562
2017-03-30,174.58999633789062,173.69000244140625,173.86000061035156,173.86000061035156,3168300.0,146.3310089111328
2017-03-31,174.9499969482422,173.69000244140625,173.97999572753906,174.13999938964844,2913700.0,146.566650390625
2017-04-03,174.8699951171875,173.3800048828125,173.82000732421875,174.5,4286500.0,146.86965942382812
2017-04-04,174.9600067138672,173.25999450683594,173.52000427246094,174.52000427246094,3108900.0,146.88650512695312
2017-04-05,176.3300018310547,172.80999755859375,174.6999969482422,172.8800048828125,6238900.0,145.50619506835938
2017-04-06,173.47000122070312,172.25,173.47000122070312,172.4499969482422,3435400.0,145.1442413330078
2017-04-07,172.92999267578125,171.27999877929688,172.0800018310547,172.13999938964844,3588300.0,144.88333129882812
2017-04-10,172.55999755859375,171.0,172.52999877929688,171.1999969482422,3789900.0,144.09217834472656
2017-04-11,171.22999572753906,168.97999572753906,170.64999389648438,170.5800018310547,4891900.0,143.57037353515625
2017-04-12,171.1999969482422,170.02000427246094,171.0399932861328,170.66000366210938,3276900.0,143.6376953125
2017-04-13,171.36000061035156,169.52999877929688,169.9199981689453,169.52999877929688,3205500.0,142.6865997314453
2017-04-17,171.3000030517578,169.6199951171875,169.75,171.10000610351562,3720200.0,144.00802612304688
2017-04-18,171.69000244140625,169.8300018310547,170.7899932861328,170.0500030517578,6345500.0,143.12429809570312
2017-04-19,162.63999938964844,159.60000610351562,161.75999450683594,161.69000244140625,19284300.0,136.0880126953125
2017-04-20,162.39999389648438,160.5,161.32000732421875,162.3000030517578,6486800.0,136.60137939453125
2017-04-21,162.11000061035156,160.3800048828125,162.0500030517578,160.3800048828125,5607800.0,134.98541259765625
2017-04-24,161.57000732421875,160.4199981689453,161.2899932861328,160.75,5320600.0,135.2968292236328
2017-04-25,162.0399932861328,160.3800048828125,161.77999877929688,160.38999938964844,4860400.0,134.99383544921875
2017-04-26,161.10000610351562,159.88999938964844,160.52999877929688,160.05999755859375,4327800.0,134.71609497070312
2017-04-27,160.47999572753906,159.6300048828125,160.2899932861328,160.32000732421875,4122600.0,134.93492126464844
2017-04-28,160.58999633789062,159.6999969482422,160.5,160.2899932861328,4154100.0,134.90966796875
2017-05-01,160.4199981689453,158.6999969482422,160.0500030517578,158.83999633789062,4935300.0,133.68927001953125
2017-05-02,159.49000549316406,158.63999938964844,159.44000244140625,159.10000610351562,3208200.0,133.90811157226562
2017-05-03,159.4499969482422,158.52000427246094,158.74000549316406,158.6300048828125,3993300.0,133.5124969482422
2017-05-04,159.13999938964844,158.36000061035156,158.88999938964844,159.0500030517578,4280600.0,133.86599731445312
2017-05-05,155.77999877929688,153.0,153.52000427246094,155.0500030517578,12521300.0,130.4993896484375
2017-05-08,153.47000122070312,152.1999969482422,152.8000030517578,153.02999877929688,7492000.0,130.0574188232422
2017-05-09,153.10000610351562,151.55999755859375,152.60000610351562,152.11000061035156,6853000.0,129.27552795410156
2017-05-10,152.3699951171875,151.1300048828125,151.64999389648438,151.25,4999900.0,128.54461669921875
2017-05-11,151.14999389648438,149.7899932861328,151.0500030517578,150.64999389648438,5627900.0,128.03472900390625
2017-05-12,151.25999450683594,150.0,150.3000030517578,150.3699951171875,3715300.0,127.79672241210938
2017-05-15,151.8300018310547,150.4499969482422,150.6199951171875,151.50999450683594,4245500.0,128.765625
2017-05-16,153.99000549316406,151.66000366210938,151.66000366210938,153.67999267578125,5513700.0,130.60986328125
2017-05-17,154.13999938964844,150.88999938964844,153.3000030517578,150.92999267578125,5191500.0,128.2726593017578
2017-05-18,151.3300018310547,150.11000061035156,150.86000061035156,150.77999877929688,3274200.0,128.14523315429688
2017-05-19,152.4600067138672,150.88999938964844,151.00999450683594,151.97999572753906,5643000.0,129.1650848388672
2017-05-22,152.83999633789062,151.60000610351562,152.10000610351562,152.63999938964844,3302100.0,129.72598266601562
2017-05-23,153.67999267578125,151.9199981689453,152.57000732421875,152.02999877929688,2564500.0,129.2075653076172
2017-05-24,152.75999450683594,151.22999572753906,152.2100067138672,152.50999450683594,3732400.0,129.61549377441406
2017-05-25,153.72999572753906,152.9499969482422,153.25,153.1999969482422,2582700.0,130.201904296875
2017-05-26,153.0,152.05999755859375,152.85000610351562,152.49000549316406,2443300.0,129.59848022460938
2017-05-30,152.6699981689453,151.58999633789062,151.9499969482422,151.72999572753906,3666000.0,128.9525604248047
2017-05-31,152.8000030517578,151.64999389648438,152.02999877929688,152.6300048828125,3543400.0,129.71749877929688
2017-06-01,152.8699951171875,151.6300048828125,152.8000030517578,152.6699981689453,2918100.0,129.75146484375
2017-06-02,153.1999969482422,151.8000030517578,153.07000732421875,152.0500030517578,3585700.0,129.22454833984375
2017-06-05,152.92999267578125,151.67999267578125,151.82000732421875,152.41000366210938,3975100.0,129.53050231933594
2017-06-06,152.88999938964844,152.0,152.0,152.3699951171875,3797200.0,129.49652099609375
2017-06-07,154.1999969482422,150.8000030517578,153.0500030517578,150.97999572753906,4865700.0,128.31517028808594
2017-06-08,152.82000732421875,150.9199981689453,151.0,152.10000610351562,3709000.0,129.2670440673828
2017-06-09,154.25999450683594,151.8800048828125,152.0,154.10000610351562,4361500.0,130.96681213378906
2017-06-12,157.1999969482422,154.02000427246094,154.19000244140625,155.17999267578125,6471500.0,131.88467407226562
2017-06-13,155.47999572753906,154.14999389648438,155.44000244140625,154.25,3523500.0,131.09426879882812
2017-06-14,154.94000244140625,152.94000244140625,153.97000122070312,153.80999755859375,3049100.0,130.72032165527344
2017-06-15,154.69000244140625,153.2899932861328,153.2899932861328,154.22000122070312,4654300.0,131.0688018798828
2017-06-16,155.4199981689453,152.97000122070312,154.22999572753906,155.3800048828125,6742000.0,132.0546417236328
2017-06-19,155.86000061035156,154.5399932861328,155.50999450683594,154.83999633789062,4629500.0,131.59571838378906
2017-06-20,155.38999938964844,154.25,154.47999572753906,154.9499969482422,4481700.0,131.68919372558594
2017-06-21,155.7899932861328,153.38999938964844,155.7899932861328,153.7899932861328,3959700.0,130.7033233642578
2017-06-22,154.99000549316406,153.69000244140625,154.5500030517578,154.39999389648438,2376500.0,131.22177124023438
2017-06-23,154.67999267578125,153.8000030517578,154.33999633789062,154.11000061035156,3282200.0,130.97532653808594
2017-06-26,155.75,154.6300048828125,154.7100067138672,155.22999572753906,2153500.0,131.92718505859375
2017-06-27,155.33999633789062,154.5,155.0,154.75,2386500.0,131.5192413330078
2017-06-28,155.5500030517578,154.77999877929688,155.14999389648438,155.32000732421875,2221000.0,132.00367736816406
2017-06-29,155.74000549316406,153.6199951171875,155.35000610351562,154.1300048828125,3262200.0,130.99234008789062
2017-06-30,154.5,153.13999938964844,154.27999877929688,153.8300018310547,3571500.0,130.73733520507812
2017-07-03,156.02999877929688,153.52000427246094,153.5800018310547,155.5800018310547,2822500.0,132.22463989257812
2017-07-05,155.88999938964844,153.6300048828125,155.77000427246094,153.6699981689453,3564400.0,130.60137939453125
2017-07-06,153.8300018310547,152.22999572753906,153.36000061035156,152.36000061035156,2757500.0,129.48806762695312
2017-07-07,153.49000549316406,152.13999938964844,152.6199951171875,152.94000244140625,2460100.0,129.98094177246094
2017-07-10,153.88999938964844,152.6300048828125,152.91000366210938,153.4199981689453,3206200.0,130.38888549804688
2017-07-11,153.64999389648438,152.0500030517578,153.25999450683594,153.19000244140625,3447500.0,130.19342041015625
2017-07-12,154.24000549316406,153.0500030517578,153.47999572753906,153.6999969482422,3097900.0,130.62686157226562
2017-07-13,154.19000244140625,153.19000244140625,153.6999969482422,153.6300048828125,2476100.0,130.5673828125
2017-07-14,154.6199951171875,153.39999389648438,154.00999450683594,154.24000549316406,3256400.0,131.08578491210938
2017-07-17,153.8800048828125,152.24000549316406,153.58999633789062,153.00999450683594,4762600.0,130.04043579101562
2017-07-18,154.2899932861328,152.0,152.36000061035156,154.0,7566800.0,130.88182067871094
2017-07-19,150.25,146.7100067138672,150.02000427246094,147.52999877929688,14293600.0,125.38307189941406
2017-07-20,148.8300018310547,147.02999877929688,147.52999877929688,147.66000366210938,7212200.0,125.49358367919922
2017-07-21,147.8699951171875,146.50999450683594,147.58999633789062,147.0800018310547,6509500.0,125.00062561035156
2017-07-24,147.0399932861328,145.8000030517578,147.0,145.99000549316406,3877600.0,124.07430267333984
2017-07-25,147.49000549316406,146.02999877929688,146.57000732421875,146.19000244140625,4208900.0,124.24427795410156
2017-07-26,146.4600067138672,144.47000122070312,146.27000427246094,145.36000061035156,3932400.0,123.53885650634766
2017-07-27,145.39999389648438,143.63999938964844,145.0,145.07000732421875,6430800.0,123.29238891601562
2017-07-28,145.0399932861328,143.83999633789062,144.80999755859375,144.2899932861328,3054800.0,122.62945556640625
2017-07-31,144.92999267578125,144.1699981689453,144.3800048828125,144.6699981689453,4355700.0,122.95243072509766
2017-08-01,145.6699981689453,144.72000122070312,145.0,145.3000030517578,3219500.0,123.48786926269531
2017-08-02,145.2899932861328,144.22000122070312,145.1199951171875,144.4499969482422,3540900.0,122.76544952392578
2017-08-03,145.33999633789062,144.42999267578125,144.42999267578125,144.94000244140625,3035400.0,123.1819076538086
2017-08-04,145.38999938964844,144.39999389648438,145.0,145.16000366210938,2549400.0,123.3688735961914
2017-08-07,145.08999633789062,142.75,145.0,143.47000122070312,4618300.0,121.93257141113281
2017-08-08,142.75999450683594,142.0,142.0,142.11000061035156,3298700.0,122.05281066894531
2017-08-09,142.02999877929688,141.19000244140625,141.75,141.77000427246094,2925800.0,121.76080322265625
2017-08-10,142.4199981689453,141.22999572753906,141.63999938964844,141.83999633789062,4525400.0,121.82090759277344
2017-08-11,142.58999633789062,141.52000427246094,142.4499969482422,141.83999633789062,3004000.0,121.82090759277344
2017-08-14,142.75999450683594,141.94000244140625,142.0,142.32000732421875,2248600.0,122.23316192626953
2017-08-15,143.33999633789062,140.5800018310547,142.5500030517578,142.07000732421875,4681500.0,122.01846313476562
2017-08-16,142.91000366210938,141.61000061035156,141.7899932861328,142.5,3287800.0,122.38774871826172
2017-08-17,142.88999938964844,140.6999969482422,142.52000427246094,140.6999969482422,4422100.0,120.84181213378906
2017-08-18,141.14999389648438,139.5800018310547,140.8699951171875,139.6999969482422,4152700.0,119.98297119140625
2017-08-21,140.4199981689453,139.1300048828125,139.58999633789062,140.3300018310547,3190700.0,120.52404022216797
2017-08-22,141.14999389648438,140.3800048828125,140.63999938964844,141.00999450683594,2544400.0,121.1080551147461
2017-08-23,143.0500030517578,140.67999267578125,140.6999969482422,142.13999938964844,4048300.0,122.07857513427734
2017-08-24,143.67999267578125,142.25,142.5,142.94000244140625,3592200.0,122.76565551757812
2017-08-25,144.19000244140625,143.25,143.3000030517578,143.74000549316406,2872900.0,123.4527359008789
2017-08-28,144.55999755859375,142.38999938964844,144.11000061035156,142.50999450683594,5086000.0,122.3963394165039
2017-08-29,143.42999267578125,141.89999389648438,142.10000610351562,143.13999938964844,3009500.0,122.93743896484375
2017-08-30,143.27999877929688,142.41000366210938,143.25999450683594,142.55999755859375,2736000.0,122.4393081665039
2017-08-31,143.66000366210938,142.6300048828125,143.02000427246094,143.02999877929688,3656400.0,122.84294128417969
2017-09-01,144.5,142.97999572753906,142.97999572753906,144.0800018310547,3351700.0,123.74474334716797
2017-09-05,144.36000061035156,142.6999969482422,143.5,143.0399932861328,3097500.0,122.85154724121094
2017-09-06,144.47000122070312,143.5,143.8800048828125,143.82000732421875,3273300.0,123.52147674560547
2017-09-07,144.63999938964844,142.41000366210938,144.10000610351562,142.89999389648438,4188200.0,122.7313003540039
2017-09-08,143.14999389648438,141.63999938964844,143.14999389648438,142.4499969482422,3366200.0,122.34481048583984
2017-09-11,145.1300048828125,143.00999450683594,143.5399932861328,144.86000061035156,4613400.0,124.41466522216797
2017-09-12,146.3699951171875,144.50999450683594,145.11000061035156,145.75999450683594,5238100.0,125.18762969970703
2017-09-13,146.2899932861328,145.33999633789062,145.35000610351562,145.99000549316406,4101000.0,125.38521575927734
2017-09-14,146.3800048828125,145.50999450683594,145.86000061035156,145.5399932861328,3756900.0,124.99872589111328
2017-09-15,145.1699981689453,144.0800018310547,144.82000732421875,144.82000732421875,7397200.0,124.38031768798828
2017-09-18,145.47999572753906,144.27000427246094,144.80999755859375,144.5500030517578,3019500.0,124.14842224121094
2017-09-19,144.97999572753906,144.22000122070312,144.7899932861328,144.38999938964844,3464400.0,124.01101684570312
2017-09-20,145.8800048828125,144.4199981689453,144.92999267578125,145.8800048828125,5447500.0,125.29073333740234
2017-09-21,145.88999938964844,145.10000610351562,145.64999389648438,145.25999450683594,2555600.0,124.75822448730469
2017-09-22,145.58999633789062,144.58999633789062,145.58999633789062,145.1300048828125,2792300.0,124.64656066894531
2017-09-25,146.02999877929688,144.91000366210938,145.1199951171875,145.8699951171875,5213100.0,125.28211212158203
2017-09-26,147.4199981689453,145.94000244140625,146.36000061035156,146.55999755859375,4488600.0,125.8747329711914
2017-09-27,146.89999389648438,145.02999877929688,146.67999267578125,145.66000366210938,3502700.0,125.10176849365234
2017-09-28,145.86000061035156,144.2100067138672,145.66000366210938,145.66000366210938,2774800.0,125.10176849365234
2017-09-29,145.69000244140625,144.9199981689453,145.4499969482422,145.0800018310547,2654700.0,124.6036376953125
2017-10-02,146.8699951171875,145.2100067138672,145.35000610351562,146.66000366210938,2973200.0,125.96063995361328
2017-10-03,147.1999969482422,146.33999633789062,146.69000244140625,146.77999877929688,2302700.0,126.06366729736328
2017-10-04,147.02000427246094,146.11000061035156,147.0,146.47999572753906,2244400.0,125.80601501464844
2017-10-05,147.5399932861328,146.47999572753906,146.67999267578125,146.72000122070312,2686500.0,126.01214599609375
2017-10-06,146.85000610351562,146.32000732421875,146.63999938964844,146.47999572753906,2623200.0,125.80601501464844
2017-10-09,147.7899932861328,146.35000610351562,146.5,147.38999938964844,2682600.0,126.58760833740234
2017-10-10,148.9499969482422,147.64999389648438,147.7100067138672,148.5,4032600.0,127.5409164428711
2017-10-11,148.47000122070312,147.27999877929688,148.39999389648438,147.6199951171875,3702200.0,126.78512573242188
2017-10-12,147.88999938964844,146.77000427246094,147.55999755859375,147.02999877929688,3264300.0,126.2784194946289
2017-10-13,147.85000610351562,146.94000244140625,147.47999572753906,147.10000610351562,2506600.0,126.33853149414062
2017-10-16,147.6699981689453,146.50999450683594,147.22000122070312,146.8300018310547,3052100.0,126.10659790039062
2017-10-17,147.1199951171875,146.17999267578125,146.6300048828125,146.5399932861328,6372400.0,125.85755920410156
2017-10-18,161.22999572753906,156.9499969482422,157.1199951171875,159.52999877929688,30490200.0,137.01419067382812
2017-10-19,160.9600067138672,159.08999633789062,159.8000030517578,160.89999389648438,9914200.0,138.19082641601562
2017-10-20,162.47999572753906,159.77000427246094,161.07000732421875,162.07000732421875,7868800.0,139.1956787109375
2017-10-23,162.50999450683594,159.5399932861328,162.0500030517578,159.5500030517578,5779400.0,137.0313720703125
2017-10-24,159.6999969482422,155.1699981689453,159.64999389648438,155.8800048828125,8194700.0,133.87933349609375
2017-10-25,156.3699951171875,153.05999755859375,156.00999450683594,153.5,6921100.0,131.83523559570312
2017-10-26,155.1199951171875,153.5399932861328,154.30999755859375,153.60000610351562,4300500.0,131.921142578125
2017-10-27,154.6300048828125,152.91000366210938,154.5399932861328,153.67999267578125,4895200.0,131.9898223876953
2017-10-30,154.58999633789062,152.7100067138672,153.75999450683594,154.36000061035156,4210400.0,132.5738525390625
2017-10-31,154.92999267578125,152.92999267578125,154.3300018310547,154.05999755859375,4328300.0,132.31619262695312
2017-11-01,154.89999389648438,153.8300018310547,154.10000610351562,154.02999877929688,3240200.0,132.29043579101562
2017-11-02,154.49000549316406,152.91000366210938,154.17999267578125,153.35000610351562,3397600.0,131.7064208984375
2017-11-03,153.47000122070312,151.49000549316406,153.4199981689453,151.5800018310547,4431800.0,130.1862335205078
2017-11-06,151.82000732421875,150.27999877929688,151.77000427246094,150.83999633789062,4498400.0,129.5506591796875
2017-11-07,151.50999450683594,150.5,151.3699951171875,151.35000610351562,3701100.0,129.98866271972656
2017-11-08,151.7899932861328,150.27999877929688,151.60000610351562,151.57000732421875,4634400.0,130.17764282226562
2017-11-09,151.8000030517578,149.86000061035156,149.92999267578125,150.3000030517578,4776500.0,130.37713623046875
2017-11-10,150.88999938964844,149.13999938964844,150.64999389648438,149.16000366210938,4307300.0,129.3882598876953
2017-11-13,149.0,147.9199981689453,148.8800048828125,148.39999389648438,5107500.0,128.72898864746094
2017-11-14,148.97000122070312,147.49000549316406,147.9499969482422,148.88999938964844,3758000.0,129.154052734375
2017-11-15,148.7100067138672,146.2100067138672,148.0,147.10000610351562,4773300.0,127.60133361816406
2017-11-16,149.64999389648438,147.5,147.72999572753906,149.1199951171875,5446500.0,129.35354614257812
2017-11-17,150.14999389648438,148.8300018310547,149.33999633789062,148.97000122070312,4916500.0,129.2234344482422
2017-11-20,151.9499969482422,149.89999389648438,150.63999938964844,150.50999450683594,5676500.0,130.55931091308594
2017-11-21,152.4499969482422,151.1999969482422,151.3000030517578,151.9499969482422,3756200.0,131.8084259033203
2017-11-22,152.38999938964844,151.3300018310547,152.0,151.77000427246094,3213600.0,131.6522674560547
2017-11-24,152.1999969482422,151.3300018310547,151.9499969482422,151.83999633789062,1193000.0,131.7130126953125
2017-11-27,152.49000549316406,151.6199951171875,152.05999755859375,151.97999572753906,3374000.0,131.83444213867188
2017-11-28,152.92999267578125,151.6999969482422,152.35000610351562,152.47000122070312,3973700.0,132.25950622558594
2017-11-29,153.61000061035156,152.1699981689453,152.80999755859375,153.5500030517578,5098700.0,133.1963348388672
2017-11-30,154.41000366210938,153.0800018310547,153.64999389648438,153.97000122070312,6500800.0,133.5606689453125
2017-12-01,155.02000427246094,152.91000366210938,154.39999389648438,154.75999450683594,5567900.0,134.24595642089844
2017-12-04,156.8000030517578,155.07000732421875,155.9600067138672,156.4600067138672,4664300.0,135.72061157226562
2017-12-05,156.74000549316406,154.67999267578125,156.4499969482422,155.35000610351562,5068000.0,134.75778198242188
2017-12-06,156.22000122070312,154.08999633789062,154.10000610351562,154.10000610351562,3410700.0,133.67344665527344
2017-12-07,154.4499969482422,153.25999450683594,153.58999633789062,153.57000732421875,3771100.0,133.2136993408203
2017-12-08,155.02999877929688,153.5500030517578,154.97999572753906,154.80999755859375,3520300.0,134.28929138183594
2017-12-11,155.88999938964844,154.57000732421875,155.4600067138672,155.41000366210938,4102700.0,134.80978393554688
2017-12-12,157.85000610351562,155.16000366210938,157.3000030517578,156.74000549316406,6321800.0,135.9635009765625
2017-12-13,156.72999572753906,153.88999938964844,156.60000610351562,153.91000366210938,5661600.0,133.50863647460938
2017-12-14,155.11000061035156,153.6999969482422,154.60000610351562,154.0,4637400.0,133.58670043945312
2017-12-15,153.8000030517578,152.02999877929688,153.61000061035156,152.5,11279900.0,132.28553771972656
2017-12-18,154.17999267578125,153.2100067138672,153.58999633789062,153.3300018310547,5092800.0,133.00550842285156
2017-12-19,154.1699981689453,153.08999633789062,154.0500030517578,153.22999572753906,4116400.0,132.91876220703125
2017-12-20,153.88999938964844,152.77999877929688,153.64999389648438,152.9499969482422,3785700.0,132.67588806152344
2017-12-21,153.4600067138672,151.49000549316406,153.1699981689453,151.5,4153900.0,131.41810607910156
2017-12-22,153.0,151.5,151.82000732421875,152.5,2990600.0,132.28553771972656
2017-12-26,153.86000061035156,152.5,152.50999450683594,152.8300018310547,2479000.0,132.57179260253906
2017-12-27,153.17999267578125,152.61000061035156,152.9499969482422,153.1300048828125,2149300.0,132.83204650878906
2017-12-28,154.1199951171875,153.1999969482422,153.1999969482422,154.0399932861328,2687600.0,133.62139892578125
2017-12-29,154.72000122070312,153.4199981689453,154.1699981689453,153.4199981689453,3327100.0,133.0835723876953
2018-01-02,154.80999755859375,153.5399932861328,154.5,154.25,4202500.0,133.80357360839844
2018-01-03,159.80999755859375,156.3300018310547,157.33999633789062,158.49000549316406,9441600.0,137.48153686523438
2018-01-04,162.32000732421875,159.3699951171875,159.64999389648438,161.6999969482422,7556200.0,140.2660369873047
2018-01-05,162.89999389648438,161.10000610351562,162.44000244140625,162.49000549316406,5195800.0,140.95132446289062
2018-01-08,163.91000366210938,161.6999969482422,162.66000366210938,163.47000122070312,5237500.0,141.80142211914062
2018-01-09,164.52999877929688,163.05999755859375,163.89999389648438,163.8300018310547,4341800.0,142.1136932373047
2018-01-10,164.3300018310547,162.5,162.91000366210938,164.17999267578125,4174100.0,142.41729736328125
2018-01-11,164.94000244140625,163.3000030517578,164.8000030517578,164.1999969482422,3794500.0,142.43467712402344
2018-01-12,164.74000549316406,163.02999877929688,164.02000427246094,163.13999938964844,5031900.0,141.51513671875
2018-01-16,165.2899932861328,163.35000610351562,165.10000610351562,163.85000610351562,7794200.0,142.1310577392578
2018-01-17,169.1300048828125,167.25999450683594,168.00999450683594,168.64999389648438,11710000.0,146.29476928710938
2018-01-18,171.1300048828125,168.14999389648438,170.0,169.1199951171875,14259300.0,146.70248413085938
2018-01-19,165.39999389648438,161.3000030517578,164.4600067138672,162.3699951171875,21172500.0,140.8472137451172
2018-01-22,163.97999572753906,161.11000061035156,161.50999450683594,162.60000610351562,8480800.0,141.04673767089844
2018-01-23,166.25999450683594,162.50999450683594,162.82000732421875,166.25,7466200.0,144.21292114257812
2018-01-24,168.72000122070312,164.82000732421875,166.75,165.3699951171875,5645000.0,143.44955444335938
2018-01-25,166.77999877929688,165.19000244140625,165.91000366210938,165.47000122070312,3302500.0,143.5363006591797
2018-01-26,167.41000366210938,165.7899932861328,166.1199951171875,167.33999633789062,3787900.0,145.1584014892578
2018-01-29,168.38999938964844,166.00999450683594,167.4499969482422,166.8000030517578,3517000.0,144.6900177001953
2018-01-30,166.77000427246094,163.16000366210938,166.2100067138672,163.6199951171875,4902300.0,141.93153381347656
2018-01-31,164.99000549316406,162.75999450683594,163.75,163.6999969482422,4072800.0,142.0009307861328
2018-02-01,164.1300048828125,161.89999389648438,163.19000244140625,162.39999389648438,4434200.0,140.8732452392578
2018-02-02,162.0,158.8699951171875,161.6999969482422,159.02999877929688,5251900.0,137.949951171875
2018-02-05,158.5,150.0,157.88999938964844,152.52999877929688,8746600.0,132.3115692138672
2018-02-06,155.49000549316406,149.11000061035156,150.2899932861328,155.33999633789062,9867700.0,134.7490692138672
2018-02-07,155.33999633789062,153.27999877929688,154.1699981689453,153.85000610351562,6149200.0,133.4565887451172
2018-02-08,153.16000366210938,147.5,152.47999572753906,147.58999633789062,6779100.0,129.28689575195312
2018-02-09,150.5399932861328,144.39999389648438,148.60000610351562,149.50999450683594,7828300.0,130.9687957763672
2018-02-12,152.39999389648438,150.3000030517578,150.89999389648438,151.39999389648438,5881400.0,132.62435913085938
2018-02-13,151.17999267578125,149.63999938964844,150.89999389648438,150.75,4891000.0,132.05502319335938
2018-02-14,155.0,150.0,150.19000244140625,154.75999450683594,5479000.0,135.56771850585938
2018-02-15,156.86000061035156,153.6999969482422,155.5,156.00999450683594,5623600.0,136.66270446777344
2018-02-16,157.7899932861328,155.69000244140625,155.7100067138672,156.17999267578125,4282900.0,136.81161499023438
2018-02-20,155.9600067138672,153.8699951171875,155.7899932861328,155.16000366210938,4489600.0,135.91812133789062
2018-02-21,156.7899932861328,153.89999389648438,155.42999267578125,153.9600067138672,3728600.0,134.86691284179688
2018-02-22,155.0399932861328,152.7899932861328,154.5,153.17999267578125,4024600.0,134.18365478515625
2018-02-23,155.85000610351562,154.07000732421875,154.3000030517578,155.52000427246094,3256100.0,136.2334747314453
2018-02-26,158.8800048828125,155.50999450683594,155.80999755859375,158.5800018310547,3610300.0,138.91397094726562
2018-02-27,159.77999877929688,156.52999877929688,158.4600067138672,156.5500030517578,4237300.0,137.1357421875
2018-02-28,158.13999938964844,155.8000030517578,157.5,155.8300018310547,3803500.0,136.5050048828125
2018-03-01,156.97000122070312,152.7899932861328,155.52999877929688,153.80999755859375,4039300.0,134.7355194091797
2018-03-02,154.75999450683594,151.8800048828125,152.7899932861328,154.49000549316406,3261100.0,135.3312225341797
2018-03-05,157.49000549316406,153.75,154.1199951171875,156.9499969482422,3670600.0,137.48609924316406
2018-03-06,157.88999938964844,155.16000366210938,157.27999877929688,155.72000122070312,3685700.0,136.4086456298828
2018-03-07,158.8300018310547,154.72999572753906,155.0,158.32000732421875,4607700.0,138.6862335205078
2018-03-08,159.57000732421875,155.07000732421875,159.0,156.2100067138672,6455600.0,136.83790588378906
2018-03-09,159.5800018310547,157.3000030517578,157.47000122070312,159.30999755859375,5022200.0,139.553466796875
2018-03-12,161.02000427246094,158.8699951171875,159.63999938964844,160.25999450683594,5063500.0,140.3856201171875
2018-03-13,162.11000061035156,158.80999755859375,160.08999633789062,159.32000732421875,4185600.0,139.56222534179688
2018-03-14,160.67999267578125,157.74000549316406,160.1699981689453,158.1199951171875,3631800.0,138.51104736328125
2018-03-15,161.25,158.52000427246094,158.7100067138672,159.61000061035156,3870600.0,139.8162384033203
2018-03-16,161.97999572753906,159.63999938964844,160.05999755859375,160.25999450683594,9262700.0,140.3856201171875
2018-03-19,159.88999938964844,156.4499969482422,159.7100067138672,157.35000610351562,5482000.0,137.8365020751953
2018-03-20,157.92999267578125,155.2899932861328,157.52000427246094,156.1999969482422,4336700.0,136.82913208007812
2018-03-21,158.1999969482422,155.9199981689453,156.57000732421875,156.69000244140625,3482200.0,137.25836181640625
2018-03-22,155.25,152.0,155.0,152.08999633789062,4746300.0,133.22882080078125
2018-03-23,152.5800018310547,148.5399932861328,152.25,148.88999938964844,4440900.0,130.42568969726562
2018-03-26,153.66000366210938,150.27999877929688,151.2100067138672,153.3699951171875,4103900.0,134.35008239746094
2018-03-27,154.8699951171875,151.16000366210938,153.9499969482422,151.91000366210938,3883700.0,133.07115173339844
2018-03-28,153.86000061035156,151.88999938964844,152.07000732421875,152.52000427246094,3664800.0,133.60552978515625
2018-03-29,153.88999938964844,151.0800018310547,153.07000732421875,153.42999267578125,3420000.0,134.40264892578125
2018-04-02,153.3800048828125,148.42999267578125,153.33999633789062,150.07000732421875,5150400.0,131.45933532714844
2018-04-03,151.0,148.3000030517578,150.8000030517578,149.85000610351562,4135700.0,131.26663208007812
2018-04-04,154.47000122070312,147.4499969482422,147.88999938964844,154.1199951171875,4805300.0,135.007080078125
2018-04-05,154.9199981689453,153.33999633789062,154.44000244140625,154.02999877929688,3185400.0,134.92822265625
2018-04-06,153.9499969482422,149.5399932861328,153.4600067138672,150.57000732421875,3672900.0,131.8973388671875
2018-04-09,154.66000366210938,151.74000549316406,151.8000030517578,152.69000244140625,4413200.0,133.75440979003906
2018-04-10,156.60000610351562,154.75,155.02999877929688,155.38999938964844,3806400.0,136.11959838867188
2018-04-11,155.77999877929688,153.8800048828125,154.3699951171875,155.36000061035156,3306500.0,136.0933074951172
2018-04-12,158.97999572753906,156.6699981689453,156.75,158.07000732421875,5639400.0,138.46722412109375
2018-04-13,159.22000122070312,155.91000366210938,158.6699981689453,156.7100067138672,4057100.0,137.27587890625
2018-04-16,159.13999938964844,157.6699981689453,157.99000549316406,157.88999938964844,4186800.0,138.30953979492188
2018-04-17,162.0,158.50999450683594,158.82000732421875,160.91000366210938,10207500.0,140.95504760742188
2018-04-18,152.6300048828125,148.25999450683594,152.13999938964844,148.7899932861328,20381700.0,130.3380584716797
2018-04-19,149.2100067138672,146.6199951171875,149.19000244140625,147.6999969482422,8086100.0,129.38323974609375
2018-04-20,147.97000122070312,144.50999450683594,147.89999389648438,144.89999389648438,8265600.0,126.93048095703125
2018-04-23,145.9600067138672,144.3300018310547,145.02999877929688,145.86000061035156,5315600.0,127.77144622802734
2018-04-24,147.3000030517578,144.52999877929688,146.50999450683594,145.55999755859375,4916500.0,127.50861358642578
2018-04-25,146.39999389648438,144.11000061035156,145.7899932861328,145.94000244140625,7326400.0,127.8415298461914
2018-04-26,147.36000061035156,146.1999969482422,146.60000610351562,146.72000122070312,4265800.0,128.5247802734375
2018-04-27,147.25,145.66000366210938,146.83999633789062,146.47999572753906,3205500.0,128.31454467773438
2018-04-30,147.3800048828125,144.9600067138672,146.86000061035156,144.9600067138672,4415500.0,126.98303985595703
2018-05-01,145.02000427246094,143.47000122070312,144.64999389648438,145.0,4433400.0,127.01809692382812
2018-05-02,144.82000732421875,142.07000732421875,144.4600067138672,142.4499969482422,5194900.0,124.78431701660156
2018-05-03,142.22999572753906,139.89999389648438,142.1300048828125,141.99000549316406,5018600.0,124.38135528564453
2018-05-04,144.35000610351562,140.27999877929688,141.10000610351562,143.91000366210938,4402200.0,126.0632553100586
2018-05-07,144.32000732421875,142.63999938964844,144.0,143.22000122070312,3657000.0,125.45880889892578
2018-05-08,143.50999450683594,142.05999755859375,143.0,143.0,5369100.0,125.26609802246094
2018-05-09,143.02000427246094,141.27999877929688,141.89999389648438,142.61000061035156,4196000.0,126.31122589111328
2018-05-10,144.3300018310547,143.00999450683594,143.14999389648438,144.24000549316406,3726600.0,127.75495910644531
2018-05-11,144.85000610351562,143.5800018310547,144.11000061035156,144.13999938964844,3073200.0,127.66637420654297
2018-05-14,145.1199951171875,144.13999938964844,144.47000122070312,144.3000030517578,3216100.0,127.80809020996094
2018-05-15,143.99000549316406,142.9199981689453,143.5,143.74000549316406,4089400.0,127.31211853027344
2018-05-16,145.02999877929688,143.27000427246094,143.6999969482422,144.6300048828125,3168700.0,128.1003875732422
2018-05-17,145.19000244140625,143.77000427246094,144.5,144.5,3147700.0,127.9852523803711
2018-05-18,144.94000244140625,143.99000549316406,144.47000122070312,144.0800018310547,2682200.0,127.61324310302734
2018-05-21,146.0399932861328,144.67999267578125,144.9499969482422,145.49000549316406,2894700.0,128.86209106445312
2018-05-22,146.1999969482422,145.0,145.52000427246094,145.08999633789062,2284000.0,128.50778198242188
2018-05-23,144.6999969482422,143.47999572753906,144.35000610351562,144.6699981689453,3459700.0,128.1358184814453
2018-05-24,144.47999572753906,142.9499969482422,144.38999938964844,144.07000732421875,3398700.0,127.60440826416016
2018-05-25,144.57000732421875,143.4600067138672,143.89999389648438,143.63999938964844,4914300.0,127.22351837158203
2018-05-29,142.88999938964844,140.2100067138672,142.52999877929688,141.22000122070312,4537600.0,125.08010864257812
2018-05-30,143.10000610351562,141.82000732421875,141.89999389648438,142.6199951171875,5118500.0,126.32009887695312
2018-05-31,142.80999755859375,141.0500030517578,142.80999755859375,141.30999755859375,6830300.0,125.15982055664062
2018-06-01,142.83999633789062,141.6199951171875,142.42999267578125,141.9499969482422,3857500.0,125.7266616821289
2018-06-04,143.1699981689453,142.17999267578125,142.3000030517578,143.0399932861328,3035300.0,126.69210815429688
2018-06-05,144.0800018310547,143.0399932861328,143.0500030517578,143.6999969482422,2836000.0,127.27666473388672
2018-06-06,144.72000122070312,143.5399932861328,144.33999633789062,144.7100067138672,3220100.0,128.17124938964844
2018-06-07,146.6999969482422,144.92999267578125,145.0,145.36000061035156,4316500.0,128.74696350097656
2018-06-08,146.42999267578125,144.3699951171875,145.0,146.13999938964844,5210500.0,129.43780517578125
2018-06-11,147.41000366210938,146.13999938964844,146.6199951171875,146.5800018310547,3260000.0,129.8275146484375
2018-06-12,147.52000427246094,146.6199951171875,147.10000610351562,146.8699951171875,2640500.0,130.0843505859375
2018-06-13,147.47000122070312,146.1999969482422,146.7899932861328,146.35000610351562,2968200.0,129.62380981445312
2018-06-14,146.97999572753906,145.08999633789062,146.64999389648438,145.1999969482422,3326300.0,128.60523986816406
2018-06-15,145.47000122070312,143.6999969482422,144.89999389648438,145.38999938964844,9116000.0,128.77352905273438
2018-06-18,144.52000427246094,143.13999938964844,144.17999267578125,144.47999572753906,4286400.0,127.967529296875
2018-06-19,144.22000122070312,142.9499969482422,143.1199951171875,143.89999389648438,3487000.0,127.45378875732422
2018-06-20,144.52000427246094,142.41000366210938,144.22000122070312,142.6300048828125,3329900.0,126.32897186279297
2018-06-21,143.13999938964844,140.8300018310547,142.58999633789062,141.25,3887700.0,125.10668182373047
2018-06-22,141.80999755859375,140.77999877929688,141.63999938964844,141.27999877929688,5611300.0,125.13324737548828
2018-06-25,140.39999389648438,138.27999877929688,140.39999389648438,138.7899932861328,8937100.0,122.92781829833984
2018-06-26,139.85000610351562,138.3300018310547,139.36000061035156,139.0800018310547,4139500.0,123.18468475341797
2018-06-27,139.77999877929688,137.4499969482422,139.11000061035156,137.47999572753906,4101800.0,121.76754760742188
2018-06-28,140.5399932861328,137.9499969482422,138.10000610351562,140.0399932861328,4523700.0,124.03494262695312
2018-06-29,141.36000061035156,139.61000061035156,140.32000732421875,139.6999969482422,3710100.0,123.73382568359375
2018-07-02,140.22000122070312,138.1999969482422,138.27999877929688,139.86000061035156,3405400.0,123.87552642822266
2018-07-03,140.94000244140625,139.3699951171875,140.64999389648438,139.57000732421875,1963200.0,123.6186752319336
2018-07-05,141.42999267578125,139.92999267578125,140.47999572753906,141.42999267578125,3744700.0,125.26608276367188
2018-07-06,142.94000244140625,141.1699981689453,141.52999877929688,142.47999572753906,2849000.0,126.19611358642578
2018-07-09,144.72000122070312,142.47000122070312,142.58999633789062,144.38999938964844,3904700.0,127.88780975341797
2018-07-10,145.58999633789062,144.25999450683594,144.50999450683594,144.7100067138672,3777000.0,128.17124938964844
2018-07-11,146.19000244140625,144.0,144.0,144.94000244140625,3526600.0,128.3749542236328
2018-07-12,146.8300018310547,145.74000549316406,145.85000610351562,146.4499969482422,3119500.0,129.71238708496094
2018-07-13,146.97999572753906,145.8000030517578,146.4499969482422,145.89999389648438,3062600.0,129.2252197265625
2018-07-16,145.7899932861328,144.2100067138672,145.6699981689453,145.4600067138672,3468800.0,128.8355255126953
2018-07-17,145.0,143.33999633789062,144.75,143.49000549316406,5096700.0,127.09066772460938
2018-07-18,144.8000030517578,142.74000549316406,143.50999450683594,144.52000427246094,6935300.0,128.00294494628906
2018-07-19,150.5399932861328,147.25,147.85000610351562,149.24000549316406,14655800.0,132.1835174560547
2018-07-20,148.86000061035156,146.25999450683594,148.5800018310547,146.35000610351562,6414600.0,129.62380981445312
2018-07-23,146.6999969482422,145.00999450683594,146.35000610351562,145.6999969482422,3897900.0,129.048095703125
2018-07-24,147.0399932861328,145.9199981689453,146.6999969482422,146.3800048828125,3891600.0,129.65036010742188
2018-07-25,146.64999389648438,145.5,146.00999450683594,146.6199951171875,3630900.0,129.86293029785156
2018-07-26,149.27000427246094,146.6300048828125,147.42999267578125,146.7100067138672,4778000.0,129.94268798828125
2018-07-27,147.13999938964844,144.66000366210938,146.88999938964844,145.14999389648438,3749300.0,128.56094360351562
2018-07-30,146.24000549316406,144.69000244140625,144.8000030517578,145.49000549316406,3608200.0,128.86209106445312
2018-07-31,145.8000030517578,144.16000366210938,145.74000549316406,144.92999267578125,5474200.0,128.3660888671875
2018-08-01,145.19000244140625,143.33999633789062,144.75999450683594,143.5,3388400.0,127.09952545166016
2018-08-02,143.36000061035156,142.3300018310547,142.86000061035156,142.9600067138672,3841400.0,126.62122344970703
2018-08-03,147.9199981689453,143.0,143.24000549316406,147.6999969482422,8053600.0,130.8195037841797
2018-08-06,147.1999969482422,145.57000732421875,146.9499969482422,146.02999877929688,3913700.0,129.34036254882812
2018-08-07,147.63999938964844,146.35000610351562,146.64999389648438,147.00999450683594,3508800.0,130.2083740234375
2018-08-08,147.42999267578125,146.24000549316406,147.3300018310547,146.88999938964844,3581100.0,130.10206604003906
2018-08-09,145.94000244140625,144.72999572753906,145.52999877929688,144.77000427246094,3093500.0,129.60968017578125
2018-08-10,145.07000732421875,143.8800048828125,144.5,144.47999572753906,3003100.0,129.3500213623047
2018-08-13,144.3000030517578,142.52999877929688,144.14999389648438,142.7100067138672,2858500.0,127.76541137695312
2018-08-14,143.82000732421875,142.92999267578125,143.0,143.36000061035156,2860000.0,128.34735107421875
2018-08-15,144.0,142.0,142.5500030517578,143.91000366210938,4241500.0,128.83973693847656
2018-08-16,145.67999267578125,144.3699951171875,144.3699951171875,145.33999633789062,5250700.0,130.11997985839844
2018-08-17,146.38999938964844,144.69000244140625,144.7899932861328,146.05999755859375,2678600.0,130.76458740234375
2018-08-20,147.16000366210938,146.14999389648438,146.3699951171875,146.50999450683594,2499700.0,131.16744995117188
2018-08-21,147.1199951171875,145.88999938964844,147.0,145.97000122070312,3106900.0,130.6840057373047
2018-08-22,146.16000366210938,145.19000244140625,146.00999450683594,145.24000549316406,2389000.0,130.0304718017578
2018-08-23,145.52000427246094,144.75,145.0399932861328,145.3699951171875,2220400.0,130.14682006835938
2018-08-24,146.08999633789062,144.8699951171875,145.4600067138672,146.0399932861328,2776600.0,130.74668884277344
2018-08-27,147.6199951171875,146.52000427246094,146.94000244140625,146.69000244140625,3491600.0,131.32861328125
2018-08-28,146.99000549316406,146.19000244140625,146.9499969482422,146.58999633789062,2455300.0,131.2390899658203
2018-08-29,147.92999267578125,146.60000610351562,146.8699951171875,147.5399932861328,3153800.0,132.08961486816406
2018-08-30,147.3000030517578,145.25,147.02999877929688,145.92999267578125,3340400.0,130.648193359375
2018-08-31,146.77999877929688,145.5399932861328,145.72000122070312,146.47999572753906,3488500.0,131.14059448242188
2018-09-04,146.19000244140625,144.80999755859375,145.97999572753906,145.67999267578125,3326200.0,130.42437744140625
2018-09-05,146.75,145.0500030517578,145.19000244140625,146.66000366210938,3126500.0,131.3017578125
2018-09-06,147.66000366210938,145.5399932861328,146.8800048828125,146.38999938964844,4248800.0,131.06004333496094
2018-09-07,146.5,145.1199951171875,145.94000244140625,145.4499969482422,4693100.0,130.2184600830078
2018-09-10,147.3000030517578,145.55999755859375,146.60000610351562,145.64999389648438,3618300.0,130.39752197265625
2018-09-11,146.99000549316406,145.25,146.0,146.49000549316406,3374700.0,131.14955139160156
2018-09-12,147.97999572753906,146.02999877929688,146.3699951171875,146.57000732421875,4506700.0,131.22120666503906
2018-09-13,149.0,147.1199951171875,147.35000610351562,148.9499969482422,5346500.0,133.35194396972656
2018-09-14,149.3000030517578,147.77999877929688,148.85000610351562,148.3300018310547,3452100.0,132.79685974121094
2018-09-17,149.07000732421875,147.77000427246094,148.44000244140625,147.94000244140625,3551900.0,132.44772338867188
2018-09-18,148.99000549316406,147.47000122070312,147.75999450683594,148.55999755859375,3629400.0,133.0028076171875
2018-09-19,149.9600067138672,148.22999572753906,148.6300048828125,149.05999755859375,4246200.0,133.45042419433594
2018-09-20,151.3800048828125,149.44000244140625,149.5800018310547,151.14999389648438,5952200.0,135.32156372070312
2018-09-21,152.60000610351562,150.74000549316406,151.47999572753906,151.35000610351562,19947500.0,135.5006103515625
2018-09-24,151.1999969482422,149.4600067138672,151.10000610351562,150.02999877929688,4265000.0,134.31884765625
2018-09-25,150.41000366210938,148.36000061035156,149.91000366210938,148.91000366210938,4397500.0,133.316162109375
2018-09-26,153.35000610351562,151.33999633789062,152.39999389648438,151.61000061035156,7401900.0,135.7333984375
2018-09-27,152.38999938964844,151.16000366210938,152.00999450683594,151.5,3477600.0,135.6349334716797
2018-09-28,151.6300048828125,150.7899932861328,151.16000366210938,151.2100067138672,3305800.0,135.37530517578125
2018-10-01,153.4199981689453,151.7100067138672,151.7100067138672,153.0,3757400.0,136.9778289794922
2018-10-02,153.83999633789062,152.5,152.99000549316406,153.75,3029900.0,137.64930725097656
2018-10-03,154.36000061035156,152.8000030517578,154.0,153.22000122070312,3315300.0,137.17477416992188
2018-10-04,152.8000030517578,150.36000061035156,151.69000244140625,151.30999755859375,4237900.0,135.46481323242188
2018-10-05,151.7899932861328,147.8699951171875,150.89999389648438,149.02999877929688,4602200.0,133.423583984375
2018-10-08,149.07000732421875,147.17999267578125,148.5,148.38999938964844,3239300.0,132.8505859375
2018-10-09,148.36000061035156,146.92999267578125,148.0800018310547,147.24000549316406,3642400.0,131.82101440429688
2018-10-10,147.69000244140625,142.5,147.5,142.69000244140625,5547700.0,127.74749755859375
2018-10-11,144.19000244140625,138.77999877929688,142.6199951171875,139.02000427246094,8710500.0,124.46180725097656
2018-10-12,141.5399932861328,139.0800018310547,141.1199951171875,140.85000610351562,6563400.0,126.1001968383789
2018-10-15,142.25999450683594,140.13999938964844,140.3800048828125,141.1300048828125,4965500.0,126.35086822509766
2018-10-16,145.4499969482422,141.5800018310547,142.92999267578125,145.1199951171875,8695500.0,129.9230194091797
2018-10-17,137.14999389648438,133.4199981689453,135.88999938964844,134.0500030517578,19464000.0,120.01229095458984
2018-10-18,133.39999389648438,130.0399932861328,132.72999572753906,130.5500030517578,10011700.0,116.87879180908203
2018-10-19,131.88999938964844,127.95999908447266,130.64999389648438,129.10000610351562,7791600.0,115.58064270019531
2018-10-22,130.44000244140625,128.39999389648438,129.5800018310547,130.02000427246094,5719500.0,116.40428924560547
2018-10-23,131.89999389648438,128.41000366210938,129.02000427246094,131.2100067138672,6463600.0,117.46968078613281
2018-10-24,131.69000244140625,127.0,131.1699981689453,127.20999908447266,5710300.0,113.88856506347656
2018-10-25,127.79000091552734,125.13999938964844,127.25,126.44999694824219,10304300.0,113.20813751220703
2018-10-26,125.77999877929688,123.70999908447266,125.20999908447266,124.79000091552734,8767000.0,111.72197723388672
2018-10-29,123.94999694824219,118.30000305175781,119.33999633789062,119.63999938964844,20450400.0,107.11129760742188
2018-10-30,121.5,115.1500015258789,120.4800033569336,115.4000015258789,21458600.0,103.31529235839844
2018-10-31,116.5,114.08999633789062,116.48999786376953,115.43000030517578,21645000.0,103.34217071533203
2018-11-01,117.0,115.11000061035156,115.5,116.83000183105469,13626700.0,104.59555053710938
2018-11-02,117.75,114.54000091552734,117.51000213623047,115.66999816894531,10592700.0,103.55701446533203
2018-11-05,120.7699966430664,116.0,116.0999984741211,120.05999755859375,9144600.0,107.48729705810547
2018-11-06,123.80999755859375,120.30999755859375,120.69999694824219,123.12000274658203,9597400.0,110.22686767578125
2018-11-07,125.05999755859375,122.33000183105469,123.79000091552734,124.83999633789062,12382700.0,111.7667465209961
2018-11-08,124.4000015258789,122.62999725341797,122.66000366210938,123.37999725341797,10396400.0,111.86648559570312
2018-11-09,124.56999969482422,121.95999908447266,123.61000061035156,123.54000091552734,6961800.0,112.01155090332031
2018-11-12,123.56999969482422,120.6500015258789,123.5,120.9000015258789,5379100.0,109.61791229248047
2018-11-13,122.25,119.9000015258789,121.19000244140625,120.83999633789062,4084400.0,109.56351470947266
2018-11-14,121.93000030517578,119.7699966430664,121.11000061035156,120.19999694824219,4762300.0,108.98323822021484
2018-11-15,121.44000244140625,119.51000213623047,119.66000366210938,121.44000244140625,5207900.0,110.1075210571289
2018-11-16,121.8499984741211,120.54000091552734,120.88999938964844,121.56999969482422,4076300.0,110.22538757324219
2018-11-19,122.18000030517578,119.7699966430664,121.62999725341797,120.30999755859375,4131200.0,109.08296966552734
2018-11-20,119.48999786376953,116.69999694824219,118.48999786376953,117.19999694824219,6233800.0,106.26318359375
2018-11-21,119.51000213623047,117.38999938964844,117.61000061035156,118.56999969482422,5335800.0,107.50534057617188
2018-11-23,118.33999633789062,116.91000366210938,118.08999633789062,117.19000244140625,2334700.0,106.25411224365234
2018-11-26,120.25,118.05999755859375,118.37000274658203,119.55999755859375,5011100.0,108.4029541015625
2018-11-27,120.04000091552734,118.37000274658203,118.37999725341797,120.02999877929688,4903800.0,108.82909393310547
2018-11-28,123.08999633789062,120.22000122070312,121.01000213623047,123.0,5104500.0,111.52194213867188
2018-11-29,123.12000274658203,121.4000015258789,122.44000244140625,121.4800033569336,5200100.0,110.14379119873047
2018-11-30,124.69000244140625,121.4800033569336,121.66000366210938,124.2699966430664,7251600.0,112.67344665527344
2018-12-03,126.58999633789062,124.36000061035156,125.66999816894531,125.30999755859375,5846400.0,113.61637878417969
2018-12-04,124.91999816894531,121.33000183105469,124.48999786376953,121.5999984741211,6000700.0,110.25257873535156
2018-12-06,123.91000366210938,119.30000305175781,119.72000122070312,123.91000366210938,6938000.0,112.34703063964844
2018-12-07,124.05000305175781,118.87000274658203,123.9000015258789,119.33999633789062,7019600.0,108.20348358154297
2018-12-10,121.68000030517578,118.5199966430664,119.73999786376953,121.12999725341797,6549500.0,109.82645416259766
2018-12-11,123.80999755859375,120.0,123.25,120.88999938964844,5043100.0,109.60884857177734
2018-12-12,122.87999725341797,121.0,122.51000213623047,121.16000366210938,3560500.0,109.85365295410156
2018-12-13,121.79000091552734,120.16999816894531,121.26000213623047,120.7300033569336,3993600.0,109.46378326416016
2018-12-14,121.11000061035156,119.44000244140625,119.5,119.9000015258789,4554200.0,108.71121978759766
2018-12-17,119.77999877929688,115.06999969482422,119.06999969482422,116.0999984741211,7374500.0,105.26583099365234
2018-12-18,118.2300033569336,116.0199966430664,116.9000015258789,116.6500015258789,6290200.0,105.76451110839844
2018-12-19,120.2699966430664,115.97000122070312,117.1500015258789,116.43000030517578,6979800.0,105.56504821777344
2018-12-20,116.44999694824219,111.69999694824219,115.69999694824219,113.0199966430664,8454400.0,102.47325134277344
2018-12-21,115.27999877929688,110.44000244140625,112.5,110.94000244140625,10386500.0,100.58735656738281
2018-12-24,111.0,107.5,109.9000015258789,107.56999969482422,3821400.0,97.53182983398438
2018-12-26,111.38999938964844,105.94000244140625,108.0,111.38999938964844,6645800.0,100.995361328125
2018-12-27,113.77999877929688,109.47000122070312,109.98999786376953,113.77999877929688,6045600.0,103.16233825683594
2018-12-28,114.80000305175781,112.5,114.22000122070312,113.02999877929688,5117500.0,102.4823226928711
2018-12-31,114.3499984741211,112.41999816894531,113.33000183105469,113.66999816894531,4982800.0,103.0625991821289
2019-01-02,115.9800033569336,111.69000244140625,112.01000213623047,115.20999908447266,4239900.0,104.4588851928711
2019-01-03,114.87999725341797,112.69000244140625,114.52999877929688,112.91000366210938,4346700.0,102.37351989746094
2019-01-04,117.48999786376953,114.44000244140625,114.91000366210938,117.31999969482422,4477800.0,106.37199401855469
2019-01-07,118.83000183105469,116.66999816894531,117.5,118.1500015258789,3751200.0,107.12452697753906
2019-01-08,120.56999969482422,118.9800033569336,119.66000366210938,119.83000183105469,4763600.0,108.64775848388672
2019-01-09,121.4000015258789,119.87000274658203,120.91000366210938,120.69000244140625,3633700.0,109.4275131225586
2019-01-10,121.86000061035156,119.94999694824219,120.08000183105469,121.79000091552734,3910000.0,110.42485809326172
2019-01-11,121.62000274658203,120.19999694824219,121.58000183105469,121.45999908447266,3722400.0,110.12567138671875
2019-01-14,120.6500015258789,119.76000213623047,120.51000213623047,120.38999938964844,5228700.0,109.15550231933594
2019-01-15,121.93000030517578,120.81999969482422,120.95999908447266,121.7300033569336,3507500.0,110.37046813964844
2019-01-16,122.0,120.83000183105469,121.58000183105469,121.62000274658203,3841100.0,110.27072143554688
2019-01-17,122.41000366210938,120.55000305175781,120.55999755859375,122.19000244140625,5029900.0,110.78753662109375
2019-01-18,124.72000122070312,122.70999908447266,123.2699966430664,123.81999969482422,6008500.0,112.26541900634766
2019-01-22,123.80000305175781,121.54000091552734,123.30000305175781,122.5199966430664,10052400.0,111.08673095703125
2019-01-23,135.0,130.30999755859375,131.3699951171875,132.88999938964844,22063700.0,120.4890365600586
2019-01-24,133.2100067138672,131.42999267578125,132.6300048828125,132.52999877929688,6322900.0,120.16262817382812
2019-01-25,134.44000244140625,132.42999267578125,132.8699951171875,133.97000122070312,5707400.0,121.46824645996094
2019-01-28,134.80999755859375,132.5800018310547,133.10000610351562,134.27000427246094,5357700.0,121.74026489257812
2019-01-29,135.41000366210938,133.60000610351562,134.2899932861328,134.3300018310547,5037100.0,121.79464721679688
2019-01-30,135.02999877929688,133.25,134.0,134.3800048828125,4500900.0,121.8399887084961
2019-01-31,134.72000122070312,133.74000549316406,134.4499969482422,134.4199981689453,4884000.0,121.87625122070312
2019-02-01,135.1999969482422,133.35000610351562,134.97000122070312,134.10000610351562,3806000.0,121.58612823486328
2019-02-04,135.1999969482422,132.99000549316406,134.02000427246094,135.19000244140625,3966600.0,122.57439422607422
2019-02-05,135.82000732421875,134.9199981689453,135.27999877929688,135.5500030517578,5398900.0,122.90081024169922
2019-02-06,136.64999389648438,135.1699981689453,135.22000122070312,136.32000732421875,4879700.0,123.59896087646484
2019-02-07,134.47000122070312,132.1199951171875,133.5500030517578,133.19000244140625,4379400.0,122.16804504394531
2019-02-08,133.7100067138672,132.19000244140625,132.33999633789062,133.7100067138672,3249800.0,122.64501190185547
2019-02-11,135.14999389648438,133.91000366210938,134.2899932861328,133.99000549316406,3095100.0,122.90185546875
2019-02-12,136.1999969482422,134.86000061035156,135.14999389648438,136.0500030517578,3317200.0,124.79137420654297
2019-02-13,137.9199981689453,136.41000366210938,136.9199981689453,137.52000427246094,4253000.0,126.13973999023438
2019-02-14,137.60000610351562,136.2100067138672,137.1699981689453,136.47999572753906,2789400.0,125.18578338623047
2019-02-15,138.19000244140625,137.38999938964844,137.5800018310547,138.02999877929688,3844100.0,126.60752868652344
2019-02-19,138.6999969482422,137.36000061035156,137.80999755859375,138.6999969482422,3385700.0,127.22208404541016
2019-02-20,139.24000549316406,137.22000122070312,138.75999450683594,138.0,3802000.0,126.58000946044922
2019-02-21,138.35000610351562,137.35000610351562,137.82000732421875,137.83999633789062,2937300.0,126.4332504272461
2019-02-22,139.3800048828125,138.42999267578125,138.72999572753906,139.25,3113700.0,127.72659301757812
2019-02-25,140.47000122070312,139.32000732421875,140.0,139.4600067138672,3194200.0,127.91918182373047
2019-02-26,140.49000549316406,139.47000122070312,139.6699981689453,139.72000122070312,3060400.0,128.1576690673828
2019-02-27,139.57000732421875,138.39999389648438,139.25,139.1699981689453,2530900.0,127.6531982421875
2019-02-28,139.05999755859375,137.72000122070312,138.77000427246094,138.1300048828125,3457800.0,126.69927215576172
2019-03-01,140.0399932861328,138.63999938964844,139.30999755859375,139.1999969482422,3030000.0,127.68070220947266
2019-03-04,140.0800018310547,137.1699981689453,139.99000549316406,138.42999267578125,3406900.0,126.97444152832031
2019-03-05,138.74000549316406,137.55999755859375,138.3699951171875,137.8800048828125,4250300.0,126.46995544433594
2019-03-06,138.38999938964844,136.72000122070312,138.1199951171875,136.97999572753906,2768300.0,125.64441680908203
2019-03-07,136.88999938964844,134.6300048828125,136.61000061035156,135.36000061035156,4358800.0,124.15847778320312
2019-03-08,135.24000549316406,133.5800018310547,134.2100067138672,135.08999633789062,3773600.0,123.91082000732422
2019-03-11,137.72999572753906,135.83999633789062,136.02999877929688,137.7100067138672,3939300.0,126.31401062011719
2019-03-12,139.6999969482422,137.86000061035156,138.52000427246094,138.27999877929688,3954700.0,126.83683776855469
2019-03-13,139.32000732421875,137.85000610351562,138.0500030517578,138.55999755859375,3173200.0,127.09365844726562
2019-03-14,138.94000244140625,138.05999755859375,138.50999450683594,138.7899932861328,2738600.0,127.30462646484375
2019-03-15,140.3300018310547,139.22999572753906,139.3699951171875,139.42999267578125,7153700.0,127.89163970947266
2019-03-18,140.3699951171875,138.72000122070312,139.8300018310547,140.2100067138672,3268500.0,128.60711669921875
2019-03-19,141.6999969482422,140.0,140.9600067138672,140.49000549316406,3482300.0,128.86395263671875
2019-03-20,140.6999969482422,138.97999572753906,140.52999877929688,139.60000610351562,3649500.0,128.047607421875
2019-03-21,142.1199951171875,138.8800048828125,139.10000610351562,141.44000244140625,3605400.0,129.73533630371094
2019-03-22,141.44000244140625,138.89999389648438,140.97000122070312,139.4499969482422,3877200.0,127.9100112915039
2019-03-25,139.91000366210938,138.35000610351562,139.05999755859375,139.17999267578125,2839800.0,127.6623306274414
2019-03-26,141.02000427246094,139.4199981689453,139.92999267578125,140.22000122070312,2553700.0,128.6162872314453
2019-03-27,140.49000549316406,138.39999389648438,140.41000366210938,139.24000549316406,3098200.0,127.71739196777344
2019-03-28,140.44000244140625,139.10000610351562,139.91000366210938,139.9199981689453,2663900.0,128.3411102294922
2019-03-29,141.22000122070312,140.14999389648438,140.5,141.10000610351562,3101400.0,129.42347717285156
2019-04-01,143.41000366210938,141.50999450683594,141.50999450683594,143.3000030517578,3984300.0,131.44140625
2019-04-02,143.9499969482422,142.60000610351562,143.35000610351562,143.0,2404800.0,131.16622924804688
2019-04-03,144.22000122070312,143.00999450683594,143.64999389648438,143.6300048828125,2681200.0,131.74412536621094
2019-04-04,144.13999938964844,142.5399932861328,143.6199951171875,142.77999877929688,2771100.0,130.96446228027344
2019-04-05,143.5,142.4600067138672,143.2899932861328,143.27999877929688,2731800.0,131.42306518554688
2019-04-08,143.4199981689453,142.8699951171875,143.02000427246094,143.38999938964844,2118200.0,131.5239715576172
2019-04-09,142.9499969482422,141.83999633789062,142.66000366210938,142.11000061035156,3038500.0,130.3498992919922
2019-04-10,143.5,141.97999572753906,142.1999969482422,143.02000427246094,2678000.0,131.18458557128906
2019-04-11,144.11000061035156,143.02999877929688,143.8000030517578,143.77999877929688,2942000.0,131.88169860839844
2019-04-12,144.44000244140625,143.6999969482422,144.25999450683594,144.35000610351562,2898900.0,132.40451049804688
2019-04-15,144.4600067138672,143.27000427246094,144.39999389648438,143.89999389648438,3603200.0,131.99176025390625
2019-04-16,145.38999938964844,144.02000427246094,144.39999389648438,145.13999938964844,6301700.0,133.12911987304688
2019-04-17,141.97999572753906,136.25999450683594,137.3699951171875,139.11000061035156,12525700.0,127.59815216064453
2019-04-18,140.49000549316406,138.6999969482422,139.0,140.3300018310547,4960000.0,128.7172088623047
2019-04-22,140.55999755859375,138.47999572753906,139.4199981689453,138.88999938964844,4494000.0,127.39634704589844
2019-04-23,140.9199981689453,138.94000244140625,139.14999389648438,140.44000244140625,4462200.0,128.81808471679688
2019-04-24,141.30999755859375,139.77999877929688,140.60000610351562,139.9499969482422,2774900.0,128.36863708496094
2019-04-25,139.75,137.7100067138672,139.6999969482422,138.6300048828125,2910100.0,127.15788269042969
2019-04-26,139.88999938964844,138.80999755859375,139.33999633789062,139.44000244140625,2319800.0,127.90084075927734
2019-04-29,139.6300048828125,138.80999755859375,139.14999389648438,139.0500030517578,2958300.0,127.54312133789062
2019-04-30,140.44000244140625,138.67999267578125,139.11000061035156,140.27000427246094,4638800.0,128.66217041015625
2019-05-01,141.80999755859375,140.1699981689453,140.5500030517578,140.55999755859375,3053700.0,128.92813110351562
2019-05-02,141.27999877929688,139.41000366210938,140.5,139.58999633789062,3541400.0,128.03842163085938
2019-05-03,141.0,139.6300048828125,139.6999969482422,140.25,2579900.0,128.643798828125
2019-05-06,140.69000244140625,137.89999389648438,138.3000030517578,140.3800048828125,2793300.0,128.76307678222656
2019-05-07,139.50999450683594,136.19000244140625,139.14999389648438,137.63999938964844,4726800.0,126.24980926513672
2019-05-08,138.6999969482422,137.1300048828125,137.77000427246094,138.0,3818900.0,126.58000946044922
2019-05-09,135.5800018310547,133.02999877929688,134.88999938964844,135.33999633789062,4192700.0,125.61474609375
2019-05-10,135.75,132.4199981689453,134.8800048828125,135.32000732421875,3977600.0,125.59618377685547
2019-05-13,133.57000732421875,130.9600067138672,133.27999877929688,131.4199981689453,4958000.0,121.9764175415039
2019-05-14,134.32000732421875,131.67999267578125,131.82000732421875,133.30999755859375,3280400.0,123.73059844970703
2019-05-15,134.58999633789062,132.3699951171875,132.58999633789062,134.39999389648438,2551000.0,124.7422866821289
2019-05-16,136.11000061035156,134.63999938964844,134.74000549316406,135.8800048828125,3017300.0,126.11595153808594
2019-05-17,135.41000366210938,133.94000244140625,134.67999267578125,134.32000732421875,2619100.0,124.66803741455078
2019-05-20,135.42999267578125,132.92999267578125,133.52999877929688,135.1199951171875,3264500.0,125.41053771972656
2019-05-21,137.05999755859375,135.7899932861328,136.1199951171875,136.4499969482422,2503500.0,126.6449966430664
2019-05-22,136.75,135.7100067138672,136.0,136.35000610351562,1849800.0,126.55216979980469
2019-05-23,135.1300048828125,130.44000244140625,135.1300048828125,132.38999938964844,5343400.0,122.87671661376953
2019-05-24,134.25,131.58999633789062,133.52999877929688,132.27999877929688,2596100.0,122.77462768554688
2019-05-28,132.63999938964844,130.27000427246094,132.1300048828125,130.4600067138672,4908800.0,121.08541870117188
2019-05-29,130.27999877929688,128.32000732421875,130.0,129.69000244140625,3679000.0,120.37074279785156
2019-05-30,129.97000122070312,128.92999267578125,129.74000549316406,129.57000732421875,2741900.0,120.25936126708984
2019-05-31,128.44000244140625,126.8499984741211,128.44000244140625,126.98999786376953,3539300.0,117.86476135253906
2019-06-03,128.55999755859375,127.05999755859375,127.0999984741211,128.27000427246094,4266900.0,119.05278778076172
2019-06-04,132.74000549316406,129.08999633789062,129.55999755859375,132.69000244140625,3913500.0,123.15515899658203
2019-06-05,133.61000061035156,130.47000122070312,133.3800048828125,131.49000549316406,3161300.0,122.0414047241211
2019-06-06,132.64999389648438,130.89999389648438,132.19000244140625,132.22000122070312,2298200.0,122.71895599365234
2019-06-07,134.72000122070312,132.2100067138672,132.47000122070312,133.30999755859375,2553400.0,123.73059844970703
2019-06-10,135.35000610351562,133.91000366210938,134.3800048828125,134.74000549316406,2911300.0,125.05785369873047
2019-06-11,136.4600067138672,135.0500030517578,135.32000732421875,135.9499969482422,3407300.0,126.180908203125
2019-06-12,135.94000244140625,134.41000366210938,135.55999755859375,134.8699951171875,2254700.0,125.17850494384766
2019-06-13,136.27000427246094,135.08999633789062,135.1300048828125,135.75999450683594,2955300.0,126.00454711914062
2019-06-14,135.8800048828125,134.42999267578125,135.44000244140625,135.14999389648438,2193300.0,125.4383773803711
2019-06-17,136.02999877929688,134.6999969482422,135.38999938964844,134.9499969482422,2194100.0,125.25276184082031
2019-06-18,137.19000244140625,135.1999969482422,135.1999969482422,136.3800048828125,2914700.0,126.58000946044922
2019-06-19,138.36000061035156,136.24000549316406,136.42999267578125,137.0800018310547,2382400.0,127.22972106933594
2019-06-20,139.5399932861328,138.1999969482422,138.92999267578125,138.85000610351562,3071000.0,128.8725128173828
2019-06-21,139.5399932861328,138.38999938964844,138.44000244140625,139.1999969482422,5288700.0,129.19737243652344
2019-06-24,140.14999389648438,139.0500030517578,139.1999969482422,139.35000610351562,2186000.0,129.33660888671875
2019-06-25,139.5500030517578,138.1300048828125,139.4600067138672,138.36000061035156,2801200.0,128.417724609375
2019-06-26,139.67999267578125,138.41000366210938,138.8699951171875,138.52000427246094,2284600.0,128.56625366210938
2019-06-27,139.3000030517578,137.9499969482422,138.72000122070312,138.52000427246094,2149800.0,128.56625366210938
2019-06-28,139.13999938964844,137.83999633789062,138.57000732421875,137.89999389648438,6153900.0,127.99076843261719
2019-07-01,141.49000549316406,139.27999877929688,139.60000610351562,139.8800048828125,3377700.0,129.82852172851562
2019-07-02,140.42999267578125,139.47000122070312,139.75,140.22000122070312,2409700.0,130.14407348632812
2019-07-03,141.82000732421875,140.42999267578125,140.72000122070312,141.5399932861328,1930400.0,131.36920166015625
2019-07-05,141.49000549316406,139.91000366210938,140.8699951171875,141.3800048828125,2134700.0,131.22071838378906
2019-07-08,141.2899932861328,140.27000427246094,141.0500030517578,140.57000732421875,2395300.0,130.4689178466797
2019-07-09,140.99000549316406,139.1300048828125,140.61000061035156,139.3300018310547,3365200.0,129.3180389404297
2019-07-10,141.91000366210938,139.7899932861328,140.0,140.47000122070312,2513900.0,130.3760986328125
2019-07-11,141.5800018310547,140.3000030517578,140.7899932861328,141.24000549316406,2132900.0,131.09078979492188
2019-07-12,142.9199981689453,141.66000366210938,141.9199981689453,142.74000549316406,2786200.0,132.48300170898438
2019-07-15,143.50999450683594,142.1199951171875,142.88999938964844,143.32000732421875,2368300.0,133.02134704589844
2019-07-16,144.0399932861328,143.02000427246094,143.1699981689453,143.52999877929688,3474700.0,133.2162322998047
2019-07-17,143.8000030517578,141.9499969482422,143.61000061035156,143.07000732421875,6064300.0,132.789306640625
2019-07-18,150.30999755859375,142.1999969482422,142.5,149.6300048828125,12695400.0,138.87789916992188
2019-07-19,151.5800018310547,149.5500030517578,149.9600067138672,149.67999267578125,7290700.0,138.92428588867188
2019-07-22,151.94000244140625,149.6999969482422,150.16000366210938,149.74000549316406,4092600.0,138.97998046875
2019-07-23,150.72000122070312,148.3800048828125,150.57000732421875,150.3800048828125,3742200.0,139.5740203857422
2019-07-24,151.4499969482422,149.1999969482422,150.1199951171875,150.02999877929688,2952400.0,139.2491455078125
2019-07-25,150.6199951171875,148.61000061035156,149.82000732421875,150.38999938964844,3102100.0,139.58328247070312
2019-07-26,151.41000366210938,150.10000610351562,151.0,151.36000061035156,2904300.0,140.4835662841797
2019-07-29,151.47999572753906,150.32000732421875,151.11000061035156,150.8800048828125,2075500.0,140.03807067871094
2019-07-30,150.39999389648438,149.22000122070312,150.0,149.77000427246094,2632700.0,139.00784301757812
2019-07-31,150.17999267578125,146.38999938964844,149.6999969482422,148.24000549316406,3722900.0,137.58778381347656
2019-08-01,152.82000732421875,148.5,148.89999389648438,150.32000732421875,6344000.0,139.51832580566406
2019-08-02,152.9499969482422,145.58999633789062,149.02999877929688,147.25,8101700.0,136.66891479492188
2019-08-05,145.10000610351562,139.14999389648438,144.97999572753906,140.75999450683594,7114900.0,130.64527893066406
2019-08-06,142.47000122070312,139.30999755859375,142.02999877929688,140.72999572753906,5070700.0,130.617431640625
2019-08-07,139.5800018310547,136.41000366210938,138.74000549316406,139.11000061035156,5931900.0,129.1138458251953
2019-08-08,140.4199981689453,137.75999450683594,138.4499969482422,140.10000610351562,5261100.0,131.56483459472656
2019-08-09,139.30999755859375,135.35000610351562,139.27000427246094,136.1300048828125,5244600.0,127.83667755126953
2019-08-12,135.8699951171875,133.17999267578125,135.66000366210938,134.1199951171875,3895600.0,125.94914245605469
2019-08-13,136.57000732421875,132.80999755859375,133.8000030517578,135.7899932861328,4522100.0,127.51738739013672
2019-08-14,134.16000366210938,130.97999572753906,133.91000366210938,131.25,5114200.0,123.25399017333984
2019-08-15,132.3699951171875,130.25,131.22000122070312,131.9199981689453,3738900.0,123.88317108154297
2019-08-16,134.58999633789062,132.9499969482422,133.0399932861328,133.75999450683594,3012000.0,125.6110610961914
2019-08-19,136.3300018310547,134.8800048828125,134.8800048828125,135.0399932861328,3165100.0,126.81309509277344
2019-08-20,135.27999877929688,132.80999755859375,135.24000549316406,133.0,3018600.0,124.89738464355469
2019-08-21,135.94000244140625,133.8000030517578,134.9600067138672,134.25,2805700.0,126.07122039794922
2019-08-22,135.67999267578125,133.80999755859375,134.69000244140625,134.32000732421875,2694900.0,126.13695526123047
2019-08-23,134.25999450683594,128.8300018310547,133.6300048828125,129.57000732421875,4818400.0,121.67633819580078
2019-08-26,131.3000030517578,129.16000366210938,131.0500030517578,129.99000549316406,2833900.0,122.07076263427734
2019-08-27,131.6999969482422,130.30999755859375,131.1999969482422,131.1699981689453,4728000.0,123.1788558959961
2019-08-28,132.88999938964844,130.0399932861328,130.44000244140625,132.75999450683594,2713600.0,124.6719741821289
2019-08-29,135.69000244140625,134.0399932861328,134.17999267578125,134.8800048828125,2971800.0,126.66285705566406
2019-08-30,136.07000732421875,134.36000061035156,135.5800018310547,135.52999877929688,2960600.0,127.27323913574219
2019-09-03,134.89999389648438,133.3300018310547,134.85000610351562,134.10000610351562,2827900.0,125.93035888671875
2019-09-04,136.42999267578125,135.14999389648438,135.7100067138672,136.32000732421875,2247900.0,128.01512145996094
2019-09-05,141.6999969482422,138.0500030517578,138.3000030517578,140.97000122070312,5011600.0,132.3818359375
2019-09-06,141.52999877929688,140.4600067138672,141.52000427246094,140.57000732421875,2576800.0,132.00619506835938
2019-09-09,143.02000427246094,140.4600067138672,140.58999633789062,142.60000610351562,4226600.0,133.91253662109375
2019-09-10,145.4600067138672,142.9600067138672,143.0,145.0500030517578,4979700.0,136.21327209472656
2019-09-11,145.1199951171875,142.7100067138672,144.85000610351562,143.60000610351562,3869700.0,134.85162353515625
2019-09-12,144.0399932861328,141.8800048828125,144.02999877929688,143.6199951171875,2505400.0,134.87039184570312
2019-09-13,144.64999389648438,143.25999450683594,144.32000732421875,143.6699981689453,2206600.0,134.91732788085938
2019-09-16,143.63999938964844,142.27000427246094,142.55999755859375,142.47999572753906,1928500.0,133.79983520507812
2019-09-17,142.47999572753906,140.66000366210938,142.47999572753906,142.1999969482422,2933200.0,133.53688049316406
2019-09-18,142.3000030517578,140.50999450683594,142.0500030517578,142.22000122070312,1983600.0,133.5556640625
2019-09-19,145.02999877929688,142.4499969482422,142.4600067138672,142.97000122070312,3089900.0,134.25997924804688
2019-09-20,143.8300018310547,141.82000732421875,143.25,141.8800048828125,5193400.0,133.23638916015625
2019-09-23,142.22000122070312,140.55999755859375,141.19000244140625,142.07000732421875,1817900.0,133.41482543945312
2019-09-24,142.88999938964844,141.07000732421875,142.5,141.67999267578125,3231600.0,133.04855346679688
2019-09-25,143.6300048828125,140.86000061035156,141.74000549316406,143.16000366210938,2526700.0,134.4384002685547
2019-09-26,143.8800048828125,141.41000366210938,143.1699981689453,143.5500030517578,2309800.0,134.8046417236328
2019-09-27,145.08999633789062,142.3800048828125,144.41000366210938,143.24000549316406,2356800.0,134.51351928710938
2019-09-30,146.57000732421875,143.72999572753906,143.72999572753906,145.4199981689453,3988400.0,136.5607147216797
2019-10-01,147.35000610351562,143.5399932861328,145.58999633789062,143.66000366210938,2960800.0,134.907958984375
2019-10-02,142.27000427246094,140.57000732421875,142.19000244140625,141.69000244140625,3340800.0,133.05795288085938
2019-10-03,142.07000732421875,139.17999267578125,141.6199951171875,142.02000427246094,2928800.0,133.3678436279297
2019-10-04,143.05999755859375,141.02999877929688,142.05999755859375,142.99000549316406,2413600.0,134.27877807617188
2019-10-07,142.6999969482422,141.22000122070312,142.25999450683594,141.27999877929688,2426500.0,132.67294311523438
2019-10-08,140.47000122070312,138.25,140.24000549316406,138.3800048828125,3225400.0,129.9496307373047
2019-10-09,140.3300018310547,138.7899932861328,139.77000427246094,139.6699981689453,2620800.0,131.1610107421875
2019-10-10,141.77999877929688,139.55999755859375,139.77000427246094,141.1300048828125,2593700.0,132.53208923339844
2019-10-11,144.5,142.61000061035156,142.77000427246094,142.75999450683594,2996800.0,134.06277465820312
2019-10-14,142.42999267578125,141.32000732421875,142.30999755859375,142.0399932861328,2309500.0,133.38662719726562
2019-10-15,143.72000122070312,141.80999755859375,142.5399932861328,143.0,3025500.0,134.28814697265625
2019-10-16,142.9499969482422,141.38999938964844,142.49000549316406,142.11000061035156,5332600.0,133.45237731933594
2019-10-17,136.0,132.91000366210938,135.0,134.25999450683594,15759800.0,126.08059692382812
2019-10-18,134.49000549316406,132.25,134.22000122070312,134.08999633789062,7177500.0,125.92096710205078
2019-10-21,133.10000610351562,130.89999389648438,132.61000061035156,132.5800018310547,6306100.0,124.50296020507812
2019-10-22,134.0500030517578,131.61000061035156,132.5500030517578,133.9600067138672,4161600.0,125.79888916015625
2019-10-23,134.57000732421875,132.6999969482422,133.52000427246094,134.3800048828125,3610900.0,126.19330596923828
2019-10-24,135.07000732421875,133.3000030517578,134.8300018310547,134.07000732421875,2598500.0,125.9021987915039
2019-10-25,135.92999267578125,134.10000610351562,134.1199951171875,135.44000244140625,2579100.0,127.18871307373047
2019-10-28,136.6300048828125,135.4499969482422,136.0,135.97000122070312,3225700.0,127.6864242553711
2019-10-29,135.57000732421875,133.44000244140625,135.4199981689453,133.82000732421875,4160700.0,125.66743469238281
2019-10-30,135.27999877929688,133.1999969482422,133.8300018310547,135.25,2252700.0,127.01030731201172
2019-10-31,135.25,133.22999572753906,135.11000061035156,133.72999572753906,3412100.0,125.58290100097656
2019-11-01,135.55999755859375,134.08999633789062,134.5,135.52999877929688,3089800.0,127.27323913574219
2019-11-04,137.74000549316406,136.22999572753906,136.24000549316406,137.6699981689453,3335400.0,129.28286743164062
2019-11-05,138.75999450683594,137.6300048828125,137.8000030517578,137.88999938964844,3015000.0,129.4894561767578
2019-11-06,138.77999877929688,137.5500030517578,138.0,138.77999877929688,4477300.0,130.3252410888672
2019-11-07,139.13999938964844,137.5800018310547,137.8699951171875,137.69000244140625,4073800.0,130.82884216308594
2019-11-08,137.61000061035156,136.16000366210938,137.5800018310547,137.61000061035156,2278400.0,130.7528076171875
2019-11-11,137.1999969482422,135.0,137.1999969482422,135.47000122070312,2568000.0,128.71946716308594
2019-11-12,136.66000366210938,135.02000427246094,135.8699951171875,135.58999633789062,3046500.0,128.83348083496094
2019-11-13,135.5800018310547,133.85000610351562,135.38999938964844,134.47999572753906,2918400.0,127.7787857055664
2019-11-14,134.3300018310547,133.3300018310547,134.1300048828125,134.0,4231300.0,127.32270050048828
2019-11-15,135.1199951171875,134.02999877929688,134.38999938964844,134.39999389648438,3262500.0,127.7027816772461
2019-11-18,134.47999572753906,133.22999572753906,134.3000030517578,134.30999755859375,3210400.0,127.61726379394531
2019-11-19,135.3800048828125,134.4600067138672,134.8800048828125,134.52000427246094,2995000.0,127.81681060791016
2019-11-20,134.4600067138672,132.75,134.05999755859375,133.1999969482422,4138200.0,126.56257629394531
2019-11-21,134.1699981689453,132.97999572753906,133.39999389648438,133.83999633789062,3345300.0,127.17068481445312
2019-11-22,134.64999389648438,133.58999633789062,134.19000244140625,134.33999633789062,3297500.0,127.64575958251953
2019-11-25,136.0,134.35000610351562,134.47000122070312,135.97000122070312,2590100.0,129.1945343017578
2019-11-26,136.14999389648438,134.77000427246094,136.14999389648438,135.08999633789062,3793200.0,128.35838317871094
2019-11-27,135.7100067138672,133.6199951171875,135.35000610351562,133.77000427246094,3280900.0,127.10417175292969
2019-11-29,134.52000427246094,133.02999877929688,133.60000610351562,134.4499969482422,1825300.0,127.75028228759766
2019-12-02,134.5,132.47999572753906,134.4499969482422,132.91000366210938,3067100.0,126.28703308105469
2019-12-03,132.44000244140625,130.69000244140625,132.0,132.1199951171875,3642500.0,125.53638458251953
2019-12-04,133.67999267578125,131.9600067138672,132.86000061035156,131.99000549316406,3530000.0,125.41287231445312
2019-12-05,133.24000549316406,131.6300048828125,132.99000549316406,131.91000366210938,3595400.0,125.33684539794922
2019-12-06,133.88999938964844,132.6999969482422,132.75,133.22000122070312,3437500.0,126.5815658569336
2019-12-09,134.58999633789062,133.25999450683594,133.35000610351562,133.9199981689453,2968500.0,127.24668884277344
2019-12-10,134.83999633789062,133.55999755859375,133.9199981689453,133.91000366210938,3480400.0,127.23719787597656
2019-12-11,134.50999450683594,133.6699981689453,134.11000061035156,133.75999450683594,3953300.0,127.09467315673828
2019-12-12,135.66000366210938,133.66000366210938,133.6999969482422,135.32000732421875,4824100.0,128.57693481445312
2019-12-13,135.5,134.00999450683594,134.75,134.2100067138672,2535000.0,127.52225494384766
2019-12-16,135.4499969482422,133.85000610351562,134.94000244140625,134.1300048828125,3049200.0,127.44623565673828
2019-12-17,134.69000244140625,133.4600067138672,134.27999877929688,134.22000122070312,2907200.0,127.53174591064453
2019-12-18,135.0,134.14999389648438,134.5500030517578,134.41000366210938,3101800.0,127.71227264404297
2019-12-19,134.72999572753906,134.19000244140625,134.4600067138672,134.55999755859375,3866500.0,127.85481262207031
2019-12-20,136.4199981689453,134.9499969482422,135.74000549316406,135.58999633789062,7111800.0,128.83348083496094
2019-12-23,136.14999389648438,135.0,135.77999877929688,135.5500030517578,2803200.0,128.79547119140625
2019-12-24,135.6199951171875,134.61000061035156,135.61000061035156,134.97999572753906,1202100.0,128.25387573242188
2019-12-26,135.30999755859375,134.64999389648438,134.97999572753906,134.91000366210938,2129700.0,128.1873779296875
2019-12-27,135.75,134.8699951171875,135.0,135.27000427246094,2752200.0,128.5294189453125
2019-12-30,135.3000030517578,132.5,135.1999969482422,132.80999755859375,4118900.0,126.19200897216797
2019-12-31,134.1199951171875,132.39999389648438,132.52999877929688,134.0399932861328,3777500.0,127.36070251464844
2020-01-02,135.9199981689453,134.77000427246094,135.0,135.4199981689453,3148600.0,128.6719512939453
2020-01-03,134.86000061035156,133.55999755859375,133.57000732421875,134.33999633789062,2373700.0,127.64575958251953
2020-01-06,134.24000549316406,133.1999969482422,133.4199981689453,134.10000610351562,2425500.0,127.41773986816406
2020-01-07,134.9600067138672,133.39999389648438,133.69000244140625,134.19000244140625,3090800.0,127.50324249267578
2020-01-08,135.86000061035156,133.9199981689453,134.50999450683594,135.30999755859375,4346000.0,128.5674285888672
2020-01-09,136.7899932861328,135.30999755859375,135.74000549316406,136.74000549316406,3730600.0,129.92617797851562
2020-01-10,137.8699951171875,136.30999755859375,137.0,136.69000244140625,3255400.0,129.878662109375
2020-01-13,136.63999938964844,135.07000732421875,135.47999572753906,136.60000610351562,3531000.0,129.7931671142578
2020-01-14,137.13999938964844,135.5500030517578,136.27999877929688,135.82000732421875,3681000.0,129.05201721191406
2020-01-15,138.05999755859375,135.7100067138672,136.0,136.6199951171875,4045900.0,129.81214904785156
2020-01-16,138.19000244140625,137.00999450683594,137.32000732421875,137.97999572753906,4320900.0,131.10438537597656
2020-01-17,138.3300018310547,136.16000366210938,136.5399932861328,138.30999755859375,5623300.0,131.41793823242188
2020-01-21,139.35000610351562,137.60000610351562,137.80999755859375,139.1699981689453,7244100.0,132.23509216308594
2020-01-22,145.7899932861328,142.5500030517578,143.32000732421875,143.88999938964844,16470400.0,136.71987915039062
2020-01-23,144.41000366210938,142.14999389648438,144.1999969482422,142.8699951171875,5657800.0,135.75071716308594
2020-01-24,143.9199981689453,140.4600067138672,143.38999938964844,140.55999755859375,5580200.0,133.55581665039062
2020-01-27,140.07000732421875,138.10000610351562,138.5,138.6199951171875,4166600.0,131.71249389648438
2020-01-28,140.47000122070312,138.75,139.5,139.5500030517578,3451600.0,132.5961456298828
2020-01-29,139.5800018310547,137.60000610351562,139.1699981689453,137.69000244140625,3053800.0,130.82884216308594
2020-01-30,136.97000122070312,134.97000122070312,136.75999450683594,136.77000427246094,5057900.0,129.95468139648438
2020-01-31,144.0500030517578,140.7899932861328,142.89999389648438,143.72999572753906,18994600.0,136.56785583496094
2020-02-03,147.27999877929688,143.89999389648438,144.25,146.27000427246094,8887500.0,138.98130798339844
2020-02-04,149.3800048828125,146.8800048828125,147.77999877929688,149.11000061035156,5621000.0,141.67977905273438
2020-02-05,157.44000244140625,150.14999389648438,150.2100067138672,156.3300018310547,14386800.0,148.5399932861328
2020-02-06,158.75,155.4199981689453,156.82000732421875,156.75999450683594,8400500.0,148.9485626220703
2020-02-07,155.5399932861328,152.9199981689453,154.5500030517578,153.41000366210938,6423400.0,147.28761291503906
2020-02-10,154.44000244140625,151.5800018310547,152.97000122070312,154.42999267578125,5239800.0,148.2668914794922
2020-02-11,155.22000122070312,152.72999572753906,155.1199951171875,153.47999572753906,3835100.0,147.35479736328125
2020-02-12,155.60000610351562,153.52000427246094,153.75,155.30999755859375,4437800.0,149.11178588867188
2020-02-13,154.8300018310547,153.41000366210938,154.3699951171875,154.30999755859375,3820700.0,148.1516876220703
2020-02-14,154.55999755859375,149.77000427246094,154.4199981689453,150.6999969482422,6099200.0,144.68576049804688
2020-02-18,151.3800048828125,149.63999938964844,149.7899932861328,151.10000610351562,3343000.0,145.06979370117188
2020-02-19,151.88999938964844,150.30999755859375,151.5399932861328,150.86000061035156,2732900.0,144.83937072753906
2020-02-20,151.6199951171875,149.50999450683594,150.80999755859375,151.22000122070312,2880500.0,145.18499755859375
2020-02-21,151.0399932861328,148.83999633789062,151.0399932861328,149.83999633789062,3536900.0,143.86007690429688
2020-02-24,148.0500030517578,145.3800048828125,145.50999450683594,146.42999267578125,5452400.0,140.58615112304688
2020-02-25,147.07000732421875,141.25999450683594,146.50999450683594,141.7100067138672,6211500.0,136.05455017089844
2020-02-26,144.05999755859375,139.60000610351562,142.89999389648438,139.75,5407900.0,134.17276000976562
2020-02-27,138.69000244140625,133.00999450683594,137.24000549316406,133.11000061035156,8421100.0,127.79776000976562
2020-02-28,131.08999633789062,126.36000061035156,129.97999572753906,130.14999389648438,13012200.0,124.95587921142578
2020-03-02,134.44000244140625,127.94999694824219,130.75,134.3000030517578,8531400.0,128.94027709960938
2020-03-03,136.10000610351562,127.80000305175781,134.47999572753906,128.89999389648438,7896100.0,123.75576782226562
2020-03-04,134.27999877929688,129.0,131.5800018310547,134.22000122070312,4996400.0,128.86346435546875
2020-03-05,132.2899932861328,128.4499969482422,130.5,129.5500030517578,5446200.0,124.37982940673828
2020-03-06,128.3300018310547,124.5199966430664,126.69999694824219,127.7300033569336,8193300.0,122.6324691772461
2020-03-09,122.41000366210938,117.27999877929688,120.16000366210938,117.80999755859375,10757500.0,113.10835266113281
2020-03-10,124.87999725341797,115.76000213623047,122.77999877929688,124.7699966430664,11410700.0,119.79059600830078
2020-03-11,122.58000183105469,116.37999725341797,121.01000213623047,117.97000122070312,8446500.0,113.26197052001953
2020-03-12,109.80000305175781,102.27999877929688,109.6500015258789,102.80999755859375,12512700.0,98.70698547363281
2020-03-13,109.16000366210938,100.80999755859375,108.68000030517578,107.94999694824219,12502100.0,103.64185333251953
2020-03-16,107.41000366210938,95.0,98.0,99.08000183105469,10568000.0,95.12584686279297
2020-03-17,107.4000015258789,97.0999984741211,100.61000061035156,106.6500015258789,9258300.0,102.39373779296875
2020-03-18,106.93000030517578,99.4000015258789,99.41000366210938,103.55000305175781,8772500.0,99.4174575805664
2020-03-19,103.69000244140625,98.23999786376953,102.33000183105469,100.33999633789062,8396500.0,96.33555603027344
2020-03-20,100.98999786376953,94.70999908447266,100.91999816894531,95.38999938964844,10546500.0,91.5831069946289
2020-03-23,97.73999786376953,90.55999755859375,94.5999984741211,94.7699966430664,9729400.0,90.98784637451172
2020-03-24,106.04000091552734,99.26000213623047,99.98999786376953,105.4800033569336,7973900.0,101.27043914794922
2020-03-25,112.4800033569336,102.83000183105469,105.4800033569336,105.8499984741211,8654000.0,101.62566375732422
2020-03-26,113.1500015258789,105.56999969482422,106.91000366210938,112.88999938964844,7153500.0,108.38470458984375
2020-03-27,111.5,107.6500015258789,108.58000183105469,108.02999877929688,6423000.0,103.71865844726562
2020-03-30,113.45999908447266,107.80999755859375,108.08999633789062,112.93000030517578,5564500.0,108.42311096191406
2020-03-31,113.80999755859375,110.16999816894531,112.0,110.93000030517578,6343300.0,106.5029296875
2020-04-01,109.91999816894531,104.5199966430664,106.36000061035156,105.13999938964844,6112900.0,100.94400024414062
2020-04-02,110.31999969482422,105.13999938964844,105.37000274658203,110.0,6328700.0,105.61003875732422
2020-04-03,110.06999969482422,104.91999816894531,108.91999816894531,106.33999633789062,4538800.0,102.09610748291016
2020-04-06,115.62999725341797,110.12999725341797,110.3499984741211,114.81999969482422,7034200.0,110.23768615722656
2020-04-07,119.56999969482422,114.87000274658203,118.80000305175781,114.94000244140625,5595300.0,110.35289764404297
2020-04-08,119.95999908447266,115.06999969482422,116.30999755859375,119.29000091552734,5158600.0,114.52928924560547
2020-04-09,122.91999816894531,120.16999816894531,120.4800033569336,121.5,5576800.0,116.6511001586914
2020-04-13,121.80000305175781,118.04000091552734,121.62999725341797,121.1500015258789,5119700.0,116.3150634765625
2020-04-14,125.18000030517578,122.62000274658203,123.45999908447266,123.91000366210938,5088700.0,118.96491241455078
2020-04-15,120.19000244140625,116.76000213623047,119.12000274658203,118.69000244140625,5637300.0,113.95323944091797
2020-04-16,119.75,114.41999816894531,119.01000213623047,115.7300033569336,6457600.0,111.11136627197266
2020-04-17,120.38999938964844,117.91999816894531,119.30000305175781,120.12000274658203,4966000.0,115.326171875
2020-04-20,122.86000061035156,118.13999938964844,119.1500015258789,120.41000366210938,8181700.0,115.60459899902344
2020-04-21,117.1500015258789,112.05999755859375,114.0,116.76000213623047,14349000.0,112.10026550292969
2020-04-22,120.33000183105469,117.55000305175781,119.87000274658203,119.30999755859375,7087900.0,114.5484848022461
2020-04-23,123.02999877929688,119.12000274658203,119.56999969482422,121.3499984741211,6881600.0,116.507080078125
2020-04-24,125.0,120.76000213623047,122.41000366210938,124.72000122070312,4987300.0,119.74258422851562
2020-04-27,126.98999786376953,125.47000122070312,125.55999755859375,125.91999816894531,4923800.0,120.89469909667969
2020-04-28,128.1999969482422,125.37999725341797,128.02999877929688,126.2699966430664,4778100.0,121.23072814941406
2020-04-29,129.30999755859375,127.52999877929688,128.8800048828125,128.69000244140625,5257600.0,123.55415344238281
2020-04-30,127.2699966430664,125.22000122070312,126.5199966430664,125.55999755859375,6635800.0,120.54905700683594
2020-05-01,123.47000122070312,121.38999938964844,123.19000244140625,121.87000274658203,4925500.0,117.00633239746094
2020-05-04,121.97000122070312,119.38999938964844,120.81999969482422,121.68000030517578,4017900.0,116.82390594482422
2020-05-05,124.31999969482422,122.47000122070312,123.38999938964844,122.58000183105469,3899400.0,117.68798828125
2020-05-06,124.05000305175781,122.41000366210938,123.23999786376953,123.16999816894531,3864600.0,118.25444030761719
2020-05-07,123.26000213623047,120.8499984741211,122.9800033569336,121.2300033569336,4412600.0,117.95282745361328
2020-05-08,123.2300033569336,121.05999755859375,122.66999816894531,122.98999786376953,5003900.0,119.66524505615234
2020-05-11,123.44999694824219,120.66999816894531,121.80999755859375,122.58999633789062,3535300.0,119.27605438232422
2020-05-12,124.31999969482422,120.26000213623047,123.01000213623047,120.26000213623047,4784500.0,117.00904083251953
2020-05-13,119.98999786376953,114.8499984741211,119.94999694824219,115.7300033569336,5882800.0,112.60150909423828
2020-05-14,117.08999633789062,111.80999755859375,114.56999969482422,116.94999694824219,5259400.0,113.78852081298828
2020-05-15,117.38999938964844,115.25,115.93000030517578,116.9800033569336,4786300.0,113.81771087646484
2020-05-18,122.36000061035156,119.75,119.87999725341797,121.55999755859375,4207600.0,118.2739028930664
2020-05-19,122.16999816894531,120.13999938964844,121.19000244140625,120.29000091552734,3241100.0,117.0382308959961
2020-05-20,122.47000122070312,120.5999984741211,120.93000030517578,121.37999725341797,3840700.0,118.09876251220703
2020-05-21,121.72000122070312,118.97000122070312,120.98999786376953,119.12000274658203,4000900.0,115.89986419677734
2020-05-22,119.47000122070312,117.58999633789062,119.37000274658203,118.38999938964844,4180800.0,115.1895980834961
2020-05-26,122.62000274658203,121.01000213623047,121.30000305175781,121.76000213623047,5469300.0,118.46849822998047
2020-05-27,125.83000183105469,123.47000122070312,123.94000244140625,125.54000091552734,5727500.0,122.14631652832031
2020-05-28,126.97000122070312,124.22000122070312,126.87000274658203,124.52999877929688,3915300.0,121.16361236572266
