Date,High,Low,Open,Close,Volume,Adj Close
2000-01-03,12.636699676513672,12.075724601745605,12.636699676513672,12.252875328063965,670600.0,8.606260299682617
2000-01-04,12.134775161743164,11.367124557495117,12.134775161743164,11.780474662780762,893700.0,8.274456024169922
2000-01-05,11.8100004196167,11.455699920654297,11.8100004196167,11.662375450134277,429500.0,8.191497802734375
2000-01-06,11.75094985961914,11.455699920654297,11.72142505645752,11.573800086975098,430300.0,8.12928581237793
2000-01-07,11.8100004196167,11.514749526977539,11.691900253295898,11.8100004196167,486600.0,8.29519271850586
2000-01-10,11.987150192260742,11.75094985961914,11.869050025939941,11.8100004196167,868700.0,8.29519271850586
2000-01-11,11.75094985961914,11.219499588012695,11.63284969329834,11.514749526977539,631600.0,8.087808609008789
2000-01-12,12.046199798583984,11.780474662780762,11.8100004196167,11.83952522277832,1073200.0,8.315929412841797
2000-01-13,13.138625144958496,11.780474662780762,11.83952522277832,12.991000175476074,1501600.0,9.124711036682129
2000-01-14,13.817700386047363,12.754799842834473,12.931949615478516,13.817700386047363,1070200.0,9.705374717712402
2000-01-18,13.965325355529785,13.050049781799316,13.581500053405762,13.315774917602539,954400.0,9.352827072143555
2000-01-19,13.109100341796875,12.548125267028809,12.961475372314453,13.109100341796875,879900.0,9.207662582397461
2000-01-20,13.994850158691406,13.050049781799316,13.050049781799316,13.699600219726562,1570700.0,9.62242317199707
2000-01-21,14.024374961853027,13.52245044708252,13.935799598693848,13.611024856567383,1061100.0,9.560206413269043
2000-01-24,14.08342456817627,13.286250114440918,13.640549659729004,13.43387508392334,1357500.0,9.435779571533203
2000-01-25,13.758649826049805,13.315774917602539,13.55197525024414,13.758649826049805,755200.0,9.663900375366211
2000-01-26,15.23490047454834,13.404350280761719,13.404350280761719,15.116800308227539,2592200.0,10.61784839630127
2000-01-27,15.736824989318848,15.087274551391602,15.116800308227539,15.441575050354004,1991500.0,10.84596061706543
2000-01-28,15.412050247192383,13.876749992370605,15.412050247192383,14.614874839782715,1195300.0,10.265301704406738
2000-01-31,14.40820026397705,13.699600219726562,14.37867546081543,13.699600219726562,1160000.0,9.62242317199707
2000-02-01,15.116800308227539,13.817700386047363,13.994850158691406,14.851075172424316,1160200.0,10.431207656860352
2000-02-02,14.880599975585938,14.260575294494629,14.851075172424316,14.555825233459473,727300.0,10.223824501037598
2000-02-03,15.116800308227539,14.437725067138672,14.93964958190918,15.02822494506836,932800.0,10.555628776550293
2000-02-04,15.175849914550781,14.851075172424316,14.910124778747559,15.116800308227539,769600.0,10.61784839630127
2000-02-07,15.293950080871582,14.821550369262695,14.821550369262695,14.93964958190918,477900.0,10.49341869354248
2000-02-08,15.293950080871582,14.910124778747559,15.05774974822998,15.05774974822998,591600.0,10.57636833190918
2000-02-09,16.445425033569336,14.998700141906738,15.05774974822998,15.707300186157227,1598200.0,11.032605171203613
2000-02-10,15.825400352478027,15.23490047454834,15.766349792480469,15.530150413513184,1237500.0,10.908175468444824
2000-02-11,15.352999687194824,14.467249870300293,15.352999687194824,14.969175338745117,840300.0,10.514152526855469
2000-02-14,15.441575050354004,14.969175338745117,15.02822494506836,15.14632511138916,1118100.0,10.638585090637207
2000-02-15,15.471099853515625,15.116800308227539,15.205374717712402,15.352999687194824,940000.0,10.783746719360352
2000-02-16,15.352999687194824,14.998700141906738,15.352999687194824,15.087274551391602,1076800.0,10.597111701965332
2000-02-17,15.116800308227539,14.732975006103516,15.02822494506836,14.93964958190918,548200.0,10.49341869354248
2000-02-18,14.969175338745117,14.762499809265137,14.910124778747559,14.880599975585938,307700.0,10.451940536499023
2000-02-22,14.585350036621094,13.640549659729004,14.585350036621094,14.496774673461914,1098200.0,10.182348251342773
2000-02-23,14.880599975585938,14.142475128173828,14.37867546081543,14.29010009765625,2277900.0,10.037178993225098
2000-02-24,15.116800308227539,14.40820026397705,14.437725067138672,14.93964958190918,1919900.0,10.49341869354248
2000-02-25,14.998700141906738,14.732975006103516,14.880599975585938,14.910124778747559,1227100.0,10.47268009185791
2000-02-28,14.880599975585938,14.496774673461914,14.880599975585938,14.673925399780273,430100.0,10.30677604675293
2000-02-29,15.05774974822998,14.614874839782715,14.880599975585938,15.05774974822998,1037600.0,10.57636833190918
2000-03-01,15.116800308227539,14.555825233459473,14.998700141906738,14.614874839782715,951500.0,10.265301704406738
2000-03-02,16.120649337768555,14.496774673461914,14.496774673461914,16.120649337768555,1219500.0,11.3229398727417
2000-03-03,16.356849670410156,15.707300186157227,16.09112548828125,16.00255012512207,773700.0,11.256475448608398
2000-03-06,16.622575759887695,15.825400352478027,15.88444995880127,16.356849670410156,602000.0,11.50570011138916
2000-03-07,16.74067497253418,15.707300186157227,16.356849670410156,15.766349792480469,647500.0,11.090332984924316
2000-03-08,16.032075881958008,15.293950080871582,15.766349792480469,15.736824989318848,772400.0,11.069562911987305
2000-03-09,17.006399154663086,15.766349792480469,15.825400352478027,17.006399154663086,3496400.0,11.962602615356445
2000-03-10,17.65595054626465,16.947349548339844,17.006399154663086,17.30164909362793,1456300.0,12.170286178588867
2000-03-13,18.305500030517578,16.74067497253418,16.947349548339844,17.89215087890625,1491100.0,12.585655212402344
2000-03-14,18.600749969482422,16.82925033569336,18.246450424194336,16.858774185180664,1601300.0,11.858758926391602
2000-03-15,18.36454963684082,17.06545066833496,17.06545066833496,17.921674728393555,1726700.0,12.606423377990723
2000-03-16,18.54170036315918,18.098825454711914,18.12834930419922,18.423599243164062,1842700.0,12.95948314666748
2000-03-17,18.423599243164062,17.47879981994629,17.951200485229492,17.508325576782227,600700.0,12.315668106079102
2000-03-20,17.744525909423828,16.74067497253418,17.62642478942871,17.183549880981445,614500.0,12.0872163772583
2000-03-21,17.183549880981445,16.770200729370117,17.006399154663086,16.947349548339844,727500.0,11.921072959899902
2000-03-22,18.482650756835938,16.97687530517578,17.006399154663086,17.685474395751953,2460200.0,12.440275192260742
2000-03-23,18.54170036315918,17.44927406311035,17.65595054626465,18.423599243164062,1016200.0,12.95948314666748
2000-03-24,18.394075393676758,17.65595054626465,18.394075393676758,17.862625122070312,1253300.0,12.564887046813965
2000-03-27,17.862625122070312,16.799724578857422,17.833099365234375,16.91782569885254,624600.0,11.900298118591309
2000-03-28,16.97687530517578,16.061599731445312,16.8882999420166,16.474950790405273,1290600.0,11.588775634765625
2000-03-29,16.4158992767334,15.648249626159668,16.17970085144043,15.736824989318848,1412300.0,11.069562911987305
2000-03-30,15.88444995880127,15.500624656677246,15.677775382995605,15.854925155639648,1578500.0,11.152637481689453
2000-03-31,16.4158992767334,15.854925155639648,15.88444995880127,16.32732582092285,1723500.0,11.484929084777832
2000-04-03,16.209224700927734,14.526300430297852,16.209224700927734,15.116800308227539,892000.0,10.633428573608398
2000-04-04,15.589200019836426,13.404350280761719,15.589200019836426,14.29010009765625,1720900.0,10.051909446716309
2000-04-05,14.93964958190918,14.260575294494629,14.260575294494629,14.673925399780273,1347700.0,10.321895599365234
2000-04-06,15.116800308227539,14.40820026397705,14.673925399780273,14.644399642944336,1432000.0,10.301128387451172
2000-04-07,15.087274551391602,14.703450202941895,14.880599975585938,15.02822494506836,1099700.0,10.571123123168945
2000-04-10,15.352999687194824,14.29010009765625,14.732975006103516,14.437725067138672,807500.0,10.155753135681152
2000-04-11,14.732975006103516,14.17199993133545,14.703450202941895,14.260575294494629,636100.0,10.03114128112793
2000-04-12,14.17199993133545,13.640549659729004,14.053899765014648,13.640549659729004,401500.0,9.59500503540039
2000-04-13,14.17199993133545,13.55197525024414,13.758649826049805,13.611024856567383,815600.0,9.574236869812012
2000-04-14,13.404350280761719,12.636699676513672,13.315774917602539,13.168149948120117,1420800.0,9.262710571289062
2000-04-17,13.22719955444336,12.57765007019043,13.168149948120117,13.197674751281738,746100.0,9.283477783203125
2000-04-18,13.492924690246582,13.050049781799316,13.197674751281738,13.315774917602539,780000.0,9.366549491882324
2000-04-19,13.758649826049805,13.256725311279297,13.43387508392334,13.374824523925781,589900.0,9.408086776733398
2000-04-20,13.847225189208984,13.286250114440918,13.699600219726562,13.492924690246582,643900.0,9.491161346435547
2000-04-24,13.463399887084961,12.902424812316895,13.43387508392334,13.050049781799316,549300.0,9.179636001586914
2000-04-25,13.52245044708252,13.22719955444336,13.22719955444336,13.404350280761719,641800.0,9.428858757019043
2000-04-26,14.821550369262695,13.286250114440918,13.286250114440918,14.703450202941895,1929900.0,10.342667579650879
2000-04-27,14.703450202941895,14.142475128173828,14.467249870300293,14.467249870300293,1112800.0,10.176521301269531
2000-04-28,15.382525444030762,14.29010009765625,14.29010009765625,15.264425277709961,963500.0,10.737264633178711
2000-05-01,15.441575050354004,15.02822494506836,15.14632511138916,15.264425277709961,443000.0,10.737264633178711
2000-05-02,15.412050247192383,14.880599975585938,15.205374717712402,14.93964958190918,612400.0,10.508813858032227
2000-05-03,14.998700141906738,14.585350036621094,14.644399642944336,14.792024612426758,969300.0,10.404974937438965
2000-05-04,16.534000396728516,14.821550369262695,14.851075172424316,16.268274307250977,1497800.0,11.443392753601074
2000-05-05,17.006399154663086,16.120649337768555,16.150175094604492,16.91782569885254,898300.0,11.900298118591309
2000-05-08,17.360700607299805,16.711149215698242,17.006399154663086,16.770200729370117,1716900.0,11.7964506149292
2000-05-09,16.56352424621582,15.91397476196289,16.4158992767334,16.150175094604492,626500.0,11.360321044921875
2000-05-10,15.88444995880127,14.998700141906738,15.88444995880127,15.05774974822998,899200.0,10.59189224243164
2000-05-11,15.500624656677246,15.05774974822998,15.175849914550781,15.352999687194824,708700.0,10.799570083618164
2000-05-12,15.91397476196289,15.500624656677246,15.530150413513184,15.559675216674805,435800.0,10.944954872131348
2000-05-15,15.441575050354004,14.732975006103516,15.441575050354004,15.116800308227539,685800.0,10.633428573608398
2000-05-16,15.559675216674805,15.205374717712402,15.352999687194824,15.293950080871582,338400.0,10.758034706115723
2000-05-17,15.205374717712402,14.969175338745117,15.175849914550781,15.05774974822998,518600.0,10.59189224243164
2000-05-18,15.087274551391602,14.93964958190918,15.087274551391602,14.93964958190918,247000.0,10.508813858032227
2000-05-19,14.792024612426758,14.112950325012207,14.762499809265137,14.17199993133545,730300.0,9.968835830688477
2000-05-22,14.17199993133545,13.581500053405762,14.17199993133545,13.876749992370605,440900.0,9.761152267456055
2000-05-23,14.112950325012207,13.640549659729004,13.994850158691406,13.640549659729004,566400.0,9.59500503540039
2000-05-24,13.847225189208984,13.43387508392334,13.640549659729004,13.52245044708252,769800.0,9.511929512023926
2000-05-25,14.112950325012207,13.109100341796875,13.109100341796875,13.906274795532227,1163800.0,9.781922340393066
2000-05-26,14.024374961853027,13.581500053405762,13.876749992370605,13.625787734985352,681600.0,9.600927352905273
2000-05-30,14.231049537658691,13.640549659729004,13.640549659729004,14.08342456817627,520100.0,9.923383712768555
2000-05-31,14.526300430297852,14.142475128173828,14.17199993133545,14.437725067138672,759900.0,10.173035621643066
2000-06-01,15.14632511138916,14.319624900817871,14.349149703979492,15.087274551391602,784700.0,10.63071060180664
2000-06-02,16.061599731445312,15.471099853515625,15.943499565124512,15.530150413513184,1126100.0,10.942769050598145
2000-06-05,15.471099853515625,14.821550369262695,15.412050247192383,14.880599975585938,469700.0,10.485081672668457
2000-06-06,15.175849914550781,14.93964958190918,14.998700141906738,15.087274551391602,578100.0,10.63071060180664
2000-06-07,15.14632511138916,14.762499809265137,15.14632511138916,14.969175338745117,299500.0,10.547501564025879
2000-06-08,15.14632511138916,14.732975006103516,15.14632511138916,14.93964958190918,496800.0,10.526690483093262
2000-06-09,15.116800308227539,14.821550369262695,14.910124778747559,15.05774974822998,710200.0,10.609911918640137
2000-06-12,15.087274551391602,14.29010009765625,15.087274551391602,14.437725067138672,838000.0,10.173035621643066
2000-06-13,14.496774673461914,13.906274795532227,14.349149703979492,14.45248794555664,806300.0,10.183436393737793
2000-06-14,14.762499809265137,14.216287612915039,14.732975006103516,14.216287612915039,260700.0,10.017003059387207
2000-06-15,14.496774673461914,13.935799598693848,14.08342456817627,14.349149703979492,472000.0,10.110616683959961
2000-06-16,14.614874839782715,14.29010009765625,14.29010009765625,14.40820026397705,923500.0,10.152227401733398
2000-06-19,14.496774673461914,14.17199993133545,14.319624900817871,14.260575294494629,530400.0,10.048210144042969
2000-06-20,14.526300430297852,14.112950325012207,14.260575294494629,14.496774673461914,973500.0,10.214642524719238
2000-06-21,15.23490047454834,14.496774673461914,14.496774673461914,14.93964958190918,992300.0,10.526690483093262
2000-06-22,15.116800308227539,14.821550369262695,14.880599975585938,14.93964958190918,867600.0,10.526690483093262
2000-06-23,15.471099853515625,14.821550369262695,14.821550369262695,15.293950080871582,1425200.0,10.776341438293457
2000-06-26,15.441575050354004,14.792024612426758,15.352999687194824,14.851075172424316,805000.0,10.464284896850586
2000-06-27,15.175849914550781,14.851075172424316,14.880599975585938,15.087274551391602,885200.0,10.63071060180664
2000-06-28,16.268274307250977,15.116800308227539,15.116800308227539,15.825400352478027,1095800.0,11.150811195373535
2000-06-29,15.707300186157227,15.352999687194824,15.707300186157227,15.471099853515625,598600.0,10.901164054870605
2000-06-30,15.88444995880127,15.382525444030762,15.500624656677246,15.471099853515625,735100.0,10.901164054870605
2000-07-03,15.943499565124512,15.559675216674805,15.648249626159668,15.825400352478027,205500.0,11.150811195373535
2000-07-05,15.88444995880127,15.175849914550781,15.88444995880127,15.352999687194824,544800.0,10.81794548034668
2000-07-06,15.88444995880127,15.412050247192383,15.412050247192383,15.677775382995605,412500.0,11.046789169311523
2000-07-07,16.534000396728516,15.618724822998047,15.618724822998047,16.209224700927734,403400.0,11.421257019042969
2000-07-10,16.74067497253418,16.032075881958008,16.032075881958008,16.504474639892578,812400.0,11.629295349121094
2000-07-11,16.4158992767334,15.97302532196045,16.4158992767334,16.120649337768555,562800.0,11.358842849731445
2000-07-12,16.8882999420166,16.17970085144043,16.238750457763672,16.799724578857422,640900.0,11.837326049804688
2000-07-13,17.47879981994629,16.74067497253418,16.74067497253418,17.47879981994629,897300.0,12.315818786621094
2000-07-14,17.89215087890625,17.272125244140625,17.56737518310547,17.65595054626465,538300.0,12.440638542175293
2000-07-17,17.56737518310547,17.30164909362793,17.53784942626953,17.39022445678711,279600.0,12.253406524658203
2000-07-18,17.39022445678711,16.858774185180664,17.39022445678711,16.8882999420166,337000.0,11.899737358093262
2000-07-19,17.006399154663086,16.297800064086914,16.947349548339844,16.504474639892578,736000.0,11.629295349121094
2000-07-20,17.124500274658203,16.445425033569336,16.504474639892578,16.474950790405273,390500.0,11.608488082885742
2000-07-21,16.534000396728516,15.854925155639648,16.474950790405273,16.17970085144043,346300.0,11.40045166015625
2000-07-24,16.209224700927734,16.032075881958008,16.061599731445312,16.061599731445312,286800.0,11.317240715026855
2000-07-25,16.061599731445312,15.79587459564209,16.061599731445312,15.854925155639648,381000.0,11.171609878540039
2000-07-26,16.061599731445312,15.05774974822998,15.97302532196045,15.707300186157227,1401100.0,11.067591667175293
2000-07-27,15.88444995880127,15.648249626159668,15.766349792480469,15.79587459564209,514600.0,11.130003929138184
2000-07-28,16.297800064086914,15.707300186157227,15.766349792480469,16.268274307250977,795900.0,11.46286392211914
2000-07-31,16.534000396728516,16.09112548828125,16.09112548828125,16.17970085144043,1709900.0,11.40045166015625
2000-08-01,16.238750457763672,15.79587459564209,16.238750457763672,15.825400352478027,1177100.0,11.150811195373535
2000-08-02,15.648249626159668,14.762499809265137,15.589200019836426,14.998700141906738,1182800.0,10.568304061889648
2000-08-03,14.880599975585938,14.17199993133545,14.880599975585938,14.644399642944336,1206300.0,10.318657875061035
2000-08-04,14.998700141906738,14.555825233459473,14.998700141906738,14.910124778747559,978800.0,10.50589370727539
2000-08-07,15.23490047454834,14.821550369262695,15.05774974822998,15.02822494506836,438600.0,10.589103698730469
2000-08-08,14.762499809265137,14.053899765014648,14.762499809265137,14.08342456817627,1207400.0,9.923383712768555
2000-08-09,14.08342456817627,13.699600219726562,13.788174629211426,14.024374961853027,1601600.0,9.8817777633667
2000-08-10,14.29010009765625,14.024374961853027,14.142475128173828,14.024374961853027,419500.0,9.8817777633667
2000-08-11,14.142475128173828,13.906274795532227,14.024374961853027,14.08342456817627,573800.0,9.923383712768555
2000-08-14,14.349149703979492,13.965325355529785,14.20152473449707,14.053899765014648,422000.0,9.902575492858887
2000-08-15,14.614874839782715,14.142475128173828,14.17199993133545,14.142475128173828,781900.0,9.964997291564941
2000-08-16,14.37867546081543,14.08342456817627,14.142475128173828,14.112950325012207,204200.0,9.944189071655273
2000-08-17,14.526300430297852,14.17199993133545,14.231049537658691,14.17199993133545,810700.0,9.985795974731445
2000-08-18,14.437725067138672,14.17199993133545,14.17199993133545,14.40820026397705,374800.0,10.152227401733398
2000-08-21,14.349149703979492,14.08342456817627,14.29010009765625,14.17199993133545,278700.0,9.985795974731445
2000-08-22,14.29010009765625,14.08342456817627,14.17199993133545,14.17199993133545,432800.0,9.985795974731445
2000-08-23,14.17199993133545,13.876749992370605,14.17199993133545,13.906274795532227,324300.0,9.798563003540039
2000-08-24,14.17199993133545,13.699600219726562,14.024374961853027,13.699600219726562,412900.0,9.652936935424805
2000-08-25,13.906274795532227,13.729125022888184,13.758649826049805,13.758649826049805,487200.0,9.694544792175293
2000-08-28,14.37867546081543,13.758649826049805,13.758649826049805,14.053899765014648,866200.0,9.902575492858887
2000-08-29,14.37867546081543,13.935799598693848,13.935799598693848,14.319624900817871,601800.0,10.089814186096191
2000-08-30,14.29010009765625,13.729125022888184,14.29010009765625,14.142475128173828,687300.0,9.964997291564941
2000-08-31,14.585350036621094,14.142475128173828,14.142475128173828,14.20152473449707,579500.0,10.006600379943848
2000-09-01,14.792024612426758,14.349149703979492,14.349149703979492,14.40820026397705,581000.0,10.152227401733398
2000-09-05,14.349149703979492,13.965325355529785,14.29010009765625,14.260575294494629,594400.0,10.048210144042969
2000-09-06,14.37867546081543,13.906274795532227,14.112950325012207,14.231049537658691,1282100.0,10.044038772583008
2000-09-07,14.467249870300293,14.231049537658691,14.29010009765625,14.260575294494629,357700.0,10.06488037109375
2000-09-08,14.37867546081543,13.581500053405762,14.260575294494629,13.670075416564941,569400.0,9.648118019104004
2000-09-11,14.37867546081543,13.670075416564941,13.670075416564941,14.29010009765625,560500.0,10.085716247558594
2000-09-12,14.467249870300293,13.699600219726562,14.29010009765625,13.699600219726562,716100.0,9.668951034545898
2000-09-13,13.699600219726562,13.197674751281738,13.699600219726562,13.43387508392334,385900.0,9.481407165527344
2000-09-14,13.994850158691406,13.492924690246582,13.492924690246582,13.758649826049805,350100.0,9.710626602172852
2000-09-15,13.670075416564941,13.34529972076416,13.52245044708252,13.52245044708252,334200.0,9.543924331665039
2000-09-18,13.640549659729004,12.725275039672852,13.640549659729004,12.754799842834473,545500.0,9.002126693725586
2000-09-19,12.961475372314453,12.754799842834473,12.813850402832031,12.902424812316895,518800.0,9.106318473815918
2000-09-20,13.138625144958496,12.69575023651123,12.961475372314453,12.991000175476074,709500.0,9.168834686279297
2000-09-21,12.961475372314453,12.37097454071045,12.961475372314453,12.400500297546387,407700.0,8.752067565917969
2000-09-22,12.37097454071045,11.691900253295898,12.282400131225586,12.282400131225586,1520100.0,8.668709754943848
2000-09-25,12.784324645996094,12.37097454071045,12.400500297546387,12.48907470703125,588200.0,8.814581871032715
2000-09-26,12.931949615478516,12.430025100708008,12.430025100708008,12.902424812316895,1090800.0,9.106318473815918
2000-09-27,13.670075416564941,12.902424812316895,12.931949615478516,13.197674751281738,1158500.0,9.314703941345215
2000-09-28,13.463399887084961,12.931949615478516,13.079574584960938,13.463399887084961,1317900.0,9.50224494934082
2000-09-29,13.581500053405762,12.991000175476074,13.492924690246582,13.43387508392334,1746800.0,9.481407165527344
2000-10-02,13.847225189208984,13.374824523925781,13.55197525024414,13.463399887084961,939600.0,9.50224494934082
2000-10-03,13.906274795532227,13.256725311279297,13.463399887084961,13.286250114440918,1206800.0,9.377217292785645
2000-10-04,13.286250114440918,12.754799842834473,13.286250114440918,12.872900009155273,780900.0,9.085482597351074
2000-10-05,12.991000175476074,12.57765007019043,12.872900009155273,12.66622543334961,530400.0,8.93961238861084
2000-10-06,12.636699676513672,11.869050025939941,12.636699676513672,11.957625389099121,1147700.0,8.439496040344238
2000-10-09,12.164299964904785,11.514749526977539,11.957625389099121,12.164299964904785,1369100.0,8.585357666015625
2000-10-10,12.105250358581543,11.603324890136719,12.105250358581543,11.63284969329834,449100.0,8.210274696350098
2000-10-11,11.219499588012695,10.333749771118164,11.219499588012695,10.86520004272461,2247400.0,7.668479919433594
2000-10-12,11.189974784851074,10.599474906921387,11.042349815368652,10.717575073242188,841200.0,7.5642876625061035
2000-10-13,10.924249649047852,10.569950103759766,10.628999710083008,10.835675239562988,1504600.0,7.647640705108643
2000-10-16,11.071874618530273,10.599474906921387,10.835675239562988,10.86520004272461,1765600.0,7.668479919433594
2000-10-17,10.835675239562988,10.392800331115723,10.806150436401367,10.510899543762207,594400.0,7.418418884277344
2000-10-18,10.333749771118164,9.802300453186035,10.333749771118164,10.156599998474121,1185800.0,7.168361663818359
2000-10-19,10.835675239562988,10.392800331115723,10.451849937438965,10.835675239562988,738700.0,7.647640705108643
2000-10-20,11.455699920654297,10.569950103759766,10.89472484588623,11.278550148010254,989600.0,7.960215091705322
2000-10-23,11.367124557495117,11.042349815368652,11.337599754333496,11.337599754333496,1218000.0,8.001890182495117
2000-10-24,11.898574829101562,11.249025344848633,11.8100004196167,11.426175117492676,700400.0,8.064403533935547
2000-10-25,12.57765007019043,10.806150436401367,11.367124557495117,12.459549903869629,2251600.0,8.793744087219238
2000-10-26,13.935799598693848,11.987150192260742,12.459549903869629,13.611024856567383,2763300.0,9.606439590454102
2000-10-27,14.526300430297852,13.611024856567383,13.817700386047363,14.29010009765625,2298600.0,10.085716247558594
2000-10-30,14.29010009765625,14.024374961853027,14.142475128173828,14.112950325012207,1630100.0,9.960686683654785
2000-10-31,14.969175338745117,14.112950325012207,14.112950325012207,14.969175338745117,1407000.0,10.564996719360352
2000-11-01,14.969175338745117,14.231049537658691,14.851075172424316,14.851075172424316,716700.0,10.481645584106445
2000-11-02,15.264425277709961,14.880599975585938,14.910124778747559,15.116800308227539,662300.0,10.669187545776367
2000-11-03,15.441575050354004,14.880599975585938,15.175849914550781,15.412050247192383,342000.0,10.877574920654297
2000-11-06,15.323474884033203,14.496774673461914,15.293950080871582,14.792024612426758,515600.0,10.439970970153809
2000-11-07,14.732975006103516,14.526300430297852,14.732975006103516,14.614874839782715,356000.0,10.314940452575684
2000-11-08,14.644399642944336,14.40820026397705,14.614874839782715,14.467249870300293,614500.0,10.210748672485352
2000-11-09,14.703450202941895,13.994850158691406,14.467249870300293,14.644399642944336,1662500.0,10.335773468017578
2000-11-10,14.644399642944336,14.231049537658691,14.644399642944336,14.467249870300293,870200.0,10.210748672485352
2000-11-13,14.40820026397705,13.965325355529785,14.231049537658691,14.349149703979492,621000.0,10.12739372253418
2000-11-14,15.293950080871582,14.29010009765625,14.29010009765625,14.703450202941895,1113200.0,10.377450942993164
2000-11-15,15.23490047454834,14.703450202941895,14.703450202941895,14.851075172424316,429700.0,10.498506546020508
2000-11-16,15.087274551391602,14.732975006103516,14.969175338745117,14.93964958190918,517900.0,10.561123847961426
2000-11-17,15.116800308227539,14.614874839782715,14.880599975585938,14.762499809265137,654300.0,10.435892105102539
2000-11-20,14.821550369262695,14.467249870300293,14.762499809265137,14.614874839782715,901500.0,10.331535339355469
2000-11-21,15.352999687194824,14.614874839782715,14.614874839782715,15.323474884033203,820400.0,10.8324556350708
2000-11-22,15.323474884033203,14.526300430297852,15.323474884033203,15.05774974822998,456100.0,10.644606590270996
2000-11-24,15.441575050354004,14.851075172424316,15.05774974822998,15.352999687194824,204200.0,10.853330612182617
2000-11-27,15.707300186157227,15.382525444030762,15.471099853515625,15.412050247192383,371000.0,10.895075798034668
2000-11-28,15.471099853515625,14.614874839782715,15.471099853515625,14.792024612426758,420800.0,10.456766128540039
2000-11-29,15.02822494506836,14.349149703979492,14.792024612426758,14.555825233459473,599000.0,10.289791107177734
2000-11-30,14.732975006103516,13.817700386047363,14.37867546081543,14.526300430297852,1064500.0,10.26891803741455
2000-12-01,15.05774974822998,14.40820026397705,14.555825233459473,14.732975006103516,820700.0,10.415019989013672
2000-12-04,14.851075172424316,14.437725067138672,14.792024612426758,14.673925399780273,758600.0,10.373279571533203
2000-12-05,14.969175338745117,14.673925399780273,14.792024612426758,14.821550369262695,1243000.0,10.477639198303223
2000-12-06,14.821550369262695,14.585350036621094,14.821550369262695,14.703450202941895,1060100.0,10.394150733947754
2000-12-07,14.703450202941895,14.17199993133545,14.703450202941895,14.526300430297852,1308800.0,10.26891803741455
2000-12-08,15.087274551391602,14.585350036621094,14.585350036621094,15.087274551391602,1302200.0,10.665484428405762
2000-12-11,15.382525444030762,15.05774974822998,15.382525444030762,15.116800308227539,1310900.0,10.686356544494629
2000-12-12,15.087274551391602,14.821550369262695,15.087274551391602,14.969175338745117,928400.0,10.58199691772461
2000-12-13,15.087274551391602,14.673925399780273,14.998700141906738,14.93964958190918,1442600.0,10.561123847961426
2000-12-14,14.880599975585938,14.349149703979492,14.880599975585938,14.437725067138672,682000.0,10.206303596496582
2000-12-15,14.231049537658691,13.847225189208984,14.231049537658691,14.053899765014648,1046500.0,9.934967994689941
2000-12-18,14.112950325012207,13.699600219726562,14.08342456817627,14.024374961853027,1113200.0,9.914100646972656
2000-12-19,14.112950325012207,13.374824523925781,14.024374961853027,13.463399887084961,1089700.0,9.517534255981445
2000-12-20,13.315774917602539,12.725275039672852,13.109100341796875,13.020524978637695,1823200.0,9.204459190368652
2000-12-21,13.197674751281738,12.66622543334961,12.991000175476074,12.991000175476074,768200.0,9.183588027954102
2000-12-22,13.817700386047363,12.991000175476074,12.991000175476074,13.670075416564941,532300.0,9.663639068603516
2000-12-26,14.231049537658691,13.55197525024414,13.640549659729004,14.053899765014648,878000.0,9.934967994689941
2000-12-27,14.467249870300293,13.847225189208984,14.112950325012207,14.37867546081543,388800.0,10.16456127166748
2000-12-28,14.821550369262695,14.142475128173828,14.17199993133545,14.496774673461914,681600.0,10.24804973602295
2000-12-29,14.821550369262695,14.319624900817871,14.496774673461914,14.467249870300293,484500.0,10.227176666259766
2001-01-02,14.37867546081543,13.404350280761719,14.37867546081543,13.52245044708252,486800.0,9.55927848815918
2001-01-03,14.555825233459473,13.404350280761719,13.404350280761719,14.526300430297852,533200.0,10.26891803741455
2001-01-04,14.880599975585938,14.496774673461914,14.673925399780273,14.821550369262695,474800.0,10.477639198303223
2001-01-05,14.644399642944336,13.965325355529785,14.644399642944336,14.024374961853027,691300.0,9.914100646972656
2001-01-08,14.024374961853027,13.670075416564941,14.024374961853027,13.906274795532227,653600.0,9.830612182617188
2001-01-09,13.906274795532227,12.872900009155273,13.906274795532227,13.138625144958496,1305400.0,9.287945747375488
2001-01-10,13.404350280761719,12.459549903869629,12.518600463867188,13.256725311279297,2290800.0,9.37143325805664
2001-01-11,13.906274795532227,13.315774917602539,13.374824523925781,13.640549659729004,1030200.0,9.642765045166016
2001-01-12,13.640549659729004,13.286250114440918,13.640549659729004,13.34529972076416,552000.0,9.434045791625977
2001-01-16,13.463399887084961,12.991000175476074,13.34529972076416,13.050049781799316,766000.0,9.225329399108887
2001-01-17,13.43387508392334,12.843375205993652,13.109100341796875,13.079574584960938,1291000.0,9.24620246887207
2001-01-18,13.374824523925781,13.079574584960938,13.22719955444336,13.34529972076416,1102000.0,9.434045791625977
2001-01-19,13.34529972076416,12.400500297546387,13.34529972076416,12.400500297546387,589300.0,8.766154289245605
2001-01-22,13.050049781799316,12.252875328063965,12.518600463867188,12.991000175476074,1232800.0,9.183588027954102
2001-01-23,13.197674751281738,12.902424812316895,12.991000175476074,13.197674751281738,983400.0,9.32968807220459
2001-01-24,13.640549659729004,12.754799842834473,13.168149948120117,13.138625144958496,2438100.0,9.287945747375488
2001-01-25,13.197674751281738,12.843375205993652,13.197674751281738,13.197674751281738,792500.0,9.32968807220459
2001-01-26,13.197674751281738,12.784324645996094,13.050049781799316,13.079574584960938,601300.0,9.24620246887207
2001-01-29,13.534259796142578,12.962656021118164,12.962656021118164,13.463399887084961,855600.0,9.517534255981445
2001-01-30,14.143655776977539,13.298060417175293,13.463399887084961,13.935799598693848,1173500.0,9.851486206054688
2001-01-31,14.40820026397705,13.992487907409668,13.992487907409668,14.266480445861816,1079300.0,10.085247993469238
2001-02-01,14.162551879882812,13.675979614257812,14.148380279541016,13.88856029510498,1265200.0,9.818087577819824
2001-02-02,14.086968421936035,13.30750846862793,14.006660461425781,13.397263526916504,839700.0,9.470779418945312
2001-02-05,13.74683952331543,13.416159629821777,13.515363693237305,13.482295989990234,283800.0,9.530895233154297
2001-02-06,13.77046012878418,13.534259796142578,13.652359962463379,13.77046012878418,1037800.0,9.734604835510254
2001-02-07,13.789356231689453,13.27916431427002,13.652359962463379,13.420884132385254,579300.0,9.487478256225586
2001-02-08,13.614567756652832,13.335851669311523,13.538984298706055,13.472847938537598,589900.0,9.524214744567871
2001-02-09,13.652359962463379,12.991000175476074,13.472847938537598,12.991000175476074,774700.0,9.183588027954102
2001-02-12,13.321680068969727,12.877623558044434,13.038240432739258,13.014619827270508,939800.0,9.200281143188477
2001-02-13,13.699600219726562,13.179960250854492,13.22719955444336,13.472847938537598,930300.0,9.524214744567871
2001-02-14,13.784631729125977,13.293335914611816,13.472847938537598,13.482295989990234,881400.0,9.530895233154297
2001-02-15,14.242859840393066,13.364195823669434,13.364195823669434,13.751564025878906,908900.0,9.721245765686035
2001-02-16,13.841320037841797,13.165787696838379,13.756287574768066,13.28388786315918,1470300.0,9.390634536743164
2001-02-20,13.557880401611328,12.707559585571289,13.28388786315918,12.707559585571289,1531700.0,8.983217239379883
2001-02-21,12.79731559753418,12.320192337036133,12.707559585571289,12.320192337036133,1029000.0,8.709382057189941
2001-02-22,12.636699676513672,11.9989595413208,12.438291549682617,12.140680313110352,1045700.0,8.58248233795166
2001-02-23,12.211540222167969,11.663556098937988,12.211540222167969,11.975339889526367,1235100.0,8.465597152709961
2001-02-26,12.33436393737793,11.928099632263184,12.093440055847168,12.30601978302002,984700.0,8.699361801147461
2001-02-27,11.762760162353516,10.572312355041504,11.101400375366211,11.715519905090332,3889500.0,8.281927108764648
2001-02-28,11.98951244354248,11.597419738769531,11.720244407653809,11.861964225769043,1400200.0,8.385448455810547
2001-03-01,11.762760162353516,11.337599754333496,11.762760162353516,11.654108047485352,898100.0,8.238508224487305
2001-03-02,11.691900253295898,11.195879936218262,11.53600788116455,11.370668411254883,1350900.0,8.054468154907227
2001-03-05,11.621040344238281,11.243120193481445,11.621040344238281,11.243120193481445,1209100.0,7.96411657333374
2001-03-06,11.460424423217773,11.195879936218262,11.432080268859863,11.290360450744629,1096500.0,7.997581481933594
2001-03-07,11.606867790222168,10.969127655029297,11.313980102539062,11.517111778259277,1046900.0,8.158203125
2001-03-08,11.739139556884766,11.38484001159668,11.517111778259277,11.564352035522461,781900.0,8.19166374206543
2001-03-09,11.512388229370117,11.243120193481445,11.337599754333496,11.422632217407227,1954200.0,8.091280937194824
2001-03-12,11.47931957244873,11.01164436340332,11.101400375366211,11.252568244934082,2009900.0,7.970808982849121
2001-03-13,11.365943908691406,10.770719528198242,11.337599754333496,10.92188835144043,1447000.0,7.736572265625
2001-03-14,11.214776039123535,10.690411567687988,10.794340133666992,10.98802375793457,953600.0,7.783421516418457
2001-03-15,11.3234281539917,11.006919860839844,11.243120193481445,11.096675872802734,1074300.0,7.860382080078125
2001-03-16,11.243120193481445,10.832132339477539,11.125020027160645,11.195879936218262,1995900.0,7.9306488037109375
2001-03-19,11.195879936218262,10.86520004272461,11.195879936218262,11.195879936218262,1469300.0,7.9306488037109375
2001-03-20,11.455699920654297,11.01164436340332,11.243120193481445,11.039987564086914,582500.0,7.820226669311523
2001-03-21,11.365943908691406,10.98330020904541,11.290360450744629,11.266739845275879,1533800.0,7.9808478355407715
2001-03-22,11.332876205444336,10.822684288024902,11.219499588012695,11.266739845275879,1368300.0,7.9808478355407715
2001-03-23,11.753312110900879,11.247843742370605,11.266739845275879,11.673004150390625,1399400.0,8.26862907409668
2001-03-26,11.833620071411133,11.337599754333496,11.729692459106445,11.408459663391113,871700.0,8.08123779296875
2001-03-27,11.621040344238281,11.219499588012695,11.337599754333496,11.521836280822754,523400.0,8.161547660827637
2001-03-28,11.290360450744629,10.799063682556152,11.290360450744629,10.936059951782227,1139900.0,7.746610641479492
2001-03-29,11.233672142028809,10.86520004272461,10.936059951782227,10.884096145629883,738100.0,7.709798336029053
2001-03-30,11.691900253295898,10.89354419708252,10.912440299987793,11.691900253295898,1122300.0,8.282012939453125
2001-04-02,11.621040344238281,10.680964469909668,11.621040344238281,10.751824378967285,882900.0,7.616103649139404
2001-04-03,10.577035903930664,9.825920104980469,10.572312355041504,10.019603729248047,1618700.0,7.097434043884277
2001-04-04,10.369179725646973,9.958191871643066,10.019603729248047,10.047947883605957,1185800.0,7.117511749267578
2001-04-05,10.732928276062012,10.118807792663574,10.156599998474121,10.572312355041504,936000.0,7.488948345184326
2001-04-06,10.510899543762207,10.06684398651123,10.392800331115723,10.199115753173828,734500.0,7.224592208862305
2001-04-09,10.884096145629883,10.345560073852539,10.345560073852539,10.676239967346191,685800.0,7.56256628036499
2001-04-10,11.290360450744629,10.751824378967285,10.751824378967285,11.101400375366211,639200.0,7.86373233795166
2001-04-11,11.337599754333496,10.846303939819336,11.172260284423828,11.006919860839844,611100.0,7.796804904937744
2001-04-12,11.554903984069824,10.770719528198242,11.025815963745117,11.53600788116455,786600.0,8.171587944030762
2001-04-16,11.484044075012207,11.148639678955078,11.47931957244873,11.361220359802246,567100.0,8.047774314880371
2001-04-17,11.630488395690918,11.309255599975586,11.337599754333496,11.427355766296387,522800.0,8.094620704650879
2001-04-18,12.707559585571289,11.691900253295898,11.691900253295898,12.27295207977295,1520100.0,8.693605422973633
2001-04-19,12.778420448303223,12.192644119262695,12.235159873962402,12.745351791381836,694500.0,9.028230667114258
2001-04-20,12.84928035736084,12.282400131225586,12.745351791381836,12.565839767456055,689200.0,8.901071548461914
2001-04-23,12.565839767456055,12.27295207977295,12.565839767456055,12.310744285583496,984100.0,8.720368385314941
2001-04-24,12.76424789428711,12.315467834472656,12.32964038848877,12.41939640045166,638200.0,8.79733943939209
2001-04-25,12.650872230529785,12.39577579498291,12.400500297546387,12.641424179077148,476200.0,8.954609870910645
2001-04-26,12.986275672912598,12.537495613098145,12.660320281982422,12.84928035736084,581700.0,9.101851463317871
2001-04-27,13.014619827270508,12.75952434539795,12.920140266418457,13.014619827270508,688100.0,9.218965530395508
2001-04-30,13.581500053405762,13.099652290344238,13.099652290344238,13.581500053405762,820700.0,9.620518684387207
2001-05-01,13.510640144348145,13.213027954101562,13.510640144348145,13.40198802947998,1025100.0,9.493364334106445
2001-05-02,13.794079780578613,13.482295989990234,13.605119705200195,13.633463859558105,751400.0,9.657329559326172
2001-05-03,13.699600219726562,13.27916431427002,13.534259796142578,13.699600219726562,788900.0,9.704177856445312
2001-05-04,14.313719749450684,13.605119705200195,13.652359962463379,14.308996200561523,1243000.0,10.135844230651855
2001-05-07,14.502679824829102,14.242859840393066,14.242859840393066,14.431819915771484,1371000.0,10.222846984863281
2001-05-08,14.762499809265137,14.573539733886719,14.597160339355469,14.644399642944336,1198100.0,10.373432159423828
2001-05-09,14.3845796585083,13.86021614074707,14.3845796585083,13.898008346557617,1321500.0,9.844718933105469
2001-05-10,14.644399642944336,14.195619583129883,14.29010009765625,14.464887619018555,1387100.0,10.2462739944458
2001-05-11,14.611331939697266,14.143655776977539,14.582987785339355,14.398752212524414,578300.0,10.199423789978027
2001-05-14,14.3845796585083,14.011384010314941,14.3845796585083,14.058624267578125,279000.0,9.95849323272705
2001-05-15,14.20034408569336,13.92162799835205,14.001935958862305,14.162551879882812,682000.0,10.032110214233398
2001-05-16,14.115311622619629,13.80352783203125,14.115311622619629,14.072795867919922,733000.0,9.968531608581543
2001-05-17,14.40820026397705,14.17199993133545,14.17199993133545,14.40820026397705,997600.0,10.206116676330566
2001-05-18,14.464887619018555,14.190896034240723,14.40820026397705,14.32316780090332,515000.0,10.145881652832031
2001-05-21,15.031767845153809,14.356236457824707,14.3845796585083,15.031767845153809,656600.0,10.6478271484375
2001-05-22,15.21127986907959,14.852255821228027,15.164039611816406,14.913667678833008,1444900.0,10.564167022705078
2001-05-23,14.885323524475098,14.360960006713867,14.885323524475098,14.455439567565918,493000.0,10.239577293395996
2001-05-24,14.521575927734375,14.101140022277832,14.455439567565918,14.176724433898926,650900.0,10.042150497436523
2001-05-25,14.219240188598633,14.001935958862305,14.17199993133545,14.219240188598633,394300.0,10.08907699584961
2001-05-29,14.148380279541016,13.71377182006836,14.148380279541016,13.73739242553711,426100.0,9.747186660766602
2001-05-30,13.652359962463379,13.142168045043945,13.652359962463379,13.146891593933105,486000.0,9.328202247619629
2001-05-31,13.605119705200195,13.236647605895996,13.274439811706543,13.425607681274414,660200.0,9.525968551635742
2001-06-01,13.77518367767334,13.439780235290527,13.468124389648438,13.761012077331543,470500.0,9.763943672180176
2001-06-04,13.817700386047363,13.675979614257812,13.761012077331543,13.80352783203125,241500.0,9.794111251831055
2001-06-05,14.337340354919434,13.794079780578613,13.80352783203125,14.29482364654541,376500.0,10.142704010009766
2001-06-06,14.370408058166504,14.068072319030762,14.181447982788086,14.176724433898926,729400.0,10.058907508850098
2001-06-07,14.209792137145996,13.935799598693848,14.176724433898926,13.940524101257324,429200.0,9.891317367553711
2001-06-08,13.945247650146484,13.605119705200195,13.945247650146484,13.680704116821289,412900.0,9.706964492797852
2001-06-11,13.690152168273926,13.31223201751709,13.680704116821289,13.534259796142578,686400.0,9.603055953979492
2001-06-12,13.699600219726562,13.014619827270508,13.31223201751709,13.652359962463379,646400.0,9.686853408813477
2001-06-13,14.573539733886719,13.7090482711792,13.74683952331543,14.134207725524902,1649400.0,10.028742790222168
2001-06-14,14.086968421936035,13.472847938537598,14.086968421936035,13.472847938537598,539300.0,9.559484481811523
2001-06-15,13.378368377685547,13.109100341796875,13.298060417175293,13.25082015991211,493000.0,9.401947021484375
2001-06-18,13.274439811706543,12.650872230529785,13.269716262817383,12.726455688476562,574300.0,9.029890060424805
2001-06-19,12.920140266418457,12.428844451904297,12.79259204864502,12.428844451904297,760100.0,8.8187255859375
2001-06-20,12.683939933776855,12.235159873962402,12.447739601135254,12.627251625061035,890500.0,8.959505081176758
2001-06-21,12.981552124023438,12.565839767456055,12.627251625061035,12.778420448303223,393900.0,9.066761016845703
2001-06-22,13.179960250854492,12.126507759094238,12.84928035736084,12.154851913452148,1983000.0,8.624316215515137
2001-06-25,12.466635704040527,12.150128364562988,12.216263771057129,12.187919616699219,323200.0,8.647778511047363
2001-06-26,12.315467834472656,11.9989595413208,12.192644119262695,12.225711822509766,478400.0,8.674593925476074
2001-06-27,12.32964038848877,12.041476249694824,12.131232261657715,12.211540222167969,620800.0,8.664539337158203
2001-06-28,12.712284088134766,12.282400131225586,12.282400131225586,12.542220115661621,369300.0,8.899168014526367
2001-06-29,12.94375991821289,12.518600463867188,12.565839767456055,12.85400390625,392600.0,9.120393753051758
2001-07-02,13.033515930175781,12.707559585571289,12.802040100097656,12.995723724365234,498000.0,9.22094440460205
2001-07-03,13.123271942138672,12.82565975189209,12.948484420776367,13.099652290344238,589700.0,9.29468822479248
2001-07-05,13.038240432739258,12.636699676513672,13.038240432739258,12.707559585571289,559600.0,9.016485214233398
2001-07-06,12.712284088134766,12.244607925415039,12.712284088134766,12.258779525756836,324500.0,8.698057174682617
2001-07-09,12.48080825805664,12.173748016357422,12.258779525756836,12.173748016357422,251000.0,8.637723922729492
2001-07-10,12.613080024719238,11.9989595413208,12.206815719604492,12.575287818908691,1063500.0,8.92263126373291
2001-07-11,12.565839767456055,12.32964038848877,12.494979858398438,12.551668167114258,560300.0,8.905874252319336
2001-07-12,13.198856353759766,12.665043830871582,12.665043830871582,13.123271942138672,653800.0,9.311444282531738
2001-07-13,13.123271942138672,12.84928035736084,13.123271942138672,13.038240432739258,257800.0,9.251115798950195
2001-07-16,13.179960250854492,13.000448226928711,13.014619827270508,13.005171775817871,494200.0,9.227649688720703
2001-07-17,13.061860084533691,12.806763648986816,13.005171775817871,12.920140266418457,430700.0,9.167316436767578
2001-07-18,13.019344329833984,12.400500297546387,12.896519660949707,12.518600463867188,362100.0,8.88240909576416
2001-07-19,13.321680068969727,12.589460372924805,12.589460372924805,12.84928035736084,381400.0,9.11704158782959
2001-07-20,12.872900009155273,12.674491882324219,12.802040100097656,12.740628242492676,363000.0,9.039947509765625
2001-07-23,12.773695945739746,12.589460372924805,12.754799842834473,12.636699676513672,381400.0,8.966204643249512
2001-07-24,12.655595779418945,12.42411994934082,12.636699676513672,12.428844451904297,321100.0,8.8187255859375
2001-07-25,12.981552124023438,12.466635704040527,12.466635704040527,12.929588317871094,1039100.0,9.174020767211914
2001-07-26,13.959420204162598,13.161064147949219,13.274439811706543,13.940524101257324,1211800.0,9.891317367553711
2001-07-27,14.20506763458252,13.874387741088867,13.940524101257324,14.148380279541016,554800.0,10.038798332214355
2001-07-30,14.162551879882812,13.846043586730957,14.153103828430176,14.153103828430176,318300.0,10.04215145111084
2001-07-31,14.370408058166504,14.157828330993652,14.157828330993652,14.181447982788086,924400.0,10.062263488769531
2001-08-01,14.72470760345459,14.242859840393066,14.25703239440918,14.606608390808105,378900.0,10.363930702209473
2001-08-02,14.795568466186523,14.40820026397705,14.668020248413086,14.597160339355469,563500.0,10.357226371765137
2001-08-03,14.597160339355469,14.436544418334961,14.597160339355469,14.497956275939941,288500.0,10.286832809448242
2001-08-06,14.715259552001953,14.469612121582031,14.497956275939941,14.535747528076172,303700.0,10.313652038574219
2001-08-07,14.6349515914917,14.469612121582031,14.540472030639648,14.592435836791992,484700.0,10.353872299194336
2001-08-08,14.620779991149902,14.389304161071777,14.549920082092285,14.488508224487305,359600.0,10.280131340026855
2001-08-09,14.479060173034668,14.053899765014648,14.479060173034668,14.101140022277832,445500.0,10.005281448364258
2001-08-10,14.242859840393066,13.935799598693848,14.17199993133545,14.115311622619629,397900.0,10.015336036682129
2001-08-13,14.148380279541016,13.628740310668945,14.077520370483398,13.794079780578613,732800.0,9.787407875061035
2001-08-14,14.049176216125488,13.822423934936523,13.983039855957031,13.841320037841797,302900.0,9.820926666259766
2001-08-15,13.86021614074707,13.496467590332031,13.841320037841797,13.524811744689941,325900.0,9.596356391906738
2001-08-16,13.73739242553711,13.321680068969727,13.510640144348145,13.652359962463379,802000.0,9.686853408813477
2001-08-17,13.68542766571045,13.392539978027344,13.605119705200195,13.624015808105469,390700.0,9.666742324829102
2001-08-20,13.779908180236816,13.392539978027344,13.595671653747559,13.71377182006836,259900.0,9.730427742004395
2001-08-21,13.8271484375,13.671256065368652,13.699600219726562,13.671256065368652,868700.0,9.700258255004883
2001-08-22,13.883835792541504,13.463399887084961,13.699600219726562,13.79880428314209,594100.0,9.790763854980469
2001-08-23,13.92162799835205,13.794079780578613,13.846043586730957,13.86493968963623,343900.0,9.837690353393555
2001-08-24,14.195619583129883,13.931076049804688,13.935799598693848,14.077520370483398,453200.0,9.98852252960205
2001-08-27,14.549920082092285,14.209792137145996,14.219240188598633,14.3845796585083,663400.0,10.206389427185059
2001-08-28,14.455439567565918,14.219240188598633,14.398752212524414,14.280652046203613,304800.0,10.132647514343262
2001-08-29,14.29482364654541,14.006660461425781,14.275927543640137,14.039728164672852,346300.0,9.961703300476074
2001-08-30,14.020832061767578,13.586223602294922,14.020832061767578,13.609844207763672,378900.0,9.65668773651123
2001-08-31,13.959420204162598,13.666531562805176,13.666531562805176,13.855491638183594,222400.0,9.830984115600586
2001-09-04,13.879112243652344,13.487019538879395,13.879112243652344,13.572052001953125,306700.0,9.629873275756836
2001-09-05,13.624015808105469,13.099652290344238,13.595671653747559,13.161064147949219,674000.0,9.354537963867188
2001-09-06,13.217752456665039,12.863451957702637,13.113823890686035,12.868176460266113,436900.0,9.146361351013184
2001-09-07,13.014619827270508,12.698111534118652,12.802040100097656,12.698111534118652,490400.0,9.025486946105957
2001-09-10,12.877623558044434,12.48080825805664,12.702836036682129,12.844555854797363,482200.0,9.129575729370117
2001-09-17,15.683679580688477,14.049176216125488,15.352999687194824,14.101140022277832,3829500.0,10.022723197937012
2001-09-18,14.22868824005127,13.463399887084961,14.053899765014648,13.576775550842285,1481300.0,9.650016784667969
2001-09-19,13.704323768615723,13.179960250854492,13.557880401611328,13.680704116821289,1038500.0,9.72388744354248
2001-09-20,14.32316780090332,13.298060417175293,13.515363693237305,14.077520370483398,1124200.0,10.005937576293945
2001-09-21,14.124759674072266,13.477572441101074,14.082243919372559,13.74683952331543,986200.0,9.770893096923828
2001-09-24,14.493231773376465,13.935799598693848,13.983039855957031,13.983039855957031,711000.0,9.938779830932617
2001-09-25,14.082243919372559,13.387816429138184,13.935799598693848,13.699600219726562,793800.0,9.73731803894043
2001-09-26,13.86021614074707,13.510640144348145,13.841320037841797,13.794079780578613,738700.0,9.804472923278809
2001-09-27,14.890048027038574,13.77046012878418,13.77046012878418,14.77667236328125,1226900.0,10.502870559692383
2001-09-28,15.419136047363281,14.975079536437988,15.116800308227539,15.031767845153809,1532300.0,10.68419075012207
2001-10-01,15.30103588104248,14.904219627380371,14.975079536437988,14.998700141906738,1315600.0,10.660686492919922
2001-10-02,15.116800308227539,14.790843963623047,14.975079536437988,14.861703872680664,1594800.0,10.563311576843262
2001-10-03,15.376620292663574,14.790843963623047,14.86642837524414,15.27269172668457,1604700.0,10.855430603027344
2001-10-04,15.839571952819824,15.045940399169922,15.291587829589844,15.097904205322266,1508000.0,10.731200218200684
2001-10-05,15.409687995910645,14.616056442260742,15.093179702758789,15.390791893005371,958200.0,10.93936824798584
2001-10-08,15.967120170593262,15.305760383605957,15.305760383605957,15.603371620178223,1341400.0,11.09046745300293
2001-10-09,16.73240852355957,15.631715774536133,15.69785213470459,16.534000396728516,4184100.0,11.751938819885254
2001-10-10,16.99222755432129,16.217491149902344,16.486759185791016,16.8882999420166,1916800.0,12.003763198852539
2001-10-11,17.407939910888672,16.8882999420166,16.8882999420166,17.143396377563477,1257100.0,12.185083389282227
2001-10-12,17.47879981994629,16.930816650390625,17.096155166625977,17.47879981994629,1160400.0,12.423474311828613
2001-10-15,17.47879981994629,17.12922477722168,17.47879981994629,17.327632904052734,1185200.0,12.316025733947754
2001-10-16,17.360700607299805,17.143396377563477,17.327632904052734,17.143396377563477,1166300.0,12.185083389282227
2001-10-17,17.3890438079834,15.589200019836426,17.289840698242188,16.06632423400879,2999100.0,11.419527053833008
2001-10-18,16.349763870239258,15.740367889404297,16.061599731445312,16.193872451782227,861100.0,11.510184288024902
2001-10-19,16.916643142700195,15.990739822387695,16.15608024597168,16.883575439453125,1248500.0,12.000402450561523
2001-10-22,16.82216453552246,16.274179458618164,16.817440032958984,16.293075561523438,1291700.0,11.580694198608398
2001-10-23,16.571792602539062,16.04270362854004,16.4631404876709,16.056875228881836,1269200.0,11.412811279296875
2001-10-24,16.08994483947754,15.565580368041992,16.014360427856445,15.78760814666748,903600.0,11.221421241760254
2001-10-25,15.745092391967773,15.305760383605957,15.740367889404297,15.622267723083496,1534500.0,11.103898048400879
2001-10-26,16.047428131103516,15.66950798034668,15.66950798034668,15.896260261535645,707400.0,11.298649787902832
2001-10-29,16.652099609375,16.047428131103516,16.061599731445312,16.231664657592773,1484300.0,11.53704833984375
2001-10-30,16.231664657592773,15.877364158630371,16.231664657592773,16.052152633666992,843100.0,11.409451484680176
2001-10-31,16.226940155029297,15.900983810424805,16.09939193725586,16.193872451782227,958500.0,11.510184288024902
2001-11-01,16.26945686340332,16.037979125976562,16.17970085144043,16.2127685546875,690500.0,11.523613929748535
2001-11-02,16.614307403564453,16.241111755371094,16.36865997314453,16.534000396728516,1349400.0,11.751938819885254
2001-11-05,16.623756408691406,16.4489688873291,16.534000396728516,16.467863082885742,1470500.0,11.704924583435059
2001-11-06,16.4158992767334,16.241111755371094,16.4158992767334,16.340316772460938,1011200.0,11.614269256591797
2001-11-07,16.581239700317383,16.184423446655273,16.297800064086914,16.491483688354492,1335900.0,11.721711158752441
2001-11-08,16.524551391601562,16.037979125976562,16.524551391601562,16.052152633666992,703200.0,11.409451484680176
2001-11-09,15.976568222045898,15.61281967163086,15.863191604614258,15.61281967163086,1318100.0,11.097186088562012
2001-11-12,15.61281967163086,15.32938003540039,15.61281967163086,15.518340110778809,1087400.0,11.030035018920898
2001-11-13,15.63644027709961,15.442755699157715,15.598648071289062,15.489995956420898,947500.0,11.009886741638184
2001-11-14,15.541959762573242,15.116800308227539,15.541959762573242,15.1215238571167,1448700.0,10.747986793518066
2001-11-15,15.352999687194824,15.093179702758789,15.1215238571167,15.107352256774902,634400.0,10.754711151123047
2001-11-16,15.21127986907959,14.951459884643555,15.15459156036377,15.022319793701172,583400.0,10.694174766540527
2001-11-19,15.060111999511719,14.40820026397705,15.045940399169922,14.630228042602539,1937500.0,10.415054321289062
2001-11-20,14.989252090454102,14.40820026397705,14.715259552001953,14.649124145507812,1127800.0,10.428505897521973
2001-11-21,14.738880157470703,14.20034408569336,14.677468299865723,14.592435836791992,1064500.0,10.388150215148926
2001-11-23,15.30103588104248,14.592435836791992,14.592435836791992,15.258520126342773,646900.0,10.862322807312012
2001-11-26,15.61281967163086,15.3577241897583,15.589200019836426,15.579751968383789,1692400.0,11.091007232666016
2001-11-27,15.655336380004883,15.30103588104248,15.518340110778809,15.447480201721191,1046700.0,10.996848106384277
2001-11-28,15.466376304626465,15.116800308227539,15.386068344116211,15.140419960021973,832500.0,10.778251647949219
2001-11-29,15.164039611816406,14.856980323791504,15.159316062927246,15.074283599853516,800100.0,10.731172561645508
2001-11-30,15.258520126342773,15.069560050964355,15.21127986907959,15.069560050964355,768600.0,10.72780704498291
2001-12-03,15.083731651306152,14.81446361541748,15.022319793701172,14.904219627380371,520700.0,10.61010456085205
2001-12-04,15.24434757232666,14.852255821228027,14.904219627380371,15.230175971984863,386500.0,10.842148780822754
2001-12-05,15.589200019836426,15.20655632019043,15.305760383605957,15.371895790100098,610200.0,10.943035125732422
2001-12-06,15.61281967163086,15.324655532836914,15.376620292663574,15.475824356079102,1100700.0,11.017020225524902
2001-12-07,15.63644027709961,15.32938003540039,15.494720458984375,15.423859596252441,655800.0,10.980027198791504
2001-12-10,15.631715774536133,15.1215238571167,15.428584098815918,15.164039611816406,542100.0,10.795068740844727
2001-12-11,15.367172241210938,14.554643630981445,15.258520126342773,14.66329574584961,999100.0,10.438592910766602
2001-12-12,14.786120414733887,14.360960006713867,14.653847694396973,14.545195579528809,578300.0,10.35451889038086
2001-12-13,14.40820026397705,14.077520370483398,14.360960006713867,14.17199993133545,776800.0,10.088845252990723
2001-12-14,14.512127876281738,13.983039855957031,14.17199993133545,14.167276382446289,1413400.0,10.08548355102539
2001-12-17,14.242859840393066,13.992487907409668,14.120036125183105,14.053899765014648,1224100.0,10.004770278930664
2001-12-18,14.252307891845703,13.83187198638916,14.124759674072266,14.006660461425781,824700.0,9.971142768859863
2001-12-19,14.006660461425781,13.652359962463379,14.006660461425781,13.652359962463379,1217800.0,9.718921661376953
2001-12-20,13.699600219726562,13.203579902648926,13.652359962463379,13.208304405212402,1199100.0,9.402806282043457
2001-12-21,13.439780235290527,13.179960250854492,13.203579902648926,13.321680068969727,1486800.0,9.48351764678955
2001-12-24,13.453951835632324,13.274439811706543,13.335851669311523,13.335851669311523,396200.0,9.493607521057129
2001-12-26,13.581500053405762,13.340576171875,13.354747772216797,13.543707847595215,636100.0,9.641571998596191
2001-12-27,14.247584342956543,13.562603950500488,13.562603950500488,14.223963737487793,1594400.0,10.125839233398438
2001-12-28,14.554643630981445,14.219240188598633,14.223963737487793,14.238136291503906,873800.0,10.135929107666016
2001-12-31,14.573539733886719,14.077520370483398,14.219240188598633,14.412923812866211,875300.0,10.260360717773438
2002-01-02,14.40820026397705,14.176724433898926,14.37985610961914,14.304271697998047,769000.0,10.183013916015625
2002-01-03,14.762499809265137,14.35151195526123,14.35151195526123,14.72470760345459,562800.0,10.482312202453613
2002-01-04,14.904219627380371,14.592435836791992,14.72470760345459,14.592435836791992,712300.0,10.388150215148926
2002-01-07,14.734155654907227,14.502679824829102,14.549920082092285,14.526300430297852,549100.0,10.341066360473633
2002-01-08,14.554643630981445,14.360960006713867,14.531023979187012,14.512127876281738,417600.0,10.33098030090332
2002-01-09,14.86642837524414,14.20034408569336,14.464887619018555,14.271203994750977,703200.0,10.159464836120605
2002-01-10,14.450716018676758,14.219240188598633,14.313719749450684,14.37985610961914,736800.0,10.23681926727295
2002-01-11,14.564091682434082,14.337340354919434,14.337340354919434,14.450716018676758,443000.0,10.287257194519043
2002-01-14,14.427096366882324,14.242859840393066,14.40820026397705,14.247584342956543,555400.0,10.142655372619629
2002-01-15,14.445992469787598,14.266480445861816,14.337340354919434,14.275927543640137,731300.0,10.162830352783203
2002-01-16,14.32316780090332,14.124759674072266,14.219240188598633,14.313719749450684,1145400.0,10.189737319946289
2002-01-17,15.164039611816406,14.360960006713867,14.3845796585083,15.1215238571167,1465400.0,10.764799118041992
2002-01-18,15.471099853515625,15.107352256774902,15.1215238571167,15.362447738647461,2004400.0,10.936310768127441
2002-01-22,15.693127632141113,15.32938003540039,15.367172241210938,15.622267723083496,1874000.0,11.121272087097168
2002-01-23,15.839571952819824,15.570303916931152,15.589200019836426,15.716748237609863,814900.0,11.188525199890137
2002-01-24,16.170251846313477,15.721471786499023,15.721471786499023,16.047428131103516,729800.0,11.42393684387207
2002-01-25,15.943499565124512,15.404964447021484,15.943499565124512,15.423859596252441,1179200.0,10.980027198791504
2002-01-28,15.73091983795166,15.21127986907959,15.400239944458008,15.70257568359375,827400.0,11.178442001342773
2002-01-29,15.82067584991455,15.541959762573242,15.63644027709961,15.589200019836426,838600.0,11.097729682922363
2002-01-30,16.047428131103516,15.589200019836426,15.589200019836426,15.971843719482422,941100.0,11.37013053894043
2002-01-31,16.67572021484375,15.971843719482422,15.971843719482422,16.52927589416504,1581700.0,11.766958236694336
2002-02-01,16.656824111938477,16.43951988220215,16.486759185791016,16.534000396728516,931200.0,11.770323753356934
2002-02-04,16.510379791259766,16.193872451782227,16.486759185791016,16.307247161865234,778100.0,11.60889720916748
2002-02-05,16.39228057861328,16.08994483947754,16.307247161865234,16.09939193725586,906200.0,11.460929870605469
2002-02-06,16.127735137939453,15.70257568359375,16.09939193725586,15.971843719482422,556300.0,11.37013053894043
2002-02-07,16.047428131103516,15.29631233215332,15.858468055725098,15.319931983947754,2634800.0,10.90604305267334
2002-02-08,15.75454044342041,15.126248359680176,15.367172241210938,15.70257568359375,473500.0,11.178442001342773
2002-02-11,16.17970085144043,15.688404083251953,15.749815940856934,16.108840942382812,359600.0,11.467657089233398
2002-02-12,16.113563537597656,15.839571952819824,16.108840942382812,16.00963592529297,448500.0,11.397035598754883
2002-02-13,16.13245964050293,15.872639656066895,16.13245964050293,15.952947616577148,443900.0,11.356680870056152
2002-02-14,15.967120170593262,15.532511711120605,15.967120170593262,15.541959762573242,610200.0,11.064103126525879
2002-02-15,15.78760814666748,15.461651802062988,15.63644027709961,15.63644027709961,1020500.0,11.131360054016113
2002-02-19,15.63644027709961,14.025555610656738,15.63644027709961,14.31844425201416,3731100.0,10.193098068237305
2002-02-20,15.66950798034668,14.304271697998047,14.3845796585083,15.603371620178223,1418700.0,11.107818603515625
2002-02-21,15.70257568359375,15.29631233215332,15.565580368041992,15.30103588104248,765800.0,10.892592430114746
2002-02-22,15.73091983795166,15.14986801147461,15.282139778137207,15.693127632141113,1190000.0,11.171714782714844
2002-02-25,16.307247161865234,15.645888328552246,15.645888328552246,16.297800064086914,1213800.0,11.6021728515625
2002-02-26,16.349763870239258,15.67423152923584,16.30252456665039,15.8442964553833,886100.0,11.279332160949707
2002-02-27,16.108840942382812,15.76398754119873,16.061599731445312,15.896260261535645,547400.0,11.316325187683105
2002-02-28,16.193872451782227,15.934052467346191,15.943499565124512,16.17970085144043,604500.0,11.518101692199707
2002-03-01,16.600135803222656,16.17970085144043,16.17970085144043,16.571792602539062,1199100.0,11.797224998474121
2002-03-04,17.578004837036133,16.567068099975586,16.604860305786133,17.426836013793945,1624600.0,12.423624038696289
2002-03-05,17.45517921447754,17.124500274658203,17.426836013793945,17.19536018371582,1096300.0,12.258607864379883
2002-03-06,17.233152389526367,16.9024715423584,17.233152389526367,17.17173957824707,807700.0,12.241766929626465
2002-03-07,17.47879981994629,17.22842788696289,17.407939910888672,17.459903717041016,604900.0,12.44720458984375
2002-03-08,17.951200485229492,16.87885284423828,17.474075317382812,16.940263748168945,1185000.0,12.07674503326416
2002-03-11,17.242599487304688,16.803268432617188,16.91192054748535,17.07253646850586,1407700.0,12.17104721069336
2002-03-12,16.98278045654297,16.250560760498047,16.98278045654297,16.36865997314453,1212500.0,11.669252395629883
2002-03-13,16.628480911254883,16.193872451782227,16.36865997314453,16.467863082885742,405800.0,11.739971160888672
2002-03-14,16.6993408203125,16.467863082885742,16.467863082885742,16.482036590576172,362100.0,11.750075340270996
2002-03-15,16.633203506469727,16.36865997314453,16.534000396728516,16.486759185791016,581200.0,11.753442764282227
2002-03-18,16.68516731262207,16.43951988220215,16.43951988220215,16.482036590576172,388600.0,11.750075340270996
2002-03-19,16.52927589416504,16.231664657592773,16.486759185791016,16.241111755371094,421600.0,11.578327178955078
2002-03-20,16.382831573486328,16.13245964050293,16.241111755371094,16.274179458618164,274100.0,11.601893424987793
2002-03-21,16.250560760498047,16.104116439819336,16.15608024597168,16.15608024597168,290000.0,11.51770305633545
2002-03-22,16.321420669555664,16.12301254272461,16.160804748535156,16.12301254272461,241900.0,11.494126319885254
2002-03-25,16.127735137939453,15.943499565124512,16.127735137939453,16.014360427856445,393900.0,11.416668891906738
2002-03-26,16.354488372802734,16.014360427856445,16.014360427856445,16.27890396118164,395400.0,11.605264663696289
2002-03-27,16.581239700317383,16.363935470581055,16.363935470581055,16.4489688873291,437500.0,11.726503372192383
2002-03-28,16.99222755432129,16.500932693481445,16.500932693481445,16.963884353637695,893900.0,12.093586921691895
2002-04-01,16.963884353637695,16.68516731262207,16.963884353637695,16.869403839111328,374400.0,12.026238441467285
2002-04-02,16.82216453552246,16.600135803222656,16.82216453552246,16.600135803222656,511600.0,11.834269523620605
2002-04-03,16.6993408203125,16.411176681518555,16.652099609375,16.458415985107422,437900.0,11.733236312866211
2002-04-04,16.746580123901367,16.453691482543945,16.458415985107422,16.746580123901367,422500.0,11.938668251037598
2002-04-05,16.978055953979492,16.666271209716797,16.722959518432617,16.770200729370117,274500.0,11.9555082321167
2002-04-08,16.8882999420166,16.571792602539062,16.713512420654297,16.841060638427734,199400.0,12.006025314331055
2002-04-09,16.954435348510742,16.590688705444336,16.954435348510742,16.67572021484375,424000.0,11.888150215148926
2002-04-10,17.006399154663086,16.737131118774414,16.737131118774414,16.99222755432129,419700.0,12.113795280456543
2002-04-11,16.95915985107422,16.83161163330078,16.91192054748535,16.836336135864258,373600.0,12.00266170501709
2002-04-12,16.944988250732422,16.67572021484375,16.930816650390625,16.803268432617188,270900.0,11.979083061218262
2002-04-15,16.893024444580078,16.420623779296875,16.756027221679688,16.637928009033203,457200.0,11.861214637756348
2002-04-16,17.60162353515625,16.756027221679688,16.756027221679688,17.596900939941406,811600.0,12.544868469238281
2002-04-17,18.192123413085938,17.667760848999023,17.71500015258789,18.192123413085938,1701900.0,12.969202041625977
2002-04-18,18.182676315307617,17.26149559020996,18.16850471496582,17.441007614135742,1038700.0,12.433730125427246
2002-04-19,17.65831184387207,17.384319305419922,17.526039123535156,17.596900939941406,415300.0,12.544868469238281
2002-04-22,17.596900939941406,17.143396377563477,17.596900939941406,17.22842788696289,311300.0,12.282180786132812
2002-04-23,17.275667190551758,16.486759185791016,17.275667190551758,16.49620819091797,926300.0,11.760178565979004
2002-04-24,16.680444717407227,16.250560760498047,16.543447494506836,16.264732360839844,645400.0,11.59516429901123
2002-04-25,16.70878791809082,16.151355743408203,16.264732360839844,16.67572021484375,433500.0,11.888150215148926
2002-04-26,16.841060638427734,16.297800064086914,16.746580123901367,16.35921287536621,322300.0,11.662519454956055
2002-04-29,16.500932693481445,16.260007858276367,16.406452178955078,16.39228057861328,241700.0,11.686087608337402
2002-04-30,17.10560417175293,16.411176681518555,16.4158992767334,17.10560417175293,814500.0,12.194620132446289
2002-05-01,17.143396377563477,16.694616317749023,17.10560417175293,17.143396377563477,399800.0,12.221563339233398
2002-05-02,17.35125160217285,16.79854393005371,17.337080001831055,17.110328674316406,522600.0,12.197986602783203
2002-05-03,17.21898078918457,16.836336135864258,17.17173957824707,17.143396377563477,670600.0,12.221563339233398
2002-05-06,17.237876892089844,16.8882999420166,17.100879669189453,16.973331451416016,433300.0,12.100322723388672
2002-05-07,17.053640365600586,16.751304626464844,17.053640365600586,16.91192054748535,277500.0,12.056540489196777
2002-05-08,17.19536018371582,16.83161163330078,17.148120880126953,17.011123657226562,748700.0,12.127260208129883
2002-05-09,17.289840698242188,16.8882999420166,17.01584815979004,16.95915985107422,417600.0,12.090221405029297
2002-05-10,16.95915985107422,16.028532028198242,16.95915985107422,16.06632423400879,756300.0,11.453713417053223
2002-05-13,17.242599487304688,15.990739822387695,16.17970085144043,17.22842788696289,552900.0,12.282180786132812
2002-05-14,17.89923667907715,17.337080001831055,17.337080001831055,17.790584564208984,582500.0,12.68294620513916
2002-05-15,17.85199546813965,17.483524322509766,17.809480667114258,17.55910873413086,758400.0,12.517925262451172
2002-05-16,17.762239456176758,17.540212631225586,17.596900939941406,17.677207946777344,216700.0,12.602115631103516
2002-05-17,18.012611389160156,17.573280334472656,17.762239456176758,17.809480667114258,541900.0,12.69641399383545
2002-05-20,18.03150749206543,17.72444725036621,17.809480667114258,17.98899269104004,462300.0,12.824389457702637
2002-05-21,18.026784896850586,17.431560516357422,17.98899269104004,17.55910873413086,803900.0,12.517925262451172
2002-05-22,17.59217643737793,17.332355499267578,17.55910873413086,17.55910873413086,296100.0,12.517925262451172
2002-05-23,17.71500015258789,17.431560516357422,17.620519638061523,17.587451934814453,542900.0,12.538132667541504
2002-05-24,17.620519638061523,17.54493522644043,17.587451934814453,17.582727432250977,330800.0,12.534762382507324
2002-05-28,17.710275650024414,17.29456329345703,17.620519638061523,17.47879981994629,505500.0,12.460671424865723
2002-05-29,17.46935272216797,17.313459396362305,17.46935272216797,17.407939910888672,331000.0,12.426950454711914
2002-05-30,17.573280334472656,17.289840698242188,17.407939910888672,17.554384231567383,319600.0,12.531485557556152
2002-05-31,17.99843978881836,17.69137954711914,17.71500015258789,17.8142032623291,572300.0,12.716970443725586
2002-06-03,17.960647583007812,17.431560516357422,17.951200485229492,17.615795135498047,637100.0,12.575329780578613
2002-06-04,17.700828552246094,17.384319305419922,17.497695922851562,17.700828552246094,559200.0,12.636034965515137
2002-06-05,17.870891571044922,17.549659729003906,17.700828552246094,17.766963958740234,397300.0,12.683242797851562
2002-06-06,17.955923080444336,17.563831329345703,17.856719970703125,17.587451934814453,904300.0,12.555094718933105
2002-06-07,17.80475616455078,17.355976104736328,17.431560516357422,17.752792358398438,652400.0,12.673126220703125
2002-06-10,17.946475982666016,17.729171752929688,17.785860061645508,17.795307159423828,665300.0,12.703474998474121
2002-06-11,18.14488410949707,17.653587341308594,17.880340576171875,17.790584564208984,797200.0,12.700104713439941
2002-06-12,17.790584564208984,17.431560516357422,17.78113555908203,17.69137954711914,532500.0,12.629287719726562
2002-06-13,17.785860061645508,17.35125160217285,17.667760848999023,17.540212631225586,414200.0,12.521379470825195
2002-06-14,17.573280334472656,16.6993408203125,17.42211151123047,17.464628219604492,650000.0,12.467411994934082
2002-06-17,17.880340576171875,17.596900939941406,17.667760848999023,17.880340576171875,832300.0,12.764184951782227
2002-06-18,18.281879425048828,17.842548370361328,17.922855377197266,17.99843978881836,1487200.0,12.84848403930664
2002-06-19,17.98899269104004,17.785860061645508,17.951200485229492,17.85199546813965,1588600.0,12.743946075439453
2002-06-20,17.82837677001953,17.573280334472656,17.573280334472656,17.672483444213867,720100.0,12.615798950195312
2002-06-21,17.78113555908203,17.573280334472656,17.672483444213867,17.71500015258789,926300.0,12.646151542663574
2002-06-24,17.984268188476562,17.554384231567383,17.700828552246094,17.833099365234375,880300.0,12.730454444885254
2002-06-25,17.94175148010254,17.50242042541504,17.809480667114258,17.582727432250977,2074500.0,12.551724433898926
2002-06-26,17.384319305419922,16.9024715423584,17.384319305419922,17.001676559448242,1598400.0,12.136934280395508
2002-06-27,17.124500274658203,16.510379791259766,17.006399154663086,16.95915985107422,1946600.0,12.106579780578613
2002-06-28,17.332355499267578,16.921367645263672,17.006399154663086,17.119775772094727,2293300.0,12.221237182617188
2002-07-01,17.167015075683594,16.31197166442871,17.167015075683594,16.36865997314453,1276000.0,11.685043334960938
2002-07-02,16.61903190612793,16.184423446655273,16.4158992767334,16.50565528869629,1212500.0,11.782841682434082
2002-07-03,16.486759185791016,15.938776016235352,16.486759185791016,16.293075561523438,780600.0,11.631084442138672
2002-07-05,16.581239700317383,16.08994483947754,16.293075561523438,16.486759185791016,540600.0,11.769346237182617
2002-07-08,16.68516731262207,16.39228057861328,16.534000396728516,16.491483688354492,940000.0,11.772721290588379
2002-07-09,16.79854393005371,16.453691482543945,16.491483688354492,16.590688705444336,1028500.0,11.843538284301758
2002-07-10,16.590688705444336,16.17970085144043,16.590688705444336,16.231664657592773,1119100.0,11.587244987487793
2002-07-11,16.387556076049805,15.995464324951172,16.113563537597656,16.340316772460938,1184100.0,11.664810180664062
2002-07-12,16.770200729370117,16.430072784423828,16.458415985107422,16.515104293823242,761800.0,11.789582252502441
2002-07-15,16.557619094848633,16.014360427856445,16.49620819091797,16.340316772460938,1274300.0,11.664810180664062
2002-07-16,17.56855583190918,16.382831573486328,16.39228057861328,17.327632904052734,2049100.0,12.369620323181152
2002-07-17,17.573280334472656,16.826887130737305,17.431560516357422,17.29456329345703,1520300.0,12.346012115478516
2002-07-18,17.47879981994629,16.963884353637695,17.29456329345703,17.001676559448242,744200.0,12.136934280395508
2002-07-19,16.98278045654297,16.28835105895996,16.86467933654785,16.4158992767334,747200.0,11.718764305114746
2002-07-22,16.722959518432617,15.934052467346191,16.4158992767334,16.250560760498047,1232000.0,11.60073184967041
2002-07-23,16.581239700317383,15.967120170593262,16.250560760498047,16.028532028198242,1189000.0,11.442235946655273
2002-07-24,15.745092391967773,14.644399642944336,15.745092391967773,15.626992225646973,2036100.0,11.155587196350098
2002-07-25,15.839571952819824,14.743603706359863,15.579751968383789,15.060111999511719,1026400.0,10.7509126663208
2002-07-26,15.164039611816406,14.582987785339355,15.060111999511719,14.630228042602539,709700.0,10.44403076171875
2002-07-29,14.927840232849121,14.668020248413086,14.786120414733887,14.78139591217041,1848600.0,10.551947593688965
2002-07-30,15.116800308227539,14.40820026397705,14.738880157470703,14.701087951660156,1732000.0,10.49461841583252
2002-07-31,15.352999687194824,14.455439567565918,14.701087951660156,15.168764114379883,1134200.0,10.828479766845703
2002-08-01,15.291587829589844,14.786120414733887,15.168764114379883,14.861703872680664,537200.0,10.609275817871094
2002-08-02,14.861703872680664,14.337340354919434,14.861703872680664,14.578264236450195,807700.0,10.406938552856445
2002-08-05,14.71998405456543,13.91690444946289,14.578264236450195,13.935799598693848,524900.0,9.948307037353516
2002-08-06,15.093179702758789,14.195619583129883,14.195619583129883,14.86642837524414,1015400.0,10.612648963928223
2002-08-07,15.286864280700684,14.786120414733887,15.008148193359375,15.21127986907959,1073600.0,10.85882568359375
2002-08-08,15.976568222045898,15.045940399169922,15.093179702758789,15.75926399230957,958200.0,11.250015258789062
2002-08-09,16.00018882751465,15.23490047454834,15.400239944458008,15.825400352478027,827600.0,11.297224044799805
2002-08-12,15.934052467346191,15.63644027709961,15.78760814666748,15.740367889404297,465900.0,11.236523628234863
2002-08-13,15.896260261535645,15.045940399169922,15.622267723083496,15.116800308227539,631800.0,10.7913818359375
2002-08-14,15.589200019836426,15.022319793701172,15.069560050964355,15.589200019836426,760500.0,11.128612518310547
2002-08-15,16.061599731445312,15.565580368041992,15.589200019836426,16.047428131103516,327400.0,11.455723762512207
2002-08-16,16.534000396728516,15.967120170593262,16.108840942382812,16.4158992767334,405800.0,11.718764305114746
2002-08-19,16.670995712280273,16.316696166992188,16.34503936767578,16.567068099975586,593500.0,11.826681137084961
2002-08-20,16.793819427490234,16.33559226989746,16.510379791259766,16.652099609375,828700.0,11.887372016906738
2002-08-21,16.15608024597168,15.126248359680176,15.409687995910645,16.108840942382812,6989800.0,11.499567985534668
2002-08-22,16.226940155029297,15.943499565124512,16.108840942382812,16.118288040161133,2182600.0,11.506308555603027
2002-08-23,16.080495834350586,15.73091983795166,16.071048736572266,15.896260261535645,1702700.0,11.347809791564941
2002-08-26,15.986016273498535,15.617544174194336,15.924604415893555,15.853743553161621,1015400.0,11.317459106445312
2002-08-27,15.872639656066895,15.055388450622559,15.872639656066895,15.253795623779297,2095400.0,10.889177322387695
2002-08-28,15.187660217285156,14.823911666870117,15.187660217285156,14.904219627380371,1141800.0,10.639626502990723
2002-08-29,15.471099853515625,14.78139591217041,14.890048027038574,15.140419960021973,709300.0,10.80824089050293
2002-08-30,15.258520126342773,14.904219627380371,15.045940399169922,15.093179702758789,731500.0,10.774519920349121
2002-09-03,15.079008102416992,14.74832820892334,15.079008102416992,14.861703872680664,714200.0,10.609275817871094
2002-09-04,15.045940399169922,14.701087951660156,14.800292015075684,14.984527587890625,933100.0,10.724223136901855
2002-09-05,14.890048027038574,14.620779991149902,14.890048027038574,14.710536003112793,784900.0,10.528130531311035
2002-09-06,15.069560050964355,14.800292015075684,14.800292015075684,15.055388450622559,655800.0,10.774941444396973
2002-09-09,15.201831817626953,14.913667678833008,15.055388450622559,15.112075805664062,767500.0,10.815511703491211
2002-09-10,16.047428131103516,15.324655532836914,15.352999687194824,15.967120170593262,1380300.0,11.42745304107666
2002-09-11,16.108840942382812,15.797056198120117,15.919879913330078,15.801779747009277,959500.0,11.309117317199707
2002-09-12,15.801779747009277,15.381343841552734,15.778160095214844,15.381343841552734,368900.0,11.008221626281738
2002-09-13,15.541959762573242,15.26796817779541,15.381343841552734,15.471099853515625,335000.0,11.072456359863281
2002-09-16,15.541959762573242,15.197108268737793,15.461651802062988,15.466376304626465,468000.0,11.069079399108887
2002-09-17,15.660059928894043,15.258520126342773,15.565580368041992,15.282139778137207,806000.0,10.937220573425293
2002-09-18,15.30103588104248,14.998700141906738,15.26796817779541,15.15459156036377,780400.0,10.845937728881836
2002-09-19,15.140419960021973,14.923115730285645,15.022319793701172,14.965632438659668,573400.0,10.710699081420898
2002-09-20,15.24434757232666,15.008148193359375,15.164039611816406,15.187660217285156,806900.0,10.869604110717773
2002-09-23,15.343551635742188,15.126248359680176,15.187660217285156,15.343551635742188,979600.0,10.981171607971191
2002-09-24,15.338828086853027,15.055388450622559,15.21127986907959,15.258520126342773,1042300.0,10.920315742492676
2002-09-25,15.801779747009277,15.343551635742188,15.376620292663574,15.617544174194336,604500.0,11.177268028259277
2002-09-26,15.919879913330078,15.489995956420898,15.70257568359375,15.915156364440918,913400.0,11.390263557434082
2002-09-27,16.061599731445312,15.73091983795166,15.872639656066895,15.778160095214844,636500.0,11.292215347290039
2002-09-30,15.929327964782715,15.560855865478516,15.73091983795166,15.82067584991455,795700.0,11.32264518737793
2002-10-01,16.226940155029297,15.63644027709961,15.849020004272461,16.226940155029297,925000.0,11.613402366638184
2002-10-02,16.4631404876709,15.78760814666748,16.26945686340332,15.825400352478027,1068100.0,11.32602596282959
2002-10-03,16.42534828186035,15.853743553161621,15.872639656066895,16.174976348876953,1018600.0,11.576213836669922
2002-10-04,16.250560760498047,15.82067584991455,16.17970085144043,15.877364158630371,539500.0,11.363215446472168
2002-10-07,15.971843719482422,15.773435592651367,15.943499565124512,15.877364158630371,779200.0,11.363215446472168
2002-10-08,15.825400352478027,15.225452423095703,15.825400352478027,15.253795623779297,1106600.0,10.916940689086914
2002-10-09,15.423859596252441,15.116800308227539,15.135696411132812,15.187660217285156,970300.0,10.869604110717773
2002-10-10,15.32938003540039,14.880599975585938,15.140419960021973,15.23490047454834,1290400.0,10.903414726257324
2002-10-11,15.839571952819824,15.447480201721191,15.471099853515625,15.589200019836426,963100.0,11.156982421875
2002-10-14,15.849020004272461,15.584476470947266,15.593923568725586,15.75454044342041,860200.0,11.275312423706055
2002-10-15,16.236387252807617,15.919879913330078,15.967120170593262,15.943499565124512,1220300.0,11.41054916381836
2002-10-16,15.853743553161621,11.621040344238281,15.849020004272461,13.22719955444336,14456300.0,9.466530799865723
2002-10-17,13.898008346557617,13.113823890686035,13.581500053405762,13.236647605895996,2779600.0,9.473291397094727
2002-10-18,13.179960250854492,12.42411994934082,13.179960250854492,12.4855318069458,1813000.0,8.935729026794434
2002-10-21,12.91069221496582,12.027303695678711,12.353260040283203,12.731180191040039,1893500.0,9.111533164978027
2002-10-22,12.82565975189209,12.239884376525879,12.471360206604004,12.82565975189209,1102400.0,9.179150581359863
2002-10-23,12.991000175476074,12.504427909851074,12.754799842834473,12.981552124023438,1573000.0,9.290721893310547
2002-10-24,13.085479736328125,12.466635704040527,12.967379570007324,12.546943664550781,1306700.0,8.979679107666016
2002-10-25,12.802040100097656,12.438291549682617,12.532772064208984,12.613080024719238,751600.0,9.027012825012207
2002-10-28,12.858728408813477,12.494979858398438,12.683939933776855,12.641424179077148,1199600.0,9.047300338745117
2002-10-29,12.660320281982422,12.140680313110352,12.660320281982422,12.447739601135254,791900.0,8.908682823181152
2002-10-30,13.156339645385742,12.42411994934082,12.613080024719238,12.650872230529785,1853300.0,9.054059982299805
2002-10-31,12.745351791381836,12.112336158752441,12.745351791381836,12.461912155151367,1905500.0,8.918824195861816
2002-11-01,12.707559585571289,12.258779525756836,12.45246410369873,12.589460372924805,1149800.0,9.010107040405273
2002-11-04,13.085479736328125,12.598908424377441,12.655595779418945,12.986275672912598,1320900.0,9.29410171508789
2002-11-05,12.93903636932373,12.551668167114258,12.91541576385498,12.613080024719238,779800.0,9.027012825012207
2002-11-06,12.93903636932373,12.613080024719238,12.636699676513672,12.93903636932373,1392800.0,9.260296821594238
2002-11-07,12.93903636932373,12.655595779418945,12.93903636932373,12.717007637023926,537600.0,9.10139274597168
2002-11-08,12.811488151550293,12.613080024719238,12.702836036682129,12.721732139587402,1417200.0,9.104772567749023
2002-11-11,12.731180191040039,12.065095901489258,12.731180191040039,12.093440055847168,732000.0,8.655109405517578
2002-11-12,12.627251625061035,12.046199798583984,12.055647850036621,12.400500297546387,982800.0,8.874870300292969
2002-11-13,12.518600463867188,12.187919616699219,12.235159873962402,12.263504028320312,506700.0,8.776826858520508
2002-11-14,12.627251625061035,12.33436393737793,12.447739601135254,12.39105224609375,1410400.0,8.868111610412598
2002-11-15,12.428844451904297,12.013132095336914,12.39105224609375,12.187919616699219,1457600.0,8.722729682922363
2002-11-18,12.282400131225586,11.975339889526367,12.249332427978516,12.093440055847168,1447500.0,8.655109405517578
2002-11-19,12.055647850036621,11.762760162353516,12.055647850036621,11.8100004196167,1165900.0,8.452259063720703
2002-11-20,12.117059707641602,11.8100004196167,11.8100004196167,11.970616340637207,1100100.0,8.594710350036621
2002-11-21,12.447739601135254,12.069820404052734,12.069820404052734,12.381604194641113,2760500.0,8.88979721069336
2002-11-22,12.702836036682129,12.353260040283203,12.381604194641113,12.504427909851074,1207200.0,8.977977752685547
2002-11-25,12.806763648986816,12.32964038848877,12.565839767456055,12.688664436340332,858800.0,9.110259056091309
2002-11-26,12.721732139587402,12.353260040283203,12.665043830871582,12.39577579498291,648600.0,8.899969100952148
2002-11-27,12.688664436340332,12.39577579498291,12.39577579498291,12.613080024719238,880300.0,9.055989265441895
2002-11-29,12.802040100097656,12.608356475830078,12.660320281982422,12.717007637023926,290400.0,9.130609512329102
2002-12-02,13.066583633422852,12.466635704040527,12.94375991821289,12.494979858398438,840300.0,8.97119426727295
2002-12-03,12.518600463867188,12.263504028320312,12.494979858398438,12.405223846435547,998000.0,8.90675163269043
2002-12-04,12.353260040283203,12.036751747131348,12.353260040283203,12.206815719604492,1645000.0,8.764300346374512
2002-12-05,12.263504028320312,11.819448471069336,12.225711822509766,12.135955810546875,678600.0,8.713424682617188
2002-12-06,12.30601978302002,12.02258014678955,12.046199798583984,12.187919616699219,474500.0,8.750730514526367
2002-12-09,12.169024467468262,11.687175750732422,12.140680313110352,11.696623802185059,802900.0,8.397987365722656
2002-12-10,11.8100004196167,11.38011646270752,11.696623802185059,11.639936447143555,1215900.0,8.357288360595703
2002-12-11,11.795827865600586,11.432080268859863,11.644659996032715,11.720244407653809,1123400.0,8.414946556091309
2002-12-12,11.975339889526367,11.691900253295898,11.691900253295898,11.913928031921387,1010500.0,8.554011344909668
2002-12-13,11.857239723205566,11.673004150390625,11.857239723205566,11.682452201843262,1498500.0,8.387816429138184
2002-12-16,11.866687774658203,11.762760162353516,11.776931762695312,11.8100004196167,1281900.0,8.479390144348145
2002-12-17,11.819448471069336,11.573800086975098,11.8100004196167,11.639936447143555,1275600.0,8.357288360595703
2002-12-18,11.606867790222168,11.432080268859863,11.573800086975098,11.47931957244873,1140100.0,8.241969108581543
2002-12-19,11.710796356201172,11.432080268859863,11.432080268859863,11.564352035522461,918200.0,8.303019523620605
2002-12-20,11.772208213806152,11.540732383728027,11.573800086975098,11.673004150390625,1249300.0,8.381030082702637
2002-12-23,11.857239723205566,11.573800086975098,11.630488395690918,11.8100004196167,695300.0,8.479390144348145
2002-12-24,11.93754768371582,11.819448471069336,11.857239723205566,11.852516174316406,222600.0,8.509913444519043
2002-12-26,12.140680313110352,11.975339889526367,12.093440055847168,12.017855644226074,646900.0,8.628625869750977
2002-12-27,12.140680313110352,11.96116828918457,11.9989595413208,12.083992004394531,900000.0,8.676109313964844
2002-12-30,12.324915885925293,12.008407592773438,12.145403861999512,12.324915885925293,1647900.0,8.849090576171875
2002-12-31,12.589460372924805,12.258779525756836,12.258779525756836,12.42411994934082,1508600.0,8.920318603515625
2003-01-02,12.683939933776855,12.45718765258789,12.471360206604004,12.551668167114258,1178400.0,9.011896133422852
2003-01-03,12.976827621459961,12.48080825805664,12.561116218566895,12.731180191040039,597500.0,9.14078140258789
2003-01-06,13.34529972076416,12.731180191040039,12.731180191040039,13.27916431427002,1142200.0,9.53422737121582
2003-01-07,13.43033218383789,13.269716262817383,13.27916431427002,13.31695556640625,1437500.0,9.561363220214844
2003-01-08,13.359472274780273,13.028792381286621,13.321680068969727,13.028792381286621,1037200.0,9.354463577270508
2003-01-09,13.246095657348633,12.991000175476074,13.094927787780762,13.090204238891602,877200.0,9.3985595703125
2003-01-10,13.534259796142578,13.014619827270508,13.090204238891602,13.534259796142578,1391100.0,9.717381477355957
2003-01-13,13.727944374084473,13.567328453063965,13.699600219726562,13.657084465026855,940300.0,9.805563926696777
2003-01-14,13.935799598693848,13.609844207763672,13.794079780578613,13.671256065368652,1351600.0,9.815742492675781
2003-01-15,14.833359718322754,12.986275672912598,13.74683952331543,14.705812454223633,4244000.0,10.5585355758667
2003-01-16,15.031767845153809,14.535747528076172,14.738880157470703,14.828636169433594,2157400.0,10.646722793579102
2003-01-17,15.107352256774902,14.644399642944336,14.828636169433594,14.795568466186523,1151500.0,10.622979164123535
2003-01-21,14.771947860717773,14.412923812866211,14.738880157470703,14.469612121582031,1053100.0,10.388948440551758
2003-01-22,14.639676094055176,14.252307891845703,14.455439567565918,14.266480445861816,1308000.0,10.2431058883667
2003-01-23,14.497956275939941,14.030280113220215,14.313719749450684,14.035003662109375,1324700.0,10.07690715789795
2003-01-24,14.044451713562012,13.74683952331543,13.983039855957031,13.88856029510498,1424400.0,9.971760749816895
2003-01-27,13.912179946899414,13.680704116821289,13.817700386047363,13.751564025878906,749700.0,9.873404502868652
2003-01-28,14.502679824829102,13.751564025878906,13.751564025878906,14.422371864318848,1617000.0,10.35503101348877
2003-01-29,14.3845796585083,14.110588073730469,14.3845796585083,14.247584342956543,1094100.0,10.229541778564453
2003-01-30,14.856980323791504,14.271203994750977,14.271203994750977,14.644399642944336,1464400.0,10.514447212219238
2003-01-31,14.8711519241333,14.502679824829102,14.644399642944336,14.738880157470703,1583600.0,10.58227825164795
2003-02-03,14.86642837524414,14.507404327392578,14.738880157470703,14.86642837524414,1276200.0,10.673855781555176
2003-02-04,14.790843963623047,14.422371864318848,14.786120414733887,14.512127876281738,963800.0,10.419472694396973
2003-02-05,14.578264236450195,14.32316780090332,14.479060173034668,14.34678840637207,619800.0,10.300761222839355
2003-02-06,14.360960006713867,14.181447982788086,14.29010009765625,14.22868824005127,863400.0,10.215970993041992
2003-02-07,14.34678840637207,14.072795867919922,14.266480445861816,14.242859840393066,572800.0,10.226144790649414
2003-02-10,14.677468299865723,14.105863571166992,14.22868824005127,14.549920082092285,1027000.0,10.446609497070312
2003-02-11,14.68691635131836,14.431819915771484,14.549920082092285,14.502679824829102,612600.0,10.412689208984375
2003-02-12,14.502679824829102,14.110588073730469,14.502679824829102,14.181447982788086,537600.0,10.182049751281738
2003-02-13,14.20506763458252,13.779908180236816,14.20506763458252,13.86493968963623,924200.0,9.954804420471191
2003-02-14,14.190896034240723,13.869664192199707,13.912179946899414,14.167276382446289,1117600.0,10.171874046325684
2003-02-18,14.497956275939941,14.285375595092773,14.313719749450684,14.360960006713867,643000.0,10.310941696166992
2003-02-19,14.360960006713867,14.124759674072266,14.360960006713867,14.214515686035156,958200.0,10.205795288085938
2003-02-20,14.427096366882324,14.120036125183105,14.17199993133545,14.3845796585083,954000.0,10.327897071838379
2003-02-21,14.66329574584961,14.186171531677246,14.313719749450684,14.66329574584961,820000.0,10.528010368347168
2003-02-24,14.786120414733887,14.40820026397705,14.762499809265137,14.431819915771484,671200.0,10.361811637878418
2003-02-25,14.360960006713867,14.105863571166992,14.360960006713867,14.280652046203613,923100.0,10.253275871276855
2003-02-26,14.31844425201416,14.011384010314941,14.219240188598633,14.124759674072266,678800.0,10.141353607177734
2003-02-27,14.332615852355957,14.153103828430176,14.195619583129883,14.153103828430176,532100.0,10.161703109741211
2003-02-28,14.285375595092773,14.077520370483398,14.190896034240723,14.153103828430176,872900.0,10.161703109741211
2003-03-03,14.356236457824707,13.968868255615234,14.162551879882812,14.049176216125488,562600.0,10.087082862854004
2003-03-04,14.677468299865723,14.412923812866211,14.521575927734375,14.616056442260742,2015800.0,10.494095802307129
2003-03-05,14.7530517578125,14.431819915771484,14.644399642944336,14.601883888244629,915700.0,10.483917236328125
2003-03-06,14.66329574584961,14.474335670471191,14.601883888244629,14.545195579528809,1050300.0,10.443218231201172
2003-03-07,14.488508224487305,14.247584342956543,14.479060173034668,14.26175594329834,1067300.0,10.26638412475586
2003-03-10,14.167276382446289,12.7359037399292,13.91690444946289,12.844555854797363,3475800.0,9.246210098266602
2003-03-11,12.896519660949707,12.45718765258789,12.811488151550293,12.561116218566895,2289700.0,9.042171478271484
2003-03-12,12.471360206604004,11.975339889526367,12.310744285583496,12.282400131225586,1943900.0,8.841540336608887
2003-03-13,12.773695945739746,12.400500297546387,12.400500297546387,12.688664436340332,1617200.0,9.133988380432129
2003-03-14,13.151616096496582,12.802040100097656,12.84928035736084,12.995723724365234,1226700.0,9.355024337768555
2003-03-17,13.520088195800781,12.920140266418457,12.948484420776367,13.463399887084961,1179200.0,9.69168758392334
2003-03-18,13.557880401611328,13.298060417175293,13.463399887084961,13.43505573272705,737500.0,9.671283721923828
2003-03-19,13.534259796142578,13.127996444702148,13.43505573272705,13.43033218383789,690300.0,9.66788387298584
2003-03-20,13.79880428314209,13.298060417175293,13.43033218383789,13.619292259216309,1177600.0,9.80390739440918
2003-03-21,14.120036125183105,13.77046012878418,13.983039855957031,14.016107559204102,1351100.0,10.08955192565918
2003-03-24,13.983039855957031,13.4586763381958,13.983039855957031,13.520088195800781,665500.0,9.732494354248047
2003-03-25,13.600396156311035,13.175235748291016,13.548432350158691,13.274439811706543,1302900.0,9.555660247802734
2003-03-26,13.22719955444336,13.061860084533691,13.22719955444336,13.137443542480469,1069800.0,9.457042694091797
2003-03-27,13.350024223327637,12.967379570007324,13.019344329833984,13.274439811706543,848000.0,9.555660247802734
2003-03-28,13.36892032623291,13.109100341796875,13.274439811706543,13.22719955444336,674000.0,9.521653175354004
2003-03-31,13.264991760253906,12.920140266418457,13.22719955444336,13.118548393249512,733000.0,9.443443298339844
2003-04-01,13.27916431427002,12.981552124023438,13.179960250854492,13.161064147949219,654100.0,9.474045753479004
2003-04-02,13.534259796142578,13.090204238891602,13.25082015991211,13.151616096496582,1040200.0,9.467248916625977
2003-04-03,13.099652290344238,12.811488151550293,13.085479736328125,12.88707160949707,1508000.0,9.276810646057129
2003-04-04,12.953207969665527,12.778420448303223,12.91069221496582,12.806763648986816,481700.0,9.219005584716797
2003-04-07,13.600396156311035,13.189408302307129,13.581500053405762,13.22719955444336,953800.0,9.521653175354004
2003-04-08,13.208304405212402,12.811488151550293,13.179960250854492,12.816211700439453,697000.0,9.225802421569824
2003-04-09,13.085479736328125,12.683939933776855,12.84928035736084,12.688664436340332,599400.0,9.133988380432129
2003-04-10,12.91069221496582,12.712284088134766,12.731180191040039,12.872900009155273,598600.0,9.26661205291748
2003-04-11,13.076031684875488,12.787867546081543,12.967379570007324,12.88234806060791,414900.0,9.273412704467773
2003-04-14,12.986275672912598,12.84928035736084,12.877623558044434,12.920140266418457,451500.0,9.300617218017578
2003-04-15,13.43033218383789,12.934311866760254,12.94375991821289,13.420884132385254,900200.0,9.661080360412598
2003-04-16,13.557880401611328,13.085479736328125,13.449228286743164,13.132719993591309,804100.0,9.453644752502441
2003-04-17,13.392539978027344,13.127996444702148,13.274439811706543,13.264991760253906,1203600.0,9.548858642578125
2003-04-21,13.543707847595215,13.335851669311523,13.34529972076416,13.491744041442871,350900.0,9.712084770202637
2003-04-22,13.624015808105469,13.293335914611816,13.487019538879395,13.581500053405762,563200.0,9.776700973510742
2003-04-23,13.699600219726562,13.496467590332031,13.581500053405762,13.633463859558105,520100.0,9.814105987548828
2003-04-24,13.704323768615723,13.557880401611328,13.567328453063965,13.605119705200195,538100.0,9.793701171875
2003-04-25,13.557880401611328,13.066583633422852,13.557880401611328,13.179960250854492,604100.0,9.487648963928223
2003-04-28,13.335851669311523,13.194131851196289,13.22719955444336,13.236647605895996,725400.0,9.52845573425293
2003-04-29,13.520088195800781,13.156339645385742,13.25082015991211,13.298060417175293,317500.0,9.57266616821289
2003-04-30,13.605119705200195,13.175235748291016,13.274439811706543,13.491744041442871,645000.0,9.712084770202637
2003-05-01,13.510640144348145,12.981552124023438,13.463399887084961,13.085479736328125,959100.0,9.41964054107666
2003-05-02,13.340576171875,12.94375991821289,12.94375991821289,13.335851669311523,535100.0,9.599869728088379
2003-05-05,13.723219871520996,13.359472274780273,13.359472274780273,13.628740310668945,501400.0,9.810709953308105
2003-05-06,13.68542766571045,13.444503784179688,13.557880401611328,13.543707847595215,649200.0,9.749493598937988
2003-05-07,13.699600219726562,13.260268211364746,13.425607681274414,13.595671653747559,779000.0,9.786900520324707
2003-05-08,13.605119705200195,13.36892032623291,13.510640144348145,13.538984298706055,644100.0,9.74609375
2003-05-09,13.89328384399414,13.520088195800781,13.576775550842285,13.89328384399414,889700.0,10.001140594482422
2003-05-12,13.926351547241211,13.727944374084473,13.89328384399414,13.869664192199707,580600.0,9.984138488769531
2003-05-13,13.931076049804688,13.647636413574219,13.931076049804688,13.841320037841797,406600.0,9.963733673095703
2003-05-14,13.841320037841797,13.548432350158691,13.794079780578613,13.548432350158691,1091800.0,9.752900123596191
2003-05-15,14.039728164672852,13.595671653747559,13.652359962463379,14.039728164672852,714400.0,10.106557846069336
2003-05-16,14.035003662109375,13.817700386047363,14.030280113220215,13.879112243652344,607700.0,9.990934371948242
2003-05-19,13.879112243652344,13.515363693237305,13.841320037841797,13.553155899047852,346300.0,9.756298065185547
2003-05-20,13.794079780578613,13.487019538879395,13.534259796142578,13.633463859558105,629300.0,9.814105987548828
2003-05-21,13.732667922973633,13.520088195800781,13.605119705200195,13.727944374084473,427100.0,9.882122993469238
2003-05-22,13.77518367767334,13.553155899047852,13.652359962463379,13.751564025878906,646600.0,9.899124145507812
2003-05-23,13.92162799835205,13.73739242553711,13.794079780578613,13.855491638183594,363200.0,9.973936080932617
2003-05-27,14.337340354919434,13.704323768615723,13.784631729125977,14.223963737487793,531500.0,10.239184379577637
2003-05-28,14.337340354919434,14.148380279541016,14.242859840393066,14.186171531677246,545300.0,10.239180564880371
2003-05-29,14.266480445861816,14.120036125183105,14.162551879882812,14.266480445861816,502300.0,10.29714584350586
2003-05-30,14.389304161071777,14.20506763458252,14.219240188598633,14.308996200561523,1092900.0,10.32783031463623
2003-06-02,14.502679824829102,14.266480445861816,14.34678840637207,14.304271697998047,931800.0,10.324419021606445
2003-06-03,14.479060173034668,14.342063903808594,14.360960006713867,14.3845796585083,932000.0,10.3823823928833
2003-06-04,14.668020248413086,14.403475761413574,14.40820026397705,14.592435836791992,894500.0,10.53240966796875
2003-06-05,14.800292015075684,14.441267967224121,14.592435836791992,14.762499809265137,652400.0,10.655155181884766
2003-06-06,15.135696411132812,14.790843963623047,14.880599975585938,14.80974006652832,755700.0,10.689249992370605
2003-06-09,14.771947860717773,14.549920082092285,14.762499809265137,14.620779991149902,768800.0,10.552865028381348
2003-06-10,14.856980323791504,14.601883888244629,14.668020248413086,14.856980323791504,470500.0,10.723347663879395
2003-06-11,14.823911666870117,14.568816184997559,14.738880157470703,14.7530517578125,419700.0,10.64833927154541
2003-06-12,14.856980323791504,14.672743797302246,14.696364402770996,14.81446361541748,310700.0,10.692659378051758
2003-06-13,14.875876426696777,14.564091682434082,14.8711519241333,14.653847694396973,453800.0,10.576736450195312
2003-06-16,14.918392181396484,14.616056442260742,14.625503540039062,14.904219627380371,478100.0,10.757444381713867
2003-06-17,15.135696411132812,14.767224311828613,14.927840232849121,15.107352256774902,457000.0,10.904062271118164
2003-06-18,15.438032150268555,15.022319793701172,15.045940399169922,15.277416229248047,822300.0,11.026810646057129
2003-06-19,15.504167556762695,15.216004371643066,15.324655532836914,15.23490047454834,464000.0,10.996121406555176
2003-06-20,15.456928253173828,15.253795623779297,15.352999687194824,15.400239944458008,605800.0,11.115458488464355
2003-06-23,15.352999687194824,15.003423690795898,15.352999687194824,15.003423690795898,551400.0,10.829049110412598
2003-06-24,15.107352256774902,14.668020248413086,15.003423690795898,14.705812454223633,819800.0,10.614241600036621
2003-06-25,14.951459884643555,14.738880157470703,14.738880157470703,14.771947860717773,529000.0,10.661972999572754
2003-06-26,14.771947860717773,14.365683555603027,14.762499809265137,14.507404327392578,867900.0,10.471036911010742
2003-06-27,14.639676094055176,14.422371864318848,14.512127876281738,14.441267967224121,658900.0,10.423296928405762
2003-06-30,14.483783721923828,14.025555610656738,14.455439567565918,14.195619583129883,1323800.0,10.245999336242676
2003-07-01,14.493231773376465,13.557880401611328,14.17199993133545,14.488508224487305,589100.0,10.45739459991455
2003-07-02,14.582987785339355,14.299548149108887,14.488508224487305,14.464887619018555,868500.0,10.440349578857422
2003-07-03,14.40820026397705,14.181447982788086,14.360960006713867,14.266480445861816,248900.0,10.29714584350586
2003-07-07,14.573539733886719,14.313719749450684,14.313719749450684,14.502679824829102,428200.0,10.46762466430664
2003-07-08,14.512127876281738,14.242859840393066,14.455439567565918,14.356236457824707,563900.0,10.36192798614502
2003-07-09,14.672743797302246,14.129484176635742,14.360960006713867,14.625503540039062,806300.0,10.5562744140625
2003-07-10,14.578264236450195,14.148380279541016,14.549920082092285,14.153103828430176,712500.0,10.215310096740723
2003-07-11,14.398752212524414,14.148380279541016,14.20034408569336,14.365683555603027,426500.0,10.368741035461426
2003-07-14,14.74832820892334,14.427096366882324,14.483783721923828,14.549920082092285,689000.0,10.501724243164062
2003-07-15,14.701087951660156,14.403475761413574,14.597160339355469,14.460164070129395,394300.0,10.436939239501953
2003-07-16,14.526300430297852,14.030280113220215,14.526300430297852,14.030280113220215,874400.0,10.126660346984863
2003-07-17,14.030280113220215,13.657084465026855,14.030280113220215,13.79880428314209,596500.0,9.959589004516602
2003-07-18,13.954695701599121,13.699600219726562,13.80352783203125,13.83659553527832,632300.0,9.986863136291504
2003-07-21,14.006660461425781,13.756287574768066,13.912179946899414,13.964143753051758,690700.0,10.078926086425781
2003-07-22,14.540472030639648,14.167276382446289,14.17199993133545,14.512127876281738,758600.0,10.474444389343262
2003-07-23,14.668020248413086,14.37985610961914,14.479060173034668,14.601883888244629,674000.0,10.539230346679688
2003-07-24,15.423859596252441,14.880599975585938,14.951459884643555,14.927840232849121,1284900.0,10.774493217468262
2003-07-25,15.107352256774902,14.620779991149902,15.069560050964355,14.738880157470703,1138400.0,10.638110160827637
2003-07-28,15.088456153869629,14.597160339355469,14.762499809265137,15.069560050964355,823800.0,10.876786231994629
2003-07-29,15.27269172668457,15.050663948059082,15.164039611816406,15.225452423095703,762200.0,10.989306449890137
2003-07-30,15.461651802062988,15.074283599853516,15.258520126342773,15.348276138305664,872100.0,11.077951431274414
2003-07-31,15.494720458984375,15.21127986907959,15.400239944458008,15.291587829589844,890700.0,11.037036895751953
2003-08-01,15.348276138305664,15.1215238571167,15.291587829589844,15.18293571472168,419100.0,10.95861530303955
2003-08-04,15.419136047363281,15.003423690795898,15.258520126342773,15.18293571472168,566200.0,10.95861530303955
2003-08-05,15.352999687194824,14.672743797302246,15.230175971984863,14.71998405456543,468600.0,10.624471664428711
2003-08-06,14.72470760345459,14.549920082092285,14.66329574584961,14.597160339355469,291200.0,10.535816192626953
2003-08-07,14.545195579528809,14.186171531677246,14.502679824829102,14.356236457824707,864500.0,10.36192798614502
2003-08-08,14.436544418334961,14.242859840393066,14.40820026397705,14.299548149108887,370200.0,10.321011543273926
2003-08-11,14.545195579528809,14.209792137145996,14.252307891845703,14.266480445861816,497600.0,10.29714584350586
2003-08-12,14.455439567565918,14.209792137145996,14.37985610961914,14.417648315429688,966300.0,10.406249046325684
2003-08-13,14.488508224487305,14.337340354919434,14.455439567565918,14.342063903808594,1088400.0,10.351696968078613
2003-08-14,14.78139591217041,14.356236457824707,14.40820026397705,14.77667236328125,440900.0,10.665385246276855
2003-08-15,14.823911666870117,14.526300430297852,14.786120414733887,14.823911666870117,178400.0,10.699481010437012
2003-08-18,14.932563781738281,14.677468299865723,14.682191848754883,14.927840232849121,418500.0,10.774493217468262
2003-08-19,15.30103588104248,14.927840232849121,14.927840232849121,15.291587829589844,441700.0,11.037036895751953
2003-08-20,15.30103588104248,15.069560050964355,15.30103588104248,15.201831817626953,493200.0,10.972251892089844
2003-08-21,15.447480201721191,15.164039611816406,15.21127986907959,15.447480201721191,562600.0,11.149555206298828
2003-08-22,15.565580368041992,15.291587829589844,15.423859596252441,15.376620292663574,555600.0,11.098411560058594
2003-08-25,15.61281967163086,15.310483932495117,15.376620292663574,15.556132316589355,661700.0,11.227975845336914
2003-08-26,15.523063659667969,15.126248359680176,15.518340110778809,15.419136047363281,589300.0,11.129096984863281
2003-08-27,15.541959762573242,15.20655632019043,15.423859596252441,15.409687995910645,848600.0,11.122282028198242
2003-08-28,15.579751968383789,15.386068344116211,15.409687995910645,15.565580368041992,402600.0,11.234795570373535
2003-08-29,15.716748237609863,15.527788162231445,15.541959762573242,15.683679580688477,649200.0,11.320038795471191
2003-09-02,16.09939193725586,15.69785213470459,15.707300186157227,16.07577133178711,599900.0,11.603042602539062
2003-09-03,16.160804748535156,16.04270362854004,16.061599731445312,16.137184143066406,803300.0,11.681694030761719
2003-09-04,16.817440032958984,16.137184143066406,16.137184143066406,16.661548614501953,2428800.0,12.061280250549316
2003-09-05,16.600135803222656,16.397003173828125,16.543447494506836,16.434795379638672,952300.0,11.897132873535156
2003-09-08,16.571792602539062,16.42534828186035,16.482036590576172,16.571792602539062,757800.0,11.99630355834961
2003-09-09,16.581239700317383,16.4017276763916,16.571792602539062,16.4158992767334,800100.0,11.883451461791992
2003-09-10,16.534000396728516,16.108840942382812,16.534000396728516,16.108840942382812,984900.0,11.661174774169922
2003-09-11,16.203319549560547,16.014360427856445,16.108840942382812,16.108840942382812,895000.0,11.661174774169922
2003-09-12,16.108840942382812,15.967120170593262,16.085220336914062,16.056875228881836,502100.0,11.623557090759277
2003-09-15,16.160804748535156,16.04270362854004,16.056875228881836,16.061599731445312,1111700.0,11.626976013183594
2003-09-16,16.4489688873291,15.971843719482422,16.061599731445312,16.39228057861328,883900.0,11.866350173950195
2003-09-17,16.670995712280273,16.43951988220215,16.4631404876709,16.628480911254883,899400.0,12.03734016418457
2003-09-18,17.053640365600586,16.836336135864258,16.8882999420166,16.968608856201172,1821700.0,12.283556938171387
2003-09-19,17.266220092773438,17.030019760131836,17.11505126953125,17.16229248046875,968000.0,12.423766136169434
2003-09-22,17.006399154663086,16.793819427490234,17.006399154663086,16.850507736206055,695800.0,12.198068618774414
2003-09-23,16.83161163330078,16.571792602539062,16.770200729370117,16.670995712280273,692400.0,12.068120002746582
2003-09-24,16.718236923217773,16.17970085144043,16.718236923217773,16.208044052124023,789500.0,11.732985496520996
2003-09-25,16.226940155029297,15.943499565124512,16.208044052124023,15.948224067687988,607700.0,11.544901847839355
2003-09-26,16.08994483947754,15.825400352478027,15.948224067687988,16.06632423400879,812000.0,11.630396842956543
2003-09-29,16.274179458618164,16.085220336914062,16.113563537597656,16.25528335571289,436400.0,11.767184257507324
2003-09-30,17.270944595336914,16.793819427490234,17.001676559448242,16.907196044921875,3127800.0,12.239105224609375
2003-10-01,17.256771087646484,16.95915985107422,17.19536018371582,17.01584815979004,1528700.0,12.317752838134766
2003-10-02,17.181188583374023,16.954435348510742,17.044191360473633,16.95915985107422,817300.0,12.276717185974121
2003-10-03,17.17173957824707,16.930816650390625,17.077259063720703,16.973331451416016,945100.0,12.28697681427002
2003-10-06,17.138671875,16.99222755432129,17.030019760131836,17.063087463378906,982400.0,12.351956367492676
2003-10-07,17.053640365600586,16.921367645263672,16.944988250732422,16.99222755432129,870800.0,12.300655364990234
2003-10-08,17.247323989868164,17.030019760131836,17.030019760131836,17.077259063720703,1141100.0,12.36220932006836
2003-10-09,17.214256286621094,17.02529525756836,17.17173957824707,17.11505126953125,1157000.0,12.389575004577637
2003-10-10,17.289840698242188,17.03946876525879,17.053640365600586,17.233152389526367,440700.0,12.475061416625977
2003-10-13,17.36542320251465,16.86467933654785,17.190635681152344,16.907196044921875,750600.0,12.239105224609375
2003-10-14,17.157567977905273,16.85523223876953,16.907196044921875,17.110328674316406,497000.0,12.386148452758789
2003-10-15,17.30873680114746,17.053640365600586,17.289840698242188,17.091432571411133,763900.0,12.372467041015625
2003-10-16,17.237876892089844,16.973331451416016,17.096155166625977,17.058364868164062,604700.0,12.348533630371094
2003-10-17,17.100879669189453,16.803268432617188,17.08198356628418,16.83161163330078,502300.0,12.184389114379883
2003-10-20,17.03946876525879,16.680444717407227,16.8882999420166,16.883575439453125,483700.0,12.222003936767578
2003-10-21,17.07253646850586,16.86467933654785,16.930816650390625,16.883575439453125,565400.0,12.222003936767578
2003-10-22,17.006399154663086,16.6993408203125,16.883575439453125,16.727684020996094,624800.0,12.109148979187012
2003-10-23,16.83161163330078,16.647375106811523,16.67572021484375,16.784372329711914,701700.0,12.150190353393555
2003-10-24,16.86467933654785,16.604860305786133,16.722959518432617,16.83161163330078,578100.0,12.184389114379883
2003-10-27,17.044191360473633,16.83161163330078,16.85523223876953,16.921367645263672,392800.0,12.249360084533691
2003-10-28,17.223703384399414,16.9497127532959,17.006399154663086,17.190635681152344,711800.0,12.444286346435547
2003-10-29,17.45517921447754,17.17173957824707,17.19536018371582,17.379596710205078,729800.0,12.581074714660645
2003-10-30,17.69137954711914,17.384319305419922,17.431560516357422,17.68193244934082,1157700.0,12.799932479858398
2003-10-31,17.672483444213867,17.530763626098633,17.63469123840332,17.582727432250977,520500.0,12.728119850158691
2003-11-03,17.93230438232422,17.47879981994629,17.47879981994629,17.93230438232422,833400.0,12.981180191040039
2003-11-04,18.045679092407227,17.833099365234375,17.903959274291992,18.045679092407227,913400.0,13.063250541687012
2003-11-05,18.045679092407227,17.578004837036133,18.045679092407227,17.903959274291992,512000.0,12.96065902709961
2003-11-06,18.163780212402344,17.880340576171875,17.937028884887695,18.092920303344727,653000.0,13.097445487976074
2003-11-07,18.296052932739258,18.007888793945312,18.140159606933594,18.007888793945312,627200.0,13.03589153289795
2003-11-10,18.059852600097656,17.625244140625,17.960647583007812,17.644140243530273,566800.0,12.772574424743652
2003-11-11,17.68193244934082,17.47879981994629,17.644140243530273,17.540212631225586,269000.0,12.697348594665527
2003-11-12,17.903959274291992,17.540212631225586,17.540212631225586,17.89923667907715,412500.0,12.957237243652344
2003-11-13,17.903959274291992,17.68193244934082,17.85199546813965,17.833099365234375,389900.0,12.9093656539917
2003-11-14,17.937028884887695,17.417388916015625,17.785860061645508,17.42211151123047,299300.0,12.611847877502441
2003-11-17,17.42211151123047,17.167015075683594,17.42211151123047,17.36542320251465,537200.0,12.570809364318848
2003-11-18,17.526039123535156,17.313459396362305,17.41266441345215,17.370147705078125,628400.0,12.574234008789062
2003-11-19,17.46935272216797,17.20480728149414,17.322908401489258,17.370147705078125,384400.0,12.608521461486816
2003-11-20,17.47879981994629,17.270944595336914,17.346527099609375,17.47879981994629,969500.0,12.687392234802246
2003-11-21,17.549659729003906,17.42211151123047,17.47879981994629,17.492971420288086,661500.0,12.697677612304688
2003-11-24,18.017335891723633,17.492971420288086,17.540212631225586,18.003164291381836,511400.0,13.068012237548828
2003-11-25,18.272432327270508,17.979543685913086,17.99843978881836,18.21101951599121,912700.0,13.218884468078613
2003-11-26,18.399980545043945,18.116540908813477,18.20157241821289,18.163780212402344,686400.0,13.184602737426758
2003-11-28,18.37163543701172,18.069299697875977,18.140159606933594,18.3149471282959,324000.0,13.294323921203613
2003-12-01,18.51807975769043,18.272432327270508,18.381084442138672,18.51807975769043,710600.0,13.441774368286133
2003-12-02,18.565319061279297,18.352739334106445,18.423599243164062,18.5511474609375,547200.0,13.465779304504395
2003-12-03,18.650352478027344,18.116540908813477,18.612560272216797,18.135435104370117,968600.0,13.164029121398926
2003-12-04,18.277156829833984,17.809480667114258,18.196847915649414,17.8614444732666,662300.0,12.965142250061035
2003-12-05,17.818927764892578,17.540212631225586,17.620519638061523,17.667760848999023,686700.0,12.824548721313477
2003-12-08,17.97481918334961,17.644140243530273,17.644140243530273,17.800031661987305,555600.0,12.920564651489258
2003-12-09,17.927579879760742,17.483524322509766,17.800031661987305,17.516592025756836,1194700.0,12.714826583862305
2003-12-10,17.710275650024414,17.3890438079834,17.50242042541504,17.615795135498047,917800.0,12.786832809448242
2003-12-11,18.239364624023438,17.615795135498047,17.615795135498047,18.159055709838867,495500.0,13.181170463562012
2003-12-12,18.182676315307617,17.97481918334961,18.11181640625,18.107091903686523,370600.0,13.143454551696777
2003-12-15,18.25826072692871,17.993715286254883,18.23464012145996,18.059852600097656,1050300.0,13.109167098999023
2003-12-16,18.092920303344727,17.719724655151367,18.05512809753418,17.856719970703125,596700.0,12.961714744567871
2003-12-17,17.97481918334961,17.54493522644043,17.856719970703125,17.951200485229492,913400.0,13.030299186706543
2003-12-18,18.007888793945312,17.719724655151367,17.97481918334961,18.007888793945312,769400.0,13.071440696716309
2003-12-19,17.99843978881836,17.766963958740234,17.960647583007812,17.842548370361328,680700.0,12.951422691345215
2003-12-22,17.83782386779785,17.573280334472656,17.72444725036621,17.823652267456055,841400.0,12.93771743774414
2003-12-23,17.93230438232422,17.710275650024414,17.752792358398438,17.757516860961914,986200.0,12.889704704284668
2003-12-24,17.927579879760742,17.69137954711914,17.71500015258789,17.77168846130371,244400.0,12.899986267089844
2003-12-26,17.889787673950195,17.776411056518555,17.809480667114258,17.847272872924805,256300.0,12.954854965209961
2003-12-29,18.41887664794922,17.922855377197266,17.94175148010254,18.25826072692871,770100.0,13.253180503845215
2003-12-30,18.305500030517578,18.083471298217773,18.281879425048828,18.102367401123047,529200.0,13.140020370483398
2003-12-31,18.196847915649414,17.894512176513672,18.196847915649414,17.927579879760742,711200.0,13.013145446777344
2004-01-02,18.262983322143555,17.880340576171875,17.880340576171875,18.097644805908203,357500.0,13.13659381866455
2004-01-05,18.617284774780273,18.21101951599121,18.215744018554688,18.612560272216797,649200.0,13.51036262512207
2004-01-06,18.735383987426758,18.40470314025879,18.565319061279297,18.716487884521484,526400.0,13.585795402526855
2004-01-07,18.447219848632812,18.092920303344727,18.447219848632812,18.281879425048828,1140900.0,13.270323753356934
2004-01-08,18.305500030517578,17.903959274291992,17.903959274291992,18.281879425048828,1686400.0,13.270323753356934
2004-01-09,18.711763381958008,18.29132843017578,18.329120635986328,18.49445915222168,768600.0,13.424629211425781
2004-01-12,18.749555587768555,18.456668853759766,18.54170036315918,18.749555587768555,757100.0,13.609800338745117
2004-01-13,19.00465202331543,18.749555587768555,18.77790069580078,18.929067611694336,1324700.0,13.74010181427002
2004-01-14,19.18416404724121,18.829864501953125,18.929067611694336,19.15109634399414,1076400.0,13.901265144348145
2004-01-15,19.132200241088867,18.82513999938965,19.132200241088867,18.966859817504883,949600.0,13.767533302307129
2004-01-16,19.188888549804688,18.8487606048584,18.8487606048584,19.132200241088867,1276400.0,13.887545585632324
2004-01-20,22.675199508666992,20.53050422668457,20.549400329589844,22.46261978149414,7031700.0,16.30501365661621
2004-01-21,23.506624221801758,22.651580810546875,22.675199508666992,23.336559295654297,4427100.0,16.939373016357422
2004-01-22,23.487728118896484,22.79330062866211,23.34600830078125,22.98225975036621,2256300.0,16.682207107543945
2004-01-23,23.00588035583496,22.420103073120117,22.76968002319336,22.51930809020996,2937900.0,16.346160888671875
2004-01-26,23.213735580444336,22.320899963378906,22.472068786621094,23.213735580444336,1189200.0,16.85022735595703
2004-01-27,23.06256866455078,22.684648513793945,23.053119659423828,22.845264434814453,1180900.0,16.5827579498291
2004-01-28,23.171220779418945,22.391759872436523,22.845264434814453,22.557100296020508,1472000.0,16.373592376708984
2004-01-29,22.798023223876953,22.401208877563477,22.509859085083008,22.750783920288086,1783400.0,16.514183044433594
2004-01-30,23.14287567138672,22.71299171447754,22.95863914489746,22.996431350708008,1480900.0,16.69249153137207
2004-02-02,23.001155853271484,22.6326847076416,22.878332138061523,22.911399841308594,1033600.0,16.630769729614258
2004-02-03,23.29876708984375,22.74605941772461,22.95863914489746,23.100360870361328,1061800.0,16.767925262451172
2004-02-04,22.95863914489746,22.67992401123047,22.911399841308594,22.831092834472656,1519400.0,16.572479248046875
2004-02-05,22.878332138061523,22.717716217041016,22.831092834472656,22.812196731567383,1518200.0,16.558752059936523
2004-02-06,23.020051956176758,22.77912712097168,22.831092834472656,23.00588035583496,725800.0,16.69935417175293
2004-02-09,23.180667877197266,22.89250373840332,23.01532745361328,23.161771774291992,1806500.0,16.81250762939453
2004-02-10,23.75227165222168,23.043672561645508,23.043672561645508,23.553863525390625,1124200.0,17.097118377685547
2004-02-11,23.794788360595703,23.464107513427734,23.53496742248535,23.733375549316406,1173700.0,17.227420806884766
2004-02-12,24.0593318939209,23.6200008392334,23.733375549316406,23.71920394897461,940300.0,17.217124938964844
2004-02-13,23.8089599609375,22.95863914489746,23.6200008392334,23.053119659423828,875700.0,16.733642578125
2004-02-17,23.431039810180664,23.147600173950195,23.147600173950195,23.242080688476562,655300.0,16.870800018310547
2004-02-18,23.350732803344727,23.14287567138672,23.237356185913086,23.194839477539062,595200.0,16.836515426635742
2004-02-19,23.52552032470703,23.218460083007812,23.50189971923828,23.327112197875977,1048600.0,16.932518005371094
2004-02-20,23.383800506591797,22.448448181152344,23.383800506591797,22.533479690551758,1244000.0,16.356443405151367
2004-02-23,22.661027908325195,22.061080932617188,22.651580810546875,22.13666343688965,1300300.0,16.068410873413086
2004-02-24,22.108320236206055,21.617023468017578,22.108320236206055,21.957151412963867,1433500.0,15.938111305236816
2004-02-25,22.302003860473633,21.839052200317383,21.895740509033203,22.150836944580078,803700.0,16.078697204589844
2004-02-26,22.65630340576172,21.990219116210938,22.108320236206055,22.613788604736328,904900.0,16.41474151611328
2004-02-27,23.00588035583496,22.22641944885254,22.613788604736328,22.320899963378906,911700.0,16.20213508605957
2004-03-01,22.6468563079834,22.1602840423584,22.320899963378906,22.613788604736328,775400.0,16.41474151611328
2004-03-02,22.95863914489746,22.51930809020996,22.533479690551758,22.54292869567871,514100.0,16.363306045532227
2004-03-03,22.52875518798828,22.25948715209961,22.509859085083008,22.31617546081543,395400.0,16.198707580566406
2004-03-04,22.198076248168945,21.947704315185547,21.96660041809082,22.131940841674805,663400.0,16.09906005859375
2004-03-05,22.37286376953125,22.004392623901367,22.131940841674805,22.320899963378906,776800.0,16.23651123046875
2004-03-08,22.467344284057617,21.782363891601562,22.320899963378906,21.78708839416504,502300.0,15.848215103149414
2004-03-09,21.905187606811523,21.404443740844727,21.881568908691406,21.54616355895996,661300.0,15.67296314239502
2004-03-10,21.565059661865234,21.054868698120117,21.54616355895996,21.13990020751953,1091800.0,15.37743854522705
2004-03-11,21.21076011657715,20.908424377441406,21.13990020751953,20.979284286499023,1338400.0,15.260601997375488
2004-03-12,21.664264678955078,21.13990020751953,21.13990020751953,21.6595401763916,1144300.0,15.755431175231934
2004-03-15,21.654815673828125,20.884803771972656,21.654815673828125,21.102108001708984,925600.0,15.349946975708008
2004-03-16,21.30051612854004,20.941492080688477,21.158796310424805,21.111555099487305,513300.0,15.3568115234375
2004-03-17,21.376100540161133,21.13990020751953,21.229656219482422,21.206035614013672,398300.0,15.425542831420898
2004-03-18,21.33358383178711,20.917871475219727,21.201311111450195,21.328859329223633,444300.0,15.514886856079102
2004-03-19,21.891016006469727,21.33358383178711,21.352479934692383,21.73040008544922,1193000.0,15.80696964263916
2004-03-22,21.78708839416504,21.470579147338867,21.6595401763916,21.494199752807617,934800.0,15.63515567779541
2004-03-23,21.687883377075195,21.42333984375,21.612300872802734,21.45640754699707,725000.0,15.60766315460205
2004-03-24,21.541439056396484,21.111555099487305,21.376100540161133,21.135175704956055,768200.0,15.374003410339355
2004-03-25,21.952428817749023,21.14934730529785,21.158796310424805,21.91935920715332,1151300.0,15.944424629211426
2004-03-26,22.6468563079834,21.824880599975586,21.895740509033203,22.297279357910156,1367000.0,16.219327926635742
2004-03-29,23.100360870361328,22.557100296020508,22.580720901489258,22.98225975036621,1372700.0,16.717599868774414
2004-03-30,23.123979568481445,22.76968002319336,22.911399841308594,23.100360870361328,328700.0,16.803499221801758
2004-03-31,23.185392379760742,22.86888313293457,23.076740264892578,22.86888313293457,423700.0,16.635122299194336
2004-04-01,23.407419204711914,22.911399841308594,22.935020446777344,23.374351501464844,619800.0,17.002803802490234
2004-04-02,23.8089599609375,23.568035125732422,23.610551834106445,23.738100051879883,615300.0,17.267406463623047
2004-04-05,24.02153968811035,23.643619537353516,23.761720657348633,23.950679779052734,535100.0,17.42203140258789
2004-04-06,23.95540428161621,23.5727596282959,23.95540428161621,23.6200008392334,437100.0,17.181495666503906
2004-04-07,23.960128784179688,23.586931228637695,23.65306854248047,23.870372772216797,313700.0,17.363616943359375
2004-04-08,24.18215560913086,23.700307846069336,24.06878089904785,23.714479446411133,577000.0,17.250219345092773
2004-04-12,23.96485137939453,23.52552032470703,23.78533935546875,23.6200008392334,506100.0,17.181495666503906
2004-04-13,23.700307846069336,23.114532470703125,23.6200008392334,23.114532470703125,617000.0,16.81380844116211
2004-04-14,23.242080688476562,22.665752410888672,22.864160537719727,22.70354461669922,575900.0,16.514850616455078
2004-04-15,22.901952743530273,22.514583587646484,22.708267211914062,22.67047691345215,577600.0,16.490800857543945
2004-04-16,22.722440719604492,22.467344284057617,22.67047691345215,22.675199508666992,793300.0,16.49423599243164
2004-04-19,23.105083465576172,22.722440719604492,22.722440719604492,22.920848846435547,838200.0,16.67292022705078
2004-04-20,23.09563636779785,22.391759872436523,22.91612434387207,22.391759872436523,598400.0,16.28805923461914
2004-04-21,22.92557144165039,22.42955207824707,22.443723678588867,22.92557144165039,836500.0,16.676355361938477
2004-04-22,23.00588035583496,22.675199508666992,22.94919204711914,22.911399841308594,567500.0,16.666048049926758
2004-04-23,22.935020446777344,22.401208877563477,22.911399841308594,22.5996150970459,732400.0,16.439247131347656
2004-04-26,23.043672561645508,22.472068786621094,22.864160537719727,22.571271896362305,679000.0,16.418636322021484
2004-04-27,22.580720901489258,21.857948303222656,22.48624038696289,21.91935920715332,1102000.0,15.944424629211426
2004-04-28,21.924083709716797,21.617023468017578,21.91935920715332,21.631195068359375,1398100.0,15.734810829162598
2004-04-29,21.6595401763916,21.295791625976562,21.6595401763916,21.32413673400879,886500.0,15.511451721191406
2004-04-30,21.465856552124023,21.158796310424805,21.32413673400879,21.281620025634766,994400.0,15.480524063110352
2004-05-03,21.51309585571289,20.88007926940918,21.24382781982422,20.99345588684082,1424600.0,15.270901679992676
2004-05-04,21.409168243408203,20.998180389404297,20.998180389404297,21.135175704956055,1133700.0,15.374003410339355
2004-05-05,21.39027214050293,21.069040298461914,21.191864013671875,21.1871395111084,418500.0,15.4118013381958
2004-05-06,21.16352081298828,20.558847427368164,21.16352081298828,20.743083953857422,776000.0,15.088786125183105
2004-05-07,20.936767578125,20.606088638305664,20.62026023864746,20.639156341552734,895400.0,15.013184547424316
2004-05-10,20.658052444458008,20.091171264648438,20.549400329589844,20.280132293701172,974800.0,14.752032279968262
2004-05-11,20.62970733642578,20.280132293701172,20.280132293701172,20.4974365234375,1082100.0,14.910099983215332
2004-05-12,20.4501953125,20.015588760375977,20.4501953125,20.2612361907959,1155800.0,14.738286018371582
2004-05-13,20.681671142578125,20.195100784301758,20.21399688720703,20.502159118652344,729200.0,14.913533210754395
2004-05-14,20.59663963317871,20.341543197631836,20.492712020874023,20.431299209594727,1165500.0,14.862003326416016
2004-05-17,20.40768051147461,20.025035858154297,20.40768051147461,20.12424087524414,795000.0,14.638635635375977
2004-05-18,20.322647094726562,20.13368797302246,20.171480178833008,20.171480178833008,1277500.0,14.672990798950195
2004-05-19,20.832839965820312,20.256511688232422,20.265960693359375,20.280132293701172,779400.0,14.752032279968262
2004-05-20,20.761980056762695,20.336820602416992,20.38405990600586,20.65332794189453,1013500.0,15.023503303527832
2004-05-21,20.75725555419922,20.525779724121094,20.662776947021484,20.691120147705078,292300.0,15.050994873046875
2004-05-24,21.10683250427246,20.743083953857422,20.809219360351562,20.917871475219727,408500.0,15.215930938720703
2004-05-25,21.239103317260742,20.752531051635742,20.88007926940918,21.206035614013672,844800.0,15.425542831420898
2004-05-26,21.560335159301758,21.097383499145508,21.158796310424805,21.560335159301758,565400.0,15.683271408081055
2004-05-27,21.75402069091797,21.432788848876953,21.517820358276367,21.588680267333984,472900.0,15.73836898803711
2004-05-28,21.872119903564453,21.494199752807617,21.588680267333984,21.824880599975586,540000.0,15.910558700561523
2004-06-01,21.957151412963867,21.522544860839844,21.73040008544922,21.6595401763916,396400.0,15.790024757385254
2004-06-02,21.772916793823242,21.44696044921875,21.668987274169922,21.640644073486328,291200.0,15.776253700256348
2004-06-03,21.768192291259766,21.409168243408203,21.725675582885742,21.432788848876953,582900.0,15.62471866607666
2004-06-04,21.93353271484375,21.44696044921875,21.541439056396484,21.664264678955078,618700.0,15.793469429016113
2004-06-07,21.895740509033203,21.574508666992188,21.810707092285156,21.848499298095703,429900.0,15.927774429321289
2004-06-08,22.075252532958984,21.6595401763916,22.037460327148438,21.79653549194336,1289500.0,15.889901161193848
2004-06-09,21.97604751586914,21.711503982543945,21.824880599975586,21.772916793823242,888200.0,15.872678756713867
2004-06-10,21.957151412963867,21.782363891601562,21.848499298095703,21.881568908691406,792300.0,15.951884269714355
2004-06-14,21.848499298095703,21.281620025634766,21.848499298095703,21.371376037597656,793100.0,15.5799560546875
2004-06-15,22.1602840423584,21.409168243408203,21.409168243408203,22.042184829711914,1759100.0,16.068973541259766
2004-06-16,22.31617546081543,21.99966812133789,22.13666343688965,22.268936157226562,772600.0,16.234283447265625
2004-06-17,22.51930809020996,22.042184829711914,22.268936157226562,22.481515884399414,917800.0,16.38925552368164
2004-06-18,22.878332138061523,22.391759872436523,22.490964889526367,22.5854434967041,848400.0,16.465017318725586
2004-06-21,22.65630340576172,22.344520568847656,22.580720901489258,22.344520568847656,537600.0,16.289386749267578
2004-06-22,22.524032592773438,22.27366065979004,22.344520568847656,22.43899917602539,1138600.0,16.358261108398438
2004-06-23,22.920848846435547,22.368139266967773,22.43899917602539,22.831092834472656,951500.0,16.64410400390625
2004-06-24,22.911399841308594,22.627960205078125,22.661027908325195,22.85943603515625,684100.0,16.664758682250977
2004-06-25,23.14287567138672,22.821643829345703,22.85943603515625,23.067291259765625,1247000.0,16.81629753112793
2004-06-28,23.308216094970703,23.029499053955078,23.185392379760742,23.218460083007812,1005500.0,16.926496505737305
2004-06-29,23.6200008392334,23.20901107788086,23.218460083007812,23.5727596282959,1004200.0,17.184778213500977
2004-06-30,23.974300384521484,23.54914093017578,23.54914093017578,23.974300384521484,1250000.0,17.477510452270508
2004-07-01,23.92233657836914,23.397972106933594,23.856199264526367,23.407419204711914,1053500.0,17.064247131347656
2004-07-02,23.59638023376465,23.383800506591797,23.383800506591797,23.506624221801758,502500.0,17.136568069458008
2004-07-06,23.38852310180664,22.722440719604492,23.38852310180664,22.74605941772461,640300.0,16.58210563659668
2004-07-07,23.067291259765625,22.76968002319336,22.76968002319336,22.911399841308594,431400.0,16.70264434814453
2004-07-08,23.029499053955078,22.5854434967041,22.883056640625,22.84998893737793,540200.0,16.65787696838379
2004-07-09,23.11925506591797,22.883056640625,22.906675338745117,23.024776458740234,463500.0,16.785293579101562
2004-07-12,23.053119659423828,22.788576126098633,23.029499053955078,22.84998893737793,818300.0,16.65787696838379
2004-07-13,22.991708755493164,22.675199508666992,22.675199508666992,22.963363647460938,649000.0,16.740530014038086
2004-07-14,23.081464767456055,22.727163314819336,22.845264434814453,22.79330062866211,822600.0,16.616554260253906
2004-07-15,22.901952743530273,22.457895278930664,22.79330062866211,22.505136489868164,542300.0,16.406475067138672
2004-07-16,22.557100296020508,22.33979606628418,22.557100296020508,22.33979606628418,431200.0,16.28594207763672
2004-07-19,22.65630340576172,22.245315551757812,22.391759872436523,22.36341667175293,574300.0,16.30315399169922
2004-07-20,22.48624038696289,22.22641944885254,22.36341667175293,22.48624038696289,604900.0,16.392704010009766
2004-07-21,22.62323570251465,21.777639389038086,22.547651290893555,21.805984497070312,977900.0,15.896791458129883
2004-07-22,22.061080932617188,21.607576370239258,21.79653549194336,22.013839721679688,528500.0,16.04831314086914
2004-07-23,22.018564224243164,21.470579147338867,22.018564224243164,21.48002815246582,666300.0,15.659160614013672
2004-07-26,21.65009117126465,21.1729679107666,21.48002815246582,21.22020721435547,560100.0,15.469755172729492
2004-07-27,21.48947525024414,21.1871395111084,21.291067123413086,21.42333984375,404900.0,15.617827415466309
2004-07-28,21.428064346313477,21.021799087524414,21.428064346313477,21.35720443725586,624600.0,15.569620132446289
2004-07-29,22.6468563079834,21.35720443725586,21.35720443725586,22.5996150970459,1500400.0,16.475353240966797
2004-07-30,22.627960205078125,22.382312774658203,22.5996150970459,22.42955207824707,712700.0,16.351377487182617
2004-08-02,22.77912712097168,22.22641944885254,22.434276580810547,22.675199508666992,859400.0,16.530454635620117
2004-08-03,22.79330062866211,22.52875518798828,22.722440719604492,22.661027908325195,679900.0,16.520122528076172
2004-08-04,22.821643829345703,22.538204193115234,22.590167999267578,22.73661231994629,1081400.0,16.57522201538086
2004-08-05,22.73661231994629,22.0988712310791,22.73661231994629,22.0988712310791,621500.0,16.110309600830078
2004-08-06,22.117767333984375,21.541439056396484,21.957151412963867,21.574508666992188,672500.0,15.728032112121582
2004-08-09,21.76346778869629,21.57923126220703,21.6595401763916,21.621747970581055,359400.0,15.76247501373291
2004-08-10,21.957151412963867,21.69733238220215,21.70677947998047,21.957151412963867,446000.0,16.006990432739258
2004-08-11,21.895740509033203,21.092660903930664,21.895740509033203,21.257999420166016,874000.0,15.497298240661621
2004-08-12,21.248552322387695,20.478540420532227,21.248552322387695,20.7005672454834,1247400.0,15.090924263000488
2004-08-13,20.785600662231445,20.40768051147461,20.714740753173828,20.577743530273438,629700.0,15.001387596130371
2004-08-16,21.286344528198242,20.606088638305664,20.615535736083984,21.191864013671875,712100.0,15.449085235595703
2004-08-17,21.484752655029297,21.191864013671875,21.253276824951172,21.27689552307129,514300.0,15.511076927185059
2004-08-18,21.598127365112305,21.11627960205078,21.201311111450195,21.583955764770508,701900.0,15.7349214553833
2004-08-19,21.938255310058594,21.583955764770508,21.583955764770508,21.70677947998047,590600.0,15.824467658996582
2004-08-20,22.131940841674805,21.63591957092285,21.6595401763916,22.06580352783203,464400.0,16.08619499206543
2004-08-23,22.396484375,22.051631927490234,22.051631927490234,22.21697235107422,388600.0,16.196393966674805
2004-08-24,22.28310775756836,21.872119903564453,22.21697235107422,21.994943618774414,377000.0,16.034536361694336
2004-08-25,22.434276580810547,21.96660041809082,21.994943618774414,22.382312774658203,379700.0,16.316938400268555
2004-08-26,22.46261978149414,22.165008544921875,22.382312774658203,22.368139266967773,595800.0,16.306604385375977
2004-08-27,22.85943603515625,22.391759872436523,22.391759872436523,22.675199508666992,568300.0,16.530454635620117
2004-08-30,22.783851623535156,22.368139266967773,22.675199508666992,22.533479690551758,442600.0,16.427141189575195
2004-08-31,22.750783920288086,22.42955207824707,22.524032592773438,22.750783920288086,426700.0,16.58555030822754
2004-09-01,23.213735580444336,22.750783920288086,22.750783920288086,23.123979568481445,702500.0,16.857614517211914
2004-09-02,23.27987289428711,23.053119659423828,23.123979568481445,23.23263168334961,470300.0,16.936830520629883
2004-09-03,23.171220779418945,22.79330062866211,23.16649627685547,22.878332138061523,304600.0,16.719327926635742
2004-09-07,23.19956398010254,22.953916549682617,22.95863914489746,23.090911865234375,342200.0,16.874692916870117
2004-09-08,23.16649627685547,22.500411987304688,23.09563636779785,22.580720901489258,546500.0,16.50184440612793
2004-09-09,23.26569938659668,22.62323570251465,22.651580810546875,23.138151168823242,532300.0,16.909204483032227
2004-09-10,23.327112197875977,23.00588035583496,23.10980796813965,23.308216094970703,1055600.0,17.033491134643555
2004-09-13,23.856199264526367,23.26569938659668,23.336559295654297,23.681411743164062,686400.0,17.30622100830078
2004-09-14,23.681411743164062,23.47827911376953,23.681411743164062,23.601104736328125,446800.0,17.247533798217773
2004-09-15,23.794788360595703,23.50189971923828,23.591655731201172,23.690860748291016,738100.0,17.313119888305664
2004-09-16,24.413631439208984,23.667240142822266,23.667240142822266,23.95540428161621,875300.0,17.506452560424805
2004-09-17,24.45142364501953,23.83258056640625,23.96485137939453,24.423080444335938,907200.0,17.84823226928711
2004-09-20,25.415119171142578,24.35222053527832,24.423080444335938,25.325363159179688,2264600.0,18.507614135742188
2004-09-21,26.10482406616211,25.306467056274414,25.325363159179688,26.062307357788086,1994400.0,19.046173095703125
2004-09-22,25.726903915405273,25.31119155883789,25.509599685668945,25.372604370117188,1502300.0,18.542137145996094
2004-09-23,25.372604370117188,25.023027420043945,25.372604370117188,25.136404037475586,947900.0,18.369522094726562
2004-09-24,25.315916061401367,25.103336334228516,25.15530014038086,25.287572860717773,1263300.0,18.479997634887695
2004-09-27,25.325363159179688,25.046648025512695,25.17892074584961,25.263952255249023,1293300.0,18.462726593017578
2004-09-28,25.632423400878906,25.0183048248291,25.2686767578125,25.230884552001953,645000.0,18.438570022583008
2004-09-29,25.509599685668945,25.084440231323242,25.240331649780273,25.235607147216797,894100.0,18.4420108795166
2004-09-30,26.01506805419922,25.207263946533203,25.282848358154297,25.953655242919922,1189200.0,18.966766357421875
2004-10-01,26.515811920166016,26.01506805419922,26.01506805419922,26.51108741760254,942200.0,19.374130249023438
2004-10-04,26.832319259643555,26.4449520111084,26.548879623413086,26.610292434692383,1079100.0,19.446624755859375
2004-10-05,27.02128028869629,26.61501693725586,26.61501693725586,26.841768264770508,723500.0,19.61578941345215
2004-10-06,27.158275604248047,26.586671829223633,26.785079956054688,27.158275604248047,480100.0,19.84708595275879
2004-10-07,27.616504669189453,26.89373207092285,27.422819137573242,27.281099319458008,1501200.0,19.93684959411621
2004-10-08,27.4039249420166,27.096864700317383,27.24330711364746,27.20079231262207,846500.0,19.878158569335938
2004-10-11,27.399200439453125,27.186620712280273,27.248031616210938,27.318891525268555,816800.0,19.964468002319336
2004-10-12,27.446439743041992,27.13465690612793,27.32361602783203,27.441715240478516,1154900.0,20.05422592163086
2004-10-13,27.76294708251953,27.23386001586914,27.399200439453125,27.24330711364746,707800.0,19.909231185913086
2004-10-14,27.318891525268555,26.86066436767578,27.29054832458496,27.167724609375,523700.0,19.85399627685547
2004-10-15,27.50785255432129,27.186620712280273,27.186620712280273,27.408647537231445,478100.0,20.03006362915039
2004-10-18,27.781843185424805,27.248031616210938,27.375579833984375,27.625951766967773,577200.0,20.18886947631836
2004-10-19,28.211727142333984,27.59760856628418,27.74405288696289,27.692087173461914,1754800.0,20.237192153930664
2004-10-20,27.66374397277832,27.02128028869629,27.659019470214844,27.158275604248047,1482800.0,19.84708595275879
2004-10-21,28.18338394165039,27.3566837310791,27.399200439453125,27.824359893798828,2212300.0,20.333850860595703
2004-10-22,27.791292190551758,27.23386001586914,27.75349998474121,27.25748062133789,1398300.0,19.919580459594727
2004-10-25,27.470060348510742,26.97403907775879,27.092140197753906,27.29999542236328,1332100.0,19.950647354125977
2004-10-26,27.602331161499023,26.912628173828125,27.21023941040039,27.4180965423584,1058000.0,20.036968231201172
2004-10-27,28.698299407958984,27.422819137573242,27.422819137573242,28.627439498901367,1263100.0,20.92074203491211
2004-10-28,29.04315185546875,28.52351188659668,28.627439498901367,28.764436721801758,960600.0,21.020864486694336
2004-10-29,29.090391159057617,28.655784606933594,28.66995620727539,29.0667724609375,728400.0,21.241811752319336
2004-11-01,29.057323455810547,28.8164005279541,29.057323455810547,29.024255752563477,1161300.0,21.210735321044922
2004-11-02,29.43996810913086,28.97701644897461,29.024255752563477,29.057323455810547,901100.0,21.234905242919922
2004-11-03,29.38327980041504,28.688852310180664,29.32659149169922,29.000635147094727,1363400.0,21.193477630615234
2004-11-04,29.737579345703125,28.665231704711914,28.94394874572754,29.61948013305664,1400700.0,21.645723342895508
2004-11-05,30.153291702270508,29.610031127929688,29.713960647583008,29.96905517578125,829100.0,21.901187896728516
2004-11-08,30.13912010192871,29.83678436279297,30.13912010192871,29.874576568603516,928200.0,21.832141876220703
2004-11-09,29.86985206604004,29.265180587768555,29.855680465698242,29.661996841430664,1108800.0,21.676795959472656
2004-11-10,29.713960647583008,29.22266387939453,29.61948013305664,29.421072006225586,1021100.0,21.50072479248047
2004-11-11,30.17218780517578,29.421072006225586,29.421072006225586,30.167463302612305,1374800.0,22.04618263244629
2004-11-12,30.99888801574707,29.973779678344727,30.167463302612305,30.984716415405273,1371500.0,22.6434326171875
2004-11-15,31.230363845825195,30.45562744140625,30.984716415405273,31.116987228393555,1312200.0,22.740089416503906
2004-11-16,32.16099166870117,30.857168197631836,31.03195571899414,31.707487106323242,2087000.0,23.171615600585938
2004-11-17,32.66645812988281,31.71221160888672,31.71221160888672,32.17988967895508,1705900.0,23.558979034423828
2004-11-18,32.46805191040039,31.83503532409668,31.886999130249023,32.23185348510742,880300.0,23.59701919555664
2004-11-19,32.373573303222656,31.797243118286133,32.26491928100586,31.82558822631836,639700.0,23.299591064453125
2004-11-22,31.97203254699707,31.52797508239746,31.943687438964844,31.934240341186523,1083400.0,23.379131317138672
2004-11-23,32.05234146118164,31.46183967590332,32.05234146118164,31.901172637939453,1123600.0,23.35491943359375
2004-11-24,32.123199462890625,31.839759826660156,31.953136444091797,31.957860946655273,502100.0,23.396427154541016
2004-11-26,31.98147964477539,31.726383209228516,31.957860946655273,31.830312728881836,258800.0,23.30304718017578
2004-11-29,32.02872085571289,31.59883689880371,31.957860946655273,31.721660614013672,883100.0,23.223499298095703
2004-11-30,31.721660614013672,31.244535446166992,31.674419403076172,31.268156051635742,1314700.0,22.891494750976562
2004-12-01,31.754728317260742,31.263431549072266,31.343740463256836,31.721660614013672,1180100.0,23.223499298095703
2004-12-02,32.04289245605469,31.579940795898438,31.721660614013672,31.603559494018555,808800.0,23.137048721313477
2004-12-03,31.844484329223633,31.33901596069336,31.646076202392578,31.513803482055664,861500.0,23.071331024169922
2004-12-06,31.816139221191406,31.320119857788086,31.556320190429688,31.34846305847168,804800.0,22.950288772583008
2004-12-07,31.613008499145508,30.847719192504883,31.287052154541016,30.89968490600586,1252500.0,22.62173080444336
2004-12-08,31.131160736083984,30.65876007080078,30.904407501220703,30.75324058532715,580800.0,22.514522552490234
2004-12-09,30.724895477294922,30.07298469543457,30.724895477294922,30.313907623291016,1103700.0,22.19288444519043
2004-12-10,30.304460525512695,29.954883575439453,30.11549949645996,30.167463302612305,948100.0,22.085670471191406
2004-12-13,30.417835235595703,29.907644271850586,30.209980010986328,29.987951278686523,1196600.0,21.95425033569336
2004-12-14,30.417835235595703,29.950159072875977,29.987951278686523,30.29973602294922,881400.0,22.182514190673828
2004-12-15,30.318632125854492,29.70923614501953,30.318632125854492,29.71868324279785,1718200.0,21.757123947143555
2004-12-16,30.153291702270508,29.695064544677734,29.71868324279785,29.92654037475586,1415500.0,21.909290313720703
2004-12-17,29.76592445373535,28.66995620727539,29.713960647583008,29.194320678710938,2673300.0,21.37322425842285
2004-12-20,29.567516326904297,28.92032814025879,29.09984016418457,29.104564666748047,991100.0,21.307514190673828
2004-12-21,29.288799285888672,28.79277992248535,29.22266387939453,29.217939376831055,1271100.0,21.390518188476562
2004-12-22,29.336040496826172,29.028980255126953,29.147079467773438,29.118736267089844,716100.0,21.317899703979492
2004-12-23,29.548620223999023,29.028980255126953,29.071495056152344,29.137632369995117,537000.0,21.331724166870117
2004-12-27,29.232112884521484,28.844743728637695,29.16597557067871,28.89670753479004,404900.0,21.155349731445312
2004-12-28,29.27935218811035,28.94394874572754,28.94394874572754,29.251007080078125,535500.0,21.414731979370117
2004-12-29,29.284076690673828,29.028980255126953,29.13290786743164,29.13290786743164,542700.0,21.328269958496094
2004-12-30,29.388004302978516,29.137632369995117,29.15652847290039,29.236835479736328,532300.0,21.404348373413086
2004-12-31,29.369108200073242,29.13290786743164,29.236835479736328,29.18959617614746,382000.0,21.369775772094727
2005-01-03,29.388004302978516,28.2825870513916,29.236835479736328,28.405412673950195,851100.0,20.79567527770996
2005-01-04,28.36762046813965,27.092140197753906,28.36762046813965,27.148828506469727,2120800.0,19.875720977783203
2005-01-05,27.23386001586914,26.789804458618164,27.163000106811523,26.855939865112305,2174200.0,19.661293029785156
2005-01-06,27.682640075683594,26.9315242767334,26.950420379638672,27.24330711364746,1484700.0,19.944894790649414
2005-01-07,27.4180965423584,26.879560470581055,27.31416893005371,26.90790367126465,889000.0,19.699337005615234
2005-01-10,27.399200439453125,26.832319259643555,26.832319259643555,27.31416893005371,850100.0,19.996768951416016
2005-01-11,27.276376724243164,26.846492767333984,27.25748062133789,26.94097137451172,863200.0,19.723546981811523
2005-01-12,27.559816360473633,26.96459197998047,27.413372039794922,27.252756118774414,1265400.0,19.951810836791992
2005-01-13,27.33306312561035,27.03072738647461,27.304719924926758,27.13465690612793,870200.0,19.865345001220703
2005-01-14,27.588159561157227,27.08741569519043,27.13465690612793,27.54092025756836,1381200.0,20.162778854370117
2005-01-18,27.54092025756836,27.167724609375,27.54092025756836,27.29054832458496,912500.0,19.979475021362305
2005-01-19,27.281099319458008,26.610292434692383,27.281099319458008,26.666980743408203,901700.0,19.522958755493164
2005-01-20,26.60084342956543,25.9442081451416,26.548879623413086,25.953655242919922,1549300.0,19.000732421875
2005-01-21,26.194580078125,25.452911376953125,26.019792556762695,25.56156349182129,1272200.0,18.713680267333984
2005-01-24,26.35047149658203,25.793039321899414,25.840280532836914,25.793039321899414,1308600.0,18.883148193359375
2005-01-25,26.270164489746094,25.580459594726562,25.86389923095703,25.637147903442383,1021800.0,18.769014358520508
2005-01-26,26.232372283935547,25.632423400878906,25.722179412841797,26.175683975219727,1323400.0,19.163284301757812
2005-01-27,30.233600616455078,28.84001922607422,29.751752853393555,30.2288761138916,6137100.0,22.130632400512695
2005-01-28,30.82882308959961,29.43996810913086,30.110776901245117,29.798992156982422,2570000.0,21.815908432006836
2005-01-31,31.24925994873047,29.99267578125,29.997400283813477,30.597347259521484,1876300.0,22.400386810302734
2005-02-01,31.135883331298828,30.75324058532715,31.083919525146484,30.94219970703125,2588000.0,22.652854919433594
2005-02-02,30.946924209594727,30.559555053710938,30.94219970703125,30.720172882080078,979400.0,22.49031639099121
2005-02-03,30.720172882080078,30.176912307739258,30.720172882080078,30.233600616455078,1011400.0,22.134084701538086
2005-02-04,30.39893913269043,30.247772216796875,30.280839920043945,30.346975326538086,1156200.0,22.21708869934082
2005-02-07,30.483972549438477,30.233600616455078,30.2902889251709,30.46980094909668,861700.0,22.30701446533203
2005-02-08,30.894960403442383,30.42255973815918,30.42255973815918,30.68238067626953,881000.0,22.4626407623291
2005-02-09,30.677656173706055,30.068260192871094,30.65876007080078,30.285564422607422,1320900.0,22.172134399414062
2005-02-10,30.394216537475586,30.134395599365234,30.261943817138672,30.351699829101562,950200.0,22.220548629760742
2005-02-11,30.894960403442383,30.143844604492188,30.351699829101562,30.871339797973633,828700.0,22.600982666015625
2005-02-14,31.093368530273438,30.479248046875,30.871339797973633,30.838272094726562,787400.0,22.576778411865234
2005-02-15,31.2020206451416,30.70599937438965,30.9185791015625,31.036680221557617,1161300.0,22.722028732299805
2005-02-16,31.150056838989258,30.800479888916016,30.94219970703125,31.03195571899414,1370800.0,22.718570709228516
2005-02-17,31.131160736083984,30.583175659179688,31.050851821899414,30.65876007080078,563000.0,22.44534683227539
2005-02-18,30.904407501220703,30.54538345336914,30.68238067626953,30.6682071685791,632000.0,22.4522647857666
2005-02-22,31.013059616088867,30.41311264038086,30.620967864990234,30.50286865234375,992300.0,22.331222534179688
2005-02-23,30.75324058532715,30.342252731323242,30.498144149780273,30.474523544311523,927300.0,22.310466766357422
2005-02-24,31.400428771972656,30.474523544311523,30.474523544311523,31.367359161376953,874800.0,22.964122772216797
2005-02-25,31.83503532409668,31.197296142578125,31.24925994873047,31.67914390563965,668700.0,23.1923770904541
2005-02-28,32.212955474853516,31.471288681030273,31.910619735717773,31.50908088684082,1124600.0,23.067874908447266
2005-03-01,32.4397087097168,31.60828399658203,31.613008499145508,32.3452262878418,850300.0,23.68001937866211
2005-03-02,32.62866973876953,32.02872085571289,32.194061279296875,32.52946472167969,775100.0,23.81489372253418
2005-03-03,32.567256927490234,32.170440673828125,32.52946472167969,32.46805191040039,1045300.0,23.769939422607422
2005-03-04,32.82707595825195,32.35940170288086,32.567256927490234,32.51056671142578,702500.0,23.80105972290039
2005-03-07,32.860145568847656,32.53418731689453,32.53418731689453,32.77983474731445,743000.0,23.998191833496094
2005-03-08,32.64756393432617,31.877552032470703,32.54835891723633,31.976755142211914,1040600.0,23.410259246826172
2005-03-09,32.57197952270508,31.98147964477539,32.0003776550293,32.057064056396484,1028100.0,23.469051361083984
2005-03-10,32.17988967895508,31.424047470092773,32.02872085571289,31.820863723754883,934100.0,23.337404251098633
2005-03-11,32.20823287963867,31.92479133605957,31.93896484375,32.146820068359375,783000.0,23.576454162597656
2005-03-14,32.8790397644043,32.35940170288086,32.406639099121094,32.8648681640625,953200.0,24.103065490722656
2005-03-15,33.06800079345703,32.62394332885742,33.04438018798828,32.699527740478516,780600.0,23.981809616088867
2005-03-16,32.77983474731445,32.014549255371094,32.699527740478516,32.08540725708008,641400.0,23.53141212463379
2005-03-17,32.63811492919922,31.967308044433594,32.075958251953125,32.54835891723633,730700.0,23.870943069458008
2005-03-18,32.127925872802734,31.206743240356445,32.123199462890625,31.211467742919922,1596900.0,22.89047622680664
2005-03-21,31.471288681030273,31.183124542236328,31.27288055419922,31.27288055419922,542700.0,22.93550682067871
2005-03-22,31.934240341186523,31.16895294189453,31.24925994873047,31.674419403076172,924600.0,23.229999542236328
2005-03-23,32.20823287963867,31.556320190429688,31.6885929107666,31.754728317260742,883300.0,23.28889274597168
2005-03-24,32.20823287963867,31.80196762084961,31.80196762084961,31.83503532409668,522400.0,23.347793579101562
2005-03-28,32.06178665161133,31.594112396240234,31.83503532409668,31.594112396240234,658700.0,23.17110252380371
2005-03-29,31.42877197265625,30.41311264038086,31.296499252319336,30.540660858154297,1673500.0,22.398502349853516
2005-03-30,30.800479888916016,30.521764755249023,30.540660858154297,30.616243362426758,1208200.0,22.45393180847168
2005-03-31,31.036680221557617,30.346975326538086,30.498144149780273,30.847719192504883,975700.0,22.623695373535156
2005-04-01,31.442943572998047,30.564279556274414,31.131160736083984,30.76268768310547,547500.0,22.561336517333984
2005-04-04,30.838272094726562,30.346975326538086,30.838272094726562,30.48869514465332,746100.0,22.36038589477539
2005-04-05,30.94219970703125,30.48869514465332,30.70599937438965,30.60207176208496,770700.0,22.443527221679688
2005-04-06,31.235088348388672,30.611520767211914,30.743791580200195,30.979991912841797,593100.0,22.720706939697266
2005-04-07,31.471288681030273,30.88551139831543,30.88551139831543,31.310672760009766,490100.0,22.963228225708008
2005-04-08,31.556320190429688,31.05557632446289,31.291776657104492,31.301223754882812,540100.0,22.956295013427734
2005-04-11,31.669696807861328,30.98944091796875,31.433496475219727,31.102815628051758,616200.0,22.8107852935791
2005-04-12,31.22563934326172,30.70599937438965,31.22563934326172,30.951648712158203,780600.0,22.699922561645508
2005-04-13,31.046127319335938,30.091880798339844,31.046127319335938,30.384767532348633,700100.0,22.28417205810547
2005-04-14,30.7154483795166,30.02574348449707,30.441455841064453,30.224151611328125,608100.0,22.166372299194336
2005-04-15,30.261943817138672,29.118736267089844,30.233600616455078,29.364383697509766,985600.0,21.53582191467285
2005-04-18,30.261943817138672,28.58964729309082,29.477760314941406,29.005359649658203,960700.0,21.27251434326172
2005-04-19,29.761199951171875,29.307695388793945,29.336040496826172,29.666719436645508,575300.0,21.757556915283203
2005-04-20,29.572240829467773,28.051111221313477,29.56279182434082,28.17393684387207,1250600.0,20.66274642944336
2005-04-21,28.721920013427734,28.12669563293457,28.485719680786133,28.674680709838867,1121600.0,21.02998924255371
2005-04-22,28.674680709838867,27.710983276367188,28.674680709838867,28.17393684387207,688100.0,20.66274642944336
2005-04-25,28.7691593170166,28.202280044555664,28.391239166259766,28.721920013427734,842200.0,21.06464195251465
2005-04-26,29.014808654785156,28.41013526916504,28.485719680786133,29.014808654785156,1082600.0,21.279441833496094
2005-04-27,29.137632369995117,26.085927963256836,28.882535934448242,26.312679290771484,3096300.0,19.297697067260742
2005-04-28,26.785079956054688,26.246543884277344,26.312679290771484,26.577224731445312,1520900.0,19.491716384887695
2005-04-29,26.8701114654541,25.745800018310547,26.596120834350586,26.643360137939453,1485600.0,19.54022216796875
2005-05-02,27.115760803222656,26.6339111328125,26.6339111328125,26.73784065246582,839800.0,19.60951042175293
2005-05-03,27.096864700317383,26.73784065246582,26.73784065246582,26.926799774169922,746500.0,19.748106002807617
2005-05-04,27.238584518432617,26.9173526763916,27.002384185791016,27.049623489379883,944800.0,19.838178634643555
2005-05-05,27.512575149536133,26.832319259643555,27.049623489379883,27.304719924926758,767400.0,20.02526092529297
2005-05-06,27.710983276367188,27.068519592285156,27.54092025756836,27.588159561157227,613900.0,20.233144760131836
2005-05-09,27.899944305419922,27.38030433654785,27.77712059020996,27.758224487304688,509700.0,20.357858657836914
2005-05-10,27.66374397277832,27.219688415527344,27.66374397277832,27.33306312561035,1143500.0,20.046049118041992
2005-05-11,27.625951766967773,27.351959228515625,27.446439743041992,27.54092025756836,952100.0,20.198490142822266
2005-05-12,28.013320922851562,27.588159561157227,27.625951766967773,27.748775482177734,848100.0,20.350933074951172
2005-05-13,28.041664123535156,27.399200439453125,27.748775482177734,27.625951766967773,1544900.0,20.26085090637207
2005-05-16,27.814912796020508,27.49367904663086,27.54092025756836,27.654296875,1162700.0,20.281641006469727
2005-05-17,27.72043228149414,27.304719924926758,27.4180965423584,27.588159561157227,757400.0,20.233144760131836
2005-05-18,27.824359893798828,27.465335845947266,27.682640075683594,27.77712059020996,1799700.0,20.371726989746094
2005-05-19,28.381792068481445,27.77712059020996,27.77712059020996,28.315656661987305,466700.0,20.766681671142578
2005-05-20,28.381792068481445,28.155040740966797,28.315656661987305,28.315656661987305,322000.0,20.766681671142578
2005-05-23,29.062047958374023,28.315656661987305,28.315656661987305,28.97701644897461,741300.0,21.251724243164062
2005-05-24,29.005359649658203,28.52351188659668,29.005359649658203,28.5802001953125,511200.0,20.960702896118164
2005-05-25,28.570751190185547,27.011831283569336,28.570751190185547,27.361408233642578,1158300.0,20.066837310791016
2005-05-26,27.67319107055664,27.248031616210938,27.436992645263672,27.503128051757812,1420400.0,20.212665557861328
2005-05-27,27.55036735534668,26.898456573486328,27.408647537231445,27.503128051757812,558900.0,20.212665557861328
2005-05-31,27.446439743041992,27.125207901000977,27.4180965423584,27.15355110168457,393400.0,19.955747604370117
2005-06-01,27.956632614135742,27.21023941040039,27.25748062133789,27.796016693115234,494100.0,20.427900314331055
2005-06-02,28.221176147460938,27.796016693115234,27.928287506103516,28.06056022644043,533900.0,20.62232780456543
2005-06-03,27.93773651123047,27.238584518432617,27.899944305419922,27.238584518432617,1942200.0,20.018234252929688
2005-06-06,27.654296875,26.945695877075195,27.238584518432617,27.49367904663086,908300.0,20.20570945739746
2005-06-07,27.748775482177734,26.926799774169922,27.588159561157227,26.96459197998047,783400.0,19.816869735717773
2005-06-08,27.096864700317383,26.548879623413086,26.97403907775879,26.652807235717773,735400.0,19.587736129760742
2005-06-09,27.172447204589844,26.17095947265625,27.115760803222656,26.69059944152832,1197300.0,19.615520477294922
2005-06-10,30.7154483795166,29.572240829467773,30.517040252685547,29.855680465698242,3321600.0,21.94159698486328
2005-06-13,30.2430477142334,29.770647048950195,29.855680465698242,30.20525550842285,726800.0,22.198503494262695
2005-06-14,30.923303604125977,30.233600616455078,30.280839920043945,30.517040252685547,1038900.0,22.427648544311523
2005-06-15,30.82882308959961,30.36587142944336,30.65876007080078,30.772136688232422,875100.0,22.615123748779297
2005-06-16,31.05557632446289,30.450904846191406,30.866615295410156,30.554832458496094,709500.0,22.45542335510254
2005-06-17,30.800479888916016,30.29973602294922,30.800479888916016,30.6682071685791,856100.0,22.538745880126953
2005-06-20,30.479248046875,29.921815872192383,30.479248046875,30.091880798339844,913300.0,22.115184783935547
2005-06-21,30.65876007080078,30.110776901245117,30.233600616455078,30.158016204833984,991000.0,22.163787841796875
2005-06-22,31.12171173095703,30.394216537475586,30.394216537475586,30.75324058532715,974900.0,22.60123634338379
2005-06-23,30.94219970703125,30.224151611328125,30.94219970703125,30.35642433166504,764800.0,22.309600830078125
2005-06-24,30.318632125854492,29.184871673583984,30.261943817138672,29.37383270263672,701200.0,21.587472915649414
2005-06-27,29.524999618530273,28.873088836669922,29.506103515625,29.175424575805664,646500.0,21.441661834716797
2005-06-28,29.572240829467773,29.175424575805664,29.345487594604492,29.5533447265625,427600.0,21.71940803527832
2005-06-29,29.704511642456055,29.336040496826172,29.68561553955078,29.572240829467773,504200.0,21.73329734802246
2005-06-30,30.01629638671875,29.487207412719727,29.67616844177246,29.487207412719727,424300.0,21.67079734802246
2005-07-01,29.95960807800293,29.477760314941406,29.572240829467773,29.95960807800293,744800.0,22.01797103881836
2005-07-05,30.13912010192871,29.572240829467773,29.95960807800293,29.84623146057129,431800.0,21.93465232849121
2005-07-06,30.01629638671875,29.477760314941406,29.950159072875977,29.477760314941406,787500.0,21.66385269165039
2005-07-07,30.091880798339844,29.298248291015625,29.487207412719727,30.044639587402344,733800.0,22.080467224121094
2005-07-08,30.432008743286133,29.90291976928711,30.13912010192871,30.394216537475586,463400.0,22.337387084960938
2005-07-11,31.320119857788086,30.65876007080078,30.70599937438965,31.197296142578125,657200.0,22.927583694458008
2005-07-12,31.52797508239746,31.027231216430664,31.27288055419922,31.150056838989258,466100.0,22.892858505249023
2005-07-13,31.17840003967285,30.384767532348633,31.131160736083984,30.526487350463867,978500.0,22.434589385986328
2005-07-14,31.310672760009766,30.564279556274414,31.083919525146484,30.82882308959961,612500.0,22.656784057617188
2005-07-15,30.894960403442383,30.36587142944336,30.82882308959961,30.781583786010742,435900.0,22.6220645904541
2005-07-18,30.781583786010742,30.346975326538086,30.781583786010742,30.460351943969727,524100.0,22.385982513427734
2005-07-19,30.630416870117188,30.375320434570312,30.564279556274414,30.517040252685547,659100.0,22.427648544311523
2005-07-20,30.25249671936035,29.67616844177246,29.912368774414062,30.13912010192871,1080000.0,22.1498966217041
2005-07-21,30.280839920043945,29.73285675048828,30.2430477142334,29.950159072875977,739200.0,22.011032104492188
2005-07-22,30.101327896118164,29.572240829467773,30.07298469543457,29.83678436279297,472100.0,21.927703857421875
2005-07-25,29.950159072875977,29.203767776489258,29.83678436279297,29.392728805541992,574000.0,21.601367950439453
2005-07-26,30.13912010192871,29.251007080078125,29.392728805541992,29.921815872192383,1483400.0,21.990198135375977
2005-07-27,30.677656173706055,29.90291976928711,30.318632125854492,30.677656173706055,822500.0,22.545684814453125
2005-07-28,34.466304779052734,32.35940170288086,32.35940170288086,34.305686950683594,3549800.0,25.212007522583008
2005-07-29,35.35441589355469,33.74825668334961,33.74825668334961,35.02373504638672,1333600.0,25.739717483520508
2005-08-01,35.00484085083008,33.99390411376953,34.72140121459961,34.04114532470703,888100.0,25.0175838470459
2005-08-02,34.485198974609375,33.842735290527344,33.975006103515625,34.116729736328125,1067800.0,25.073139190673828
2005-08-03,34.371822357177734,33.540401458740234,34.01279830932617,34.17341613769531,1158100.0,25.114791870117188
2005-08-04,34.3245849609375,33.52150344848633,34.17341613769531,33.7293586730957,728100.0,24.788450241088867
2005-08-05,33.94666290283203,33.36088943481445,33.672672271728516,33.79549789428711,1040600.0,24.837045669555664
2005-08-08,34.759193420410156,33.87107849121094,34.39072036743164,33.91831970214844,945900.0,24.927324295043945
2005-08-09,34.07893753051758,33.57819366455078,34.06003952026367,34.01279830932617,709200.0,24.996749877929688
2005-08-10,34.579681396484375,33.8238410949707,34.34347915649414,34.10728073120117,938900.0,25.066198348999023
2005-08-11,34.47575378417969,33.92776870727539,34.05059051513672,34.419063568115234,590900.0,25.295326232910156
2005-08-12,34.69305419921875,34.07893753051758,34.39072036743164,34.579681396484375,762700.0,25.413372039794922
2005-08-15,35.637855529785156,34.36237716674805,34.68360900878906,35.25993728637695,1162100.0,25.913293838500977
2005-08-16,35.807918548583984,34.62691879272461,35.807918548583984,35.01428985595703,1302400.0,25.73276710510254
2005-08-17,35.174903869628906,34.80643081665039,34.863121032714844,35.14656066894531,1374400.0,25.82998275756836
2005-08-18,35.38275909423828,34.62691879272461,34.98594284057617,34.85367202758789,1404100.0,25.614727020263672
2005-08-19,35.061527252197266,34.69305419921875,34.89146423339844,34.95759963989258,627900.0,25.691110610961914
2005-08-22,35.344966888427734,34.768638610839844,34.96704864501953,35.24103927612305,890900.0,25.899417877197266
2005-08-23,35.618961334228516,35.02373504638672,35.505584716796875,35.43000030517578,841000.0,26.03829574584961
2005-08-24,35.99687957763672,35.16545486450195,35.24103927612305,35.21269607543945,1034800.0,25.87858009338379
2005-08-25,36.07246398925781,35.231590270996094,35.411102294921875,35.807918548583984,899100.0,26.316030502319336
2005-08-26,35.69454574584961,34.645816802978516,35.618961334228516,35.13711166381836,715000.0,25.82303810119629
2005-08-29,35.231590270996094,34.44740676879883,35.13711166381836,35.231590270996094,559100.0,25.892471313476562
2005-08-30,35.49613571166992,34.95759963989258,35.231590270996094,35.42055130004883,825200.0,26.031343460083008
2005-08-31,36.53541564941406,35.278831481933594,35.42055130004883,36.478729248046875,1109300.0,26.80902862548828
2005-09-01,36.79996109008789,35.84571075439453,36.75271987915039,36.081912994384766,677700.0,26.517383575439453
2005-09-02,36.24252700805664,35.637855529785156,35.94963836669922,35.71343994140625,296800.0,26.30168914794922
2005-09-06,37.470767974853516,36.11970520019531,36.11970520019531,37.41408157348633,728100.0,27.554149627685547
2005-09-07,39.39815902709961,37.83924102783203,37.83924102783203,39.256439208984375,1605400.0,28.910982131958008
2005-09-08,39.51153564453125,38.377777099609375,39.06747817993164,38.377777099609375,1345600.0,28.26388168334961
2005-09-09,38.73680114746094,38.23605728149414,38.377777099609375,38.5950813293457,815600.0,28.423913955688477
2005-09-12,38.73680114746094,37.6030387878418,38.70845413208008,37.688072204589844,751600.0,27.755939483642578
2005-09-13,38.24550247192383,37.25346374511719,37.688072204589844,38.094337463378906,1471800.0,28.055131912231445
2005-09-14,38.25495147705078,36.847198486328125,38.24550247192383,37.1495361328125,698200.0,27.35932159423828
2005-09-15,37.72586441040039,37.19677734375,37.338497161865234,37.72586441040039,610300.0,27.783756256103516
2005-09-16,37.886478424072266,37.489662170410156,37.72586441040039,37.83924102783203,715800.0,27.867259979248047
2005-09-19,38.169921875,36.92278289794922,38.14157485961914,37.272361755371094,672200.0,27.449785232543945
2005-09-20,37.78255081176758,36.563758850097656,37.489662170410156,37.18732833862305,490600.0,27.387157440185547
2005-09-21,36.97947311401367,35.326072692871094,36.97947311401367,35.88350296020508,1020700.0,26.426929473876953
2005-09-22,36.35590362548828,35.439449310302734,35.88350296020508,36.34645462036133,536300.0,26.767871856689453
2005-09-23,37.99040985107422,35.921295166015625,36.33700942993164,37.518009185791016,1036700.0,27.630695343017578
2005-09-26,38.23605728149414,37.11174392700195,37.886478424072266,37.26291275024414,740200.0,27.44283103942871
2005-09-27,37.77310562133789,37.18732833862305,37.272361755371094,37.50856018066406,533300.0,27.623727798461914
2005-09-28,38.05654525756836,37.338497161865234,37.6030387878418,37.980960845947266,531900.0,27.971641540527344
2005-09-29,38.87852096557617,37.78255081176758,37.886478424072266,38.78403854370117,699300.0,28.563060760498047
2005-09-30,40.13510513305664,38.0281982421875,38.906864166259766,39.49264144897461,1411900.0,29.08493995666504
2005-10-03,39.96503829956055,38.94465637207031,39.72883987426758,39.634361267089844,866400.0,29.18930435180664
2005-10-04,39.634361267089844,38.86907196044922,39.634361267089844,38.86907196044922,828400.0,28.625694274902344
2005-10-05,38.840728759765625,37.886478424072266,38.69900894165039,37.92427062988281,835900.0,27.929874420166016
2005-10-06,37.94316864013672,37.31959915161133,37.933719635009766,37.489662170410156,501300.0,27.609806060791016
2005-10-07,37.99040985107422,37.41408157348633,37.59359359741211,37.99040985107422,216100.0,27.97859764099121
2005-10-10,38.17936706542969,37.055057525634766,38.169921875,37.54635238647461,619000.0,27.651561737060547
2005-10-11,37.84868621826172,36.85664749145508,37.584144592285156,36.98891830444336,547900.0,27.24103355407715
2005-10-12,37.36684036254883,35.7039909362793,36.894439697265625,36.412593841552734,566100.0,26.816577911376953
2005-10-13,36.847198486328125,35.77957534790039,36.28031921386719,36.129150390625,379000.0,26.60784912109375
2005-10-14,36.365352630615234,35.2977294921875,36.34645462036133,35.88350296020508,665600.0,26.426929473876953
2005-10-17,35.88350296020508,34.69305419921875,35.88350296020508,35.66619873046875,1000600.0,26.266904830932617
2005-10-18,35.7039909362793,34.87256622314453,35.66619873046875,35.44889450073242,604400.0,26.10685920715332
2005-10-19,35.902400970458984,35.156009674072266,35.43000030517578,35.76068115234375,695500.0,26.336483001708984
2005-10-20,36.6771354675293,35.6756477355957,36.23308181762695,35.921295166015625,614400.0,26.454771041870117
2005-10-21,36.37480163574219,35.73233413696289,35.99687957763672,35.93074417114258,472000.0,26.46172332763672
2005-10-24,36.35590362548828,35.84571075439453,35.855159759521484,36.23308181762695,579300.0,26.684385299682617
2005-10-25,36.45983123779297,35.807918548583984,36.13859939575195,36.129150390625,767300.0,26.60784912109375
2005-10-26,36.37480163574219,35.60006332397461,36.18584060668945,35.89295196533203,543800.0,26.43389892578125
2005-10-27,37.67862319946289,35.47724151611328,37.08340072631836,37.31959915161133,1955900.0,27.484577178955078
2005-10-28,38.0281982421875,36.68658447265625,37.78255081176758,37.95261764526367,1173100.0,27.950759887695312
2005-10-31,39.02968978881836,38.169921875,38.64231872558594,38.83127975463867,1479500.0,28.597881317138672
2005-11-01,39.10527038574219,38.45336151123047,38.86907196044922,38.746246337890625,640500.0,28.535240173339844
2005-11-02,39.72883987426758,38.5950813293457,38.746246337890625,39.45484924316406,719400.0,29.057106018066406
2005-11-03,41.03266525268555,39.67215347290039,39.67215347290039,39.96503829956055,1471300.0,29.432838439941406
2005-11-04,40.409095764160156,39.417057037353516,40.05952072143555,39.68159866333008,604700.0,29.22409439086914
2005-11-07,41.089351654052734,39.72883987426758,39.72883987426758,40.5697135925293,980700.0,29.87816047668457
2005-11-08,40.626399993896484,40.04062271118164,40.10675811767578,40.35240936279297,595900.0,29.718124389648438
2005-11-09,40.626399993896484,39.87055969238281,40.17289733886719,40.163448333740234,583000.0,29.578962326049805
2005-11-10,40.276824951171875,39.539878845214844,40.05952072143555,40.26737594604492,549000.0,29.655517578125
2005-11-11,40.92873764038086,40.30516815185547,40.43743896484375,40.43743896484375,401100.0,29.780752182006836
2005-11-14,42.44041442871094,40.295719146728516,40.626399993896484,42.32704162597656,1653600.0,31.172372817993164
2005-11-15,43.15846252441406,41.779056549072266,42.32704162597656,41.901878356933594,897900.0,30.859256744384766
2005-11-16,42.32704162597656,41.05155944824219,42.2986946105957,41.17438507080078,889300.0,30.37828826904297
2005-11-17,42.04359817504883,41.24052047729492,41.59009552001953,41.334999084472656,970900.0,30.496782302856445
2005-11-18,41.56175231933594,41.14604187011719,41.334999084472656,41.334999084472656,900900.0,30.496782302856445
2005-11-21,41.76015853881836,40.71143341064453,41.552303314208984,41.32555389404297,778100.0,30.489805221557617
2005-11-22,42.591583251953125,40.88149642944336,41.334999084472656,42.27980041503906,805700.0,31.193862915039062
2005-11-23,42.922264099121094,42.242008209228516,42.56324005126953,42.44041442871094,485400.0,31.31234359741211
2005-11-25,42.638824462890625,42.14752960205078,42.61048126220703,42.38372802734375,171100.0,31.27052879333496
2005-11-28,42.941158294677734,41.62788772583008,42.7994384765625,41.845191955566406,552000.0,30.873188018798828
2005-11-29,43.25294494628906,42.04359817504883,42.04359817504883,42.21366500854492,881000.0,31.145048141479492
2005-11-30,42.49710464477539,41.968017578125,42.3742790222168,42.11918258666992,504000.0,31.075345993041992
2005-12-01,42.771095275878906,42.36483383178711,42.51599884033203,42.48765563964844,739700.0,31.347198486328125
2005-12-02,42.704959869384766,42.109737396240234,42.51599884033203,42.23255920410156,336600.0,31.15898895263672
2005-12-05,42.260902404785156,41.32555389404297,42.081390380859375,42.109737396240234,318600.0,31.06836700439453
2005-12-06,42.61048126220703,41.27831268310547,42.51599884033203,41.4483757019043,665300.0,30.58040428161621
2005-12-07,41.712921142578125,41.19327926635742,41.57120132446289,41.552303314208984,477500.0,30.657102584838867
2005-12-08,41.98691177368164,40.919288635253906,41.505062103271484,41.25941467285156,474800.0,30.44099998474121
2005-12-09,41.429481506347656,40.74922561645508,41.10824966430664,41.136592864990234,454000.0,30.350385665893555
2005-12-12,41.30665588378906,40.513023376464844,41.136592864990234,40.673641204833984,580200.0,30.008834838867188
2005-12-13,40.81536102294922,40.17289733886719,40.673641204833984,40.3996467590332,716300.0,29.806669235229492
2005-12-14,41.14604187011719,40.342960357666016,40.48468017578125,40.68308639526367,401100.0,30.015798568725586
2005-12-15,40.673641204833984,38.330535888671875,40.10675811767578,40.645294189453125,1329500.0,29.987913131713867
2005-12-16,41.089351654052734,39.880008697509766,40.84370422363281,40.116207122802734,774300.0,29.597566604614258
2005-12-19,40.163448333740234,39.33202362060547,40.116207122802734,39.51153564453125,604800.0,29.151432037353516
2005-12-20,39.86111068725586,39.21864700317383,39.435951232910156,39.530433654785156,1106400.0,29.16537094116211
2005-12-21,40.13510513305664,39.66270446777344,39.700496673583984,39.73828887939453,678000.0,29.318735122680664
2005-12-22,41.60899353027344,40.15399932861328,40.15399932861328,41.57120132446289,881900.0,30.67104721069336
2005-12-23,41.86408615112305,41.41058349609375,41.57120132446289,41.63733673095703,507700.0,30.719829559326172
2005-12-27,42.21366500854492,41.30665588378906,41.98691177368164,41.4200325012207,552900.0,30.559497833251953
2005-12-28,41.429481506347656,40.966529846191406,41.4200325012207,41.21217727661133,462100.0,30.40616226196289
2005-12-29,41.438926696777344,40.95708084106445,41.21217727661133,41.023216247558594,426100.0,30.266740798950195
2005-12-30,41.070457458496094,40.63584899902344,41.03266525268555,40.63584899902344,334700.0,29.9809513092041
2006-01-03,41.76015853881836,40.86259841918945,41.09880065917969,41.45782470703125,989300.0,30.58739471435547
2006-01-04,41.901878356933594,41.4011344909668,41.552303314208984,41.4672737121582,888100.0,30.5943546295166
2006-01-05,43.41355895996094,41.4200325012207,41.438926696777344,43.01674270629883,938000.0,31.737546920776367
2006-01-06,44.13160705566406,43.3946647644043,43.64976119995117,44.008785247802734,706200.0,32.4694709777832
2006-01-09,44.38670349121094,43.64976119995117,44.1977424621582,43.82927322387695,509100.0,32.33704376220703
2006-01-10,44.188297271728516,43.40411376953125,43.432456970214844,44.06547164916992,439600.0,32.511295318603516
2006-01-11,44.2733268737793,43.611968994140625,44.17884826660156,43.848167419433594,240500.0,32.350990295410156
2006-01-12,44.027679443359375,43.30963134765625,43.980438232421875,43.62141418457031,335200.0,32.18368148803711
2006-01-13,44.698486328125,43.696998596191406,43.696998596191406,44.490631103515625,600500.0,32.824981689453125
2006-01-17,44.764625549316406,44.15050506591797,44.490631103515625,44.66069412231445,586400.0,32.950462341308594
2006-01-18,44.97248077392578,44.21664047241211,44.405601501464844,44.87799835205078,499500.0,33.110774993896484
2006-01-19,45.227577209472656,44.70793533325195,44.97248077392578,44.91579055786133,478900.0,33.138671875
2006-01-20,44.887447357177734,42.988399505615234,44.87799835205078,42.988399505615234,602600.0,31.716657638549805
2006-01-23,43.76313781738281,43.054534912109375,43.3663215637207,43.517486572265625,446200.0,32.10700988769531
2006-01-24,43.93320083618164,43.04508972167969,43.85761642456055,43.498592376708984,478000.0,32.09309005737305
2006-01-25,43.90485763549805,42.27980041503906,43.64976119995117,42.73330307006836,644300.0,31.528438568115234
2006-01-26,44.556766510009766,42.99784851074219,43.46080017089844,44.39615249633789,1235600.0,32.75526809692383
2006-01-27,44.73627853393555,43.47024917602539,44.54732131958008,43.725345611572266,546100.0,32.2603759765625
2006-01-30,43.59307098388672,42.27980041503906,43.01674270629883,43.432456970214844,872700.0,32.04426574707031
2006-01-31,44.074920654296875,43.19625473022461,43.432456970214844,43.8670654296875,627100.0,32.364933013916016
2006-02-01,44.50952911376953,43.22460174560547,43.8670654296875,44.22608947753906,669000.0,32.62982177734375
2006-02-02,44.424495697021484,43.791481018066406,44.23553466796875,44.074920654296875,562000.0,32.518280029296875
2006-02-03,44.405601501464844,43.517486572265625,43.85761642456055,44.17884826660156,581400.0,32.594947814941406
2006-02-06,45.36929702758789,44.08436965942383,44.33001708984375,45.284263610839844,704200.0,33.41053009033203
2006-02-07,45.48267364501953,44.471736907958984,44.97248077392578,44.585113525390625,579400.0,32.894710540771484
2006-02-08,44.78351974487305,43.95209503173828,44.64179992675781,44.33946228027344,516100.0,32.71345520019531
2006-02-09,45.25592041015625,44.03712844848633,44.10326385498047,44.92523956298828,1002900.0,33.145633697509766
2006-02-10,45.2181282043457,44.54732131958008,44.92523956298828,45.1708869934082,642300.0,33.32688903808594
2006-02-13,45.10475158691406,44.46228790283203,44.87799835205078,45.066959381103516,552700.0,33.25019836425781
2006-02-14,45.32205581665039,44.03712844848633,44.97248077392578,45.09530258178711,796300.0,33.27111053466797
2006-02-15,45.18978500366211,44.141056060791016,44.87799835205078,44.28277587890625,551100.0,32.67162322998047
2006-02-16,45.1992301940918,44.358360290527344,44.50952911376953,45.18978500366211,426300.0,33.340816497802734
2006-02-17,46.0967903137207,44.92523956298828,45.25592041015625,45.69997787475586,787300.0,33.71723937988281
2006-02-21,45.93617630004883,45.56770324707031,45.69997787475586,45.926727294921875,885400.0,33.88454055786133
2006-02-22,47.032142639160156,45.926727294921875,46.11568832397461,46.91876983642578,767000.0,34.61644744873047
2006-02-23,46.6920166015625,45.397640228271484,46.68256759643555,45.511016845703125,1008000.0,33.57781982421875
2006-02-24,45.463775634765625,44.97248077392578,45.463775634765625,45.2937126159668,671100.0,33.41750717163086
2006-02-27,45.813350677490234,44.50952911376953,45.61494445800781,44.64179992675781,960500.0,32.9365119934082
2006-02-28,44.821311950683594,42.99784851074219,44.54732131958008,43.15846252441406,1209600.0,31.84210777282715
2006-03-01,43.60251998901367,42.91281509399414,42.93171310424805,43.47024917602539,1278600.0,32.072147369384766
2006-03-02,44.66069412231445,43.337974548339844,43.47969436645508,44.301673889160156,968300.0,32.68556213378906
2006-03-03,45.019718170166016,43.848167419433594,43.848167419433594,44.670143127441406,723400.0,33.01374816894531
2006-03-06,44.840206146240234,43.98988723754883,44.840206146240234,44.33946228027344,586600.0,32.76935958862305
2006-03-07,44.141056060791016,42.771095275878906,43.93320083618164,43.281288146972656,808400.0,31.987308502197266
2006-03-08,42.13808059692383,40.90983963012695,41.57120132446289,42.05304718017578,1629300.0,31.07956886291504
2006-03-09,42.05304718017578,41.29720687866211,42.05304718017578,41.599544525146484,699500.0,30.744415283203125
2006-03-10,42.20421600341797,40.86259841918945,41.599544525146484,41.4672737121582,910400.0,30.646636962890625
2006-03-13,41.25941467285156,39.84221649169922,41.249969482421875,40.853153228759766,1700600.0,30.192777633666992
2006-03-14,45.75666427612305,42.7994384765625,42.818336486816406,44.207191467285156,2432800.0,32.671607971191406
2006-03-15,44.52842330932617,43.44190216064453,43.895408630371094,44.33001708984375,909300.0,32.76237106323242
2006-03-16,44.66069412231445,43.120670318603516,44.56621551513672,43.13956832885742,926000.0,31.882566452026367
2006-03-17,43.3474235534668,42.71440887451172,43.120670318603516,43.3001823425293,998600.0,32.00127410888672
2006-03-20,44.13160705566406,42.93171310424805,44.13160705566406,43.68755340576172,618900.0,32.287567138671875
2006-03-21,43.76313781738281,42.58213424682617,43.60251998901367,42.752201080322266,817200.0,31.596288681030273
2006-03-22,43.234046936035156,42.27035140991211,42.8939208984375,42.91281509399414,959100.0,31.714977264404297
2006-03-23,42.8466796875,42.2986946105957,42.8466796875,42.3931770324707,520800.0,31.33094024658203
2006-03-24,43.2718391418457,42.44986343383789,42.44986343383789,43.00729751586914,452500.0,31.784826278686523
2006-03-27,43.20570373535156,42.72385787963867,42.91281509399414,42.988399505615234,442600.0,31.770858764648438
2006-03-28,43.26239013671875,42.61048126220703,42.988399505615234,43.00729751586914,640800.0,31.784826278686523
2006-03-29,44.670143127441406,42.922264099121094,42.922264099121094,44.377254486083984,1390300.0,32.79728317260742
2006-03-30,44.868553161621094,44.21664047241211,44.64179992675781,44.717384338378906,633400.0,33.04866409301758
2006-03-31,44.92523956298828,44.11271286010742,44.78351974487305,44.67959213256836,767800.0,33.02072525024414
2006-04-03,45.10475158691406,44.26388168334961,44.78351974487305,44.72683334350586,610800.0,33.05564880371094
2006-04-04,44.57566452026367,43.52693557739258,44.54732131958008,44.093814849853516,997500.0,32.58781051635742
2006-04-05,44.94413757324219,43.980438232421875,44.159950256347656,44.698486328125,386700.0,33.03468704223633
2006-04-06,45.03861618041992,44.26388168334961,44.57566452026367,44.68904113769531,291100.0,33.0277214050293
2006-04-07,45.25592041015625,44.03712844848633,44.87799835205078,44.254432678222656,388900.0,32.706520080566406
2006-04-10,44.405601501464844,42.752201080322266,44.2922248840332,43.054534912109375,473300.0,31.819721221923828
2006-04-11,42.93171310424805,42.081390380859375,42.8466796875,42.4215202331543,830500.0,31.35188102722168
2006-04-12,42.988399505615234,42.44986343383789,42.51599884033203,42.771095275878906,636000.0,31.610246658325195
2006-04-13,43.47024917602539,42.53489685058594,42.64827346801758,43.35687255859375,408400.0,32.043182373046875
2006-04-17,43.895408630371094,42.7994384765625,43.41355895996094,43.15846252441406,386100.0,31.89652442932129
2006-04-18,43.744239807128906,42.7994384765625,43.08287811279297,43.70644760131836,455100.0,32.301536560058594
2006-04-19,43.744239807128906,43.13011932373047,43.60251998901367,43.545833587646484,503400.0,32.182823181152344
2006-04-20,44.311119079589844,43.2718391418457,43.47969436645508,44.159950256347656,671000.0,32.636688232421875
2006-04-21,44.50008010864258,42.99784851074219,44.39615249633789,43.328529357910156,469500.0,32.0222053527832
2006-04-24,43.15846252441406,42.64827346801758,43.07343292236328,42.85612869262695,308800.0,31.673080444335938
2006-04-25,43.2718391418457,42.771095275878906,42.83723068237305,42.97895050048828,611400.0,31.76386833190918
2006-04-26,43.78203201293945,43.01674270629883,43.3663215637207,43.3190803527832,455900.0,32.01522445678711
2006-04-27,44.73627853393555,43.24349594116211,43.3190803527832,44.311119079589844,836800.0,32.7484016418457
2006-04-28,44.78351974487305,43.725345611572266,44.21664047241211,43.99933624267578,706400.0,32.517982482910156
2006-05-01,44.68904113769531,43.451351165771484,43.99933624267578,43.895408630371094,1056300.0,32.441184997558594
2006-05-02,46.153480529785156,44.59455871582031,45.58660125732422,45.05751037597656,1552200.0,33.300045013427734
2006-05-03,44.97248077392578,43.82927322387695,44.97248077392578,44.61345672607422,794600.0,32.97185134887695
2006-05-04,44.68904113769531,44.17884826660156,44.50952911376953,44.43394470214844,481900.0,32.839195251464844
2006-05-05,44.87799835205078,43.696998596191406,43.93320083618164,44.774070739746094,630300.0,33.09056854248047
2006-05-08,44.670143127441406,44.301673889160156,44.585113525390625,44.424495697021484,582700.0,32.83220672607422
2006-05-09,44.43394470214844,43.46080017089844,44.43394470214844,43.8670654296875,709600.0,32.42024230957031
2006-05-10,44.670143127441406,43.46080017089844,43.678104400634766,44.405601501464844,1485700.0,32.81824493408203
2006-05-11,44.3205680847168,42.27980041503906,44.3205680847168,42.412071228027344,1232900.0,31.344924926757812
2006-05-12,42.88447189331055,42.194766998291016,42.657718658447266,42.242008209228516,861600.0,31.21923065185547
2006-05-15,42.78999328613281,41.4956169128418,42.18532180786133,42.40262222290039,1067500.0,31.337923049926758
2006-05-16,42.752201080322266,40.626399993896484,42.308143615722656,41.35389709472656,1032400.0,30.562868118286133
2006-05-17,41.59009552001953,40.456336975097656,41.19327926635742,40.560264587402344,666700.0,29.976320266723633
2006-05-18,40.98542404174805,39.72883987426758,40.68308639526367,39.72883987426758,622300.0,29.361858367919922
2006-05-19,39.88945770263672,38.85017776489258,39.85166549682617,39.190303802490234,1800800.0,28.963850021362305
2006-05-22,39.813873291015625,38.73680114746094,38.925758361816406,39.4737434387207,1384300.0,29.17332649230957
2006-05-23,40.13510513305664,39.49264144897461,39.813873291015625,39.606014251708984,2515400.0,29.271076202392578
2006-05-24,40.28627014160156,39.05803298950195,40.01227951049805,39.82331848144531,1407700.0,29.431678771972656
2006-05-25,40.210689544677734,39.5965690612793,40.002830505371094,39.98393630981445,945800.0,29.55037498474121
2006-05-26,39.93669509887695,39.076927185058594,39.93669509887695,39.417057037353516,1035800.0,29.186595916748047
2006-05-30,39.303680419921875,38.40612030029297,39.24699020385742,38.47225570678711,832500.0,28.487016677856445
2006-05-31,38.94465637207031,38.198265075683594,38.510047912597656,38.47225570678711,947200.0,28.487016677856445
2006-06-01,40.72087860107422,38.71790313720703,38.727352142333984,40.607505798339844,1496400.0,30.068065643310547
2006-06-02,40.84370422363281,39.77608108520508,40.71143341064453,40.0689697265625,888900.0,29.669300079345703
2006-06-05,40.17289733886719,38.746246337890625,39.90835189819336,38.83127975463867,724100.0,28.752849578857422
2006-06-06,39.15251159667969,38.32108688354492,38.840728759765625,38.86907196044922,812000.0,28.78084373474121
2006-06-07,38.99189758300781,37.94316864013672,38.954105377197266,38.01875305175781,712700.0,28.15121841430664
2006-06-08,38.0281982421875,37.026710510253906,38.01875305175781,37.49911117553711,1316000.0,27.766441345214844
2006-06-09,38.89741516113281,37.48021697998047,37.631385803222656,37.54635238647461,695200.0,27.801424026489258
2006-06-12,37.84868621826172,36.11025619506836,37.78255081176758,36.11025619506836,646900.0,26.73805809020996
2006-06-13,37.272361755371094,36.16694259643555,36.74327087402344,36.33700942993164,1422000.0,26.905960083007812
2006-06-14,37.007816314697266,36.204734802246094,36.204734802246094,36.68658447265625,624200.0,27.164793014526367
2006-06-15,38.34943389892578,37.007816314697266,37.007816314697266,38.25495147705078,878300.0,28.326108932495117
2006-06-16,38.661216735839844,37.055057525634766,38.29274368286133,37.631385803222656,982100.0,27.864383697509766
2006-06-19,38.16047286987305,37.073951721191406,37.820343017578125,37.20622253417969,640400.0,27.549571990966797
2006-06-20,37.55580139160156,36.497623443603516,37.32904815673828,36.85664749145508,1069700.0,27.290721893310547
2006-06-21,37.584144592285156,36.90388870239258,36.90388870239258,37.25346374511719,902200.0,27.58454704284668
2006-06-22,37.291255950927734,36.299217224121094,37.26291275024414,36.384246826171875,863900.0,26.94093132019043
2006-06-23,36.941680908203125,35.7512321472168,36.39369583129883,36.58265686035156,1455000.0,27.087846755981445
2006-06-26,36.592105865478516,35.60951232910156,36.55431365966797,36.44093704223633,1148000.0,26.98291015625
2006-06-27,36.99836730957031,36.00632858276367,36.44093704223633,36.148048400878906,747400.0,26.766035079956055
2006-06-28,36.75271987915039,35.94019317626953,36.412593841552734,36.16694259643555,955500.0,26.780027389526367
2006-06-29,39.31312942504883,37.31959915161133,37.31959915161133,39.20920181274414,1740400.0,29.032695770263672
2006-06-30,39.369815826416016,38.85017776489258,39.18085479736328,39.21864700317383,876600.0,29.039684295654297
2006-07-03,39.832767486572266,39.0958251953125,39.369815826416016,39.61546325683594,374800.0,29.333507537841797
2006-07-05,39.606014251708984,39.05803298950195,39.51153564453125,39.5493278503418,1276200.0,29.28453826904297
2006-07-06,40.229583740234375,39.51153564453125,39.634361267089844,39.62491226196289,579500.0,29.34050941467285
2006-07-07,39.587120056152344,38.86907196044922,39.587120056152344,38.906864166259766,786000.0,28.808822631835938
2006-07-10,39.0958251953125,38.34943389892578,39.048583984375,38.60452651977539,779600.0,28.58494758605957
2006-07-11,38.5761833190918,37.97151184082031,38.47225570678711,38.43446350097656,679000.0,28.459028244018555
2006-07-12,38.68955993652344,38.01875305175781,38.5761833190918,38.1226806640625,522100.0,28.22817039489746
2006-07-13,38.330535888671875,37.79199981689453,38.075439453125,37.933719635009766,696000.0,28.088245391845703
2006-07-14,37.933719635009766,36.62044906616211,37.801448822021484,37.357391357421875,838900.0,27.661497116088867
2006-07-17,37.470767974853516,36.42203903198242,37.1495361328125,36.57320785522461,677000.0,27.08085060119629
2006-07-18,36.83775329589844,35.902400970458984,36.63934326171875,36.16694259643555,865400.0,26.780027389526367
2006-07-19,37.32904815673828,35.94019317626953,36.195289611816406,37.130638122558594,1110200.0,27.493602752685547
2006-07-20,37.76365661621094,36.847198486328125,37.225120544433594,37.06450271606445,1021600.0,27.444629669189453
2006-07-21,36.99836730957031,35.71343994140625,36.99836730957031,36.06301498413086,834600.0,26.703073501586914
2006-07-24,37.244014739990234,36.412593841552734,36.412593841552734,37.130638122558594,473400.0,27.493602752685547
2006-07-25,37.74475860595703,36.847198486328125,37.03615951538086,37.706966400146484,725400.0,27.920339584350586
2006-07-26,37.99040985107422,36.44093704223633,37.735313415527344,36.55431365966797,1251000.0,27.06685447692871
2006-07-27,41.30665588378906,40.097312927246094,40.4941291809082,40.758670806884766,3606600.0,30.18000602722168
2006-07-28,42.54434585571289,41.042110443115234,41.07990264892578,42.478206634521484,1726800.0,31.453224182128906
2006-07-31,43.3663215637207,42.58213424682617,42.58213424682617,43.035640716552734,1340700.0,31.865989685058594
2006-08-01,42.56324005126953,41.382240295410156,42.51599884033203,41.56175231933594,849900.0,30.774629592895508
2006-08-02,42.865577697753906,41.901878356933594,41.91132736206055,42.55379104614258,1103700.0,31.509193420410156
2006-08-03,43.01674270629883,41.797950744628906,42.175872802734375,42.7994384765625,741500.0,31.691085815429688
2006-08-04,42.752201080322266,41.56175231933594,42.591583251953125,41.968017578125,834900.0,31.075475692749023
2006-08-07,41.845191955566406,41.19327926635742,41.845191955566406,41.56175231933594,722600.0,30.774629592895508
2006-08-08,41.88298416137695,40.994873046875,41.797950744628906,41.16493606567383,750800.0,30.480823516845703
2006-08-09,41.93022537231445,40.966529846191406,41.51451110839844,40.975975036621094,852500.0,30.34090232849121
2006-08-10,41.4011344909668,40.38075256347656,40.81536102294922,40.98542404174805,627500.0,30.34791374206543
2006-08-11,40.93818283081055,40.01227951049805,40.81536102294922,40.31461715698242,438600.0,29.85120391845703
2006-08-14,41.07990264892578,40.48468017578125,40.61695098876953,40.72087860107422,488700.0,30.152027130126953
2006-08-15,42.875022888183594,41.47671890258789,41.52396011352539,42.82778549194336,897900.0,31.71208953857422
2006-08-16,43.630863189697266,42.752201080322266,43.149017333984375,43.35687255859375,554900.0,32.10385513305664
2006-08-17,43.791481018066406,43.09232711791992,43.517486572265625,43.3190803527832,712800.0,32.07587432861328
2006-08-18,43.47969436645508,42.657718658447266,43.26239013671875,42.941158294677734,607100.0,31.796024322509766
2006-08-21,43.06398391723633,42.61992645263672,42.95060729980469,42.818336486816406,318300.0,31.70508575439453
2006-08-22,43.41355895996094,42.18532180786133,42.8466796875,42.3459358215332,383300.0,31.355297088623047
2006-08-23,42.80888748168945,41.30665588378906,42.525447845458984,41.56175231933594,392100.0,30.774629592895508
2006-08-24,42.09083938598633,41.21217727661133,41.88298416137695,41.80739974975586,428900.0,30.9565372467041
2006-08-25,42.25145721435547,41.316104888916016,41.665679931640625,41.4011344909668,361300.0,30.655715942382812
2006-08-28,42.32704162597656,41.17438507080078,41.17438507080078,42.242008209228516,609800.0,31.278339385986328
2006-08-29,43.054534912109375,42.31759262084961,43.054534912109375,42.771095275878906,609600.0,31.670114517211914
2006-08-30,41.83574295043945,40.758670806884766,41.76015853881836,41.429481506347656,1632700.0,30.67670249938965
2006-08-31,41.56175231933594,41.06100845336914,41.429481506347656,41.4956169128418,602000.0,30.725675582885742
2006-09-01,41.54285430908203,40.59805679321289,41.486167907714844,41.00431823730469,534100.0,30.438121795654297
2006-09-05,41.892433166503906,40.83425521850586,41.00431823730469,41.83574295043945,443900.0,31.055301666259766
2006-09-06,41.845191955566406,41.11769485473633,41.599544525146484,41.3727912902832,658200.0,30.711647033691406
2006-09-07,41.3727912902832,40.342960357666016,41.3727912902832,40.50357437133789,743900.0,30.0664119720459
2006-09-08,40.919288635253906,40.097312927246094,40.692535400390625,40.342960357666016,628900.0,29.94719123840332
2006-09-11,40.5697135925293,39.87055969238281,40.10675811767578,40.20124053955078,391600.0,29.84197998046875
2006-09-12,40.626399993896484,40.15399932861328,40.361854553222656,40.390201568603516,669900.0,29.982263565063477
2006-09-13,41.39168930053711,40.17289733886719,40.295719146728516,41.09880065917969,1134500.0,30.508277893066406
2006-09-14,41.19327926635742,40.53192138671875,41.09880065917969,40.900390625,854300.0,30.360984802246094
2006-09-15,42.09083938598633,41.221622467041016,41.28776168823242,41.86408615112305,922900.0,31.076335906982422
2006-09-18,41.70347213745117,39.86111068725586,41.60899353027344,40.342960357666016,820200.0,29.94719123840332
2006-09-19,40.50357437133789,39.5682258605957,40.32406234741211,40.12565612792969,651800.0,29.785890579223633
2006-09-20,41.16493606567383,40.361854553222656,40.361854553222656,40.81536102294922,753100.0,30.297870635986328
2006-09-21,41.618438720703125,40.872047424316406,41.03266525268555,41.30665588378906,1168200.0,30.662548065185547
2006-09-22,41.18383026123047,40.513023376464844,41.12714385986328,40.59805679321289,397100.0,30.13655662536621
2006-09-25,42.32704162597656,41.09880065917969,41.09880065917969,42.25145721435547,1417100.0,31.363895416259766
2006-09-26,42.99784851074219,42.260902404785156,42.308143615722656,42.818336486816406,1446000.0,31.784696578979492
2006-09-27,43.725345611572266,42.60103225708008,42.60103225708008,43.18680953979492,1102100.0,32.0582275390625
2006-09-28,43.696998596191406,41.91132736206055,43.281288146972656,42.32704162597656,1996900.0,31.420001983642578
2006-09-29,42.8939208984375,41.968017578125,42.3931770324707,42.03415298461914,763200.0,31.20258140563965
2006-10-02,41.892433166503906,40.68308639526367,41.892433166503906,40.89094543457031,1403200.0,30.35396957397461
2006-10-03,40.994873046875,40.37130355834961,40.95708084106445,40.48468017578125,819900.0,30.05238151550293
2006-10-04,41.05155944824219,40.295719146728516,40.295719146728516,40.93818283081055,1498600.0,30.389036178588867
2006-10-05,41.27831268310547,40.72087860107422,41.27831268310547,40.90983963012695,789600.0,30.36798858642578
2006-10-06,41.19327926635742,40.55081558227539,40.76811981201172,40.61695098876953,452600.0,30.15056610107422
2006-10-09,40.93818283081055,40.20124053955078,40.361854553222656,40.86259841918945,527500.0,30.33294105529785
2006-10-10,41.29720687866211,40.86259841918945,41.05155944824219,41.11769485473633,722700.0,30.52229118347168
2006-10-11,41.56175231933594,40.32406234741211,41.32555389404297,40.73032760620117,648800.0,30.234737396240234
2006-10-12,41.618438720703125,40.88149642944336,40.90983963012695,41.59009552001953,522100.0,30.872955322265625
2006-10-13,41.63733673095703,40.975975036621094,41.4672737121582,41.01376724243164,502300.0,30.445133209228516
2006-10-16,41.382240295410156,40.805912017822266,41.01376724243164,41.18383026123047,461200.0,30.57138442993164
2006-10-17,41.03266525268555,40.19179153442383,41.03266525268555,40.4468879699707,557400.0,30.024341583251953
2006-10-18,41.4672737121582,40.63584899902344,40.68308639526367,40.900390625,524300.0,30.360984802246094
2006-10-19,41.089351654052734,40.59805679321289,40.71143341064453,41.01376724243164,466400.0,30.445133209228516
2006-10-20,41.35389709472656,40.73032760620117,41.00431823730469,40.994873046875,444800.0,30.431114196777344
2006-10-23,41.76960754394531,40.90983963012695,40.994873046875,41.76015853881836,734100.0,30.999191284179688
2006-10-24,42.4687614440918,41.76015853881836,41.81684875488281,42.13808059692383,1254400.0,31.279739379882812
2006-10-25,42.752201080322266,42.13808059692383,42.13808059692383,42.67661666870117,923500.0,31.679500579833984
2006-10-26,42.91281509399414,39.05803298950195,42.67661666870117,41.56175231933594,3769400.0,30.851903915405273
2006-10-27,41.63733673095703,40.61695098876953,41.4672737121582,40.626399993896484,1339300.0,30.1575870513916
2006-10-30,40.15399932861328,39.16196060180664,40.10675811767578,39.51153564453125,2005000.0,29.330015182495117
2006-10-31,40.456336975097656,39.40760803222656,39.40760803222656,40.24848175048828,1398300.0,29.877050399780273
2006-11-01,40.61695098876953,39.322574615478516,40.37130355834961,39.435951232910156,1368200.0,29.273902893066406
2006-11-02,39.06747817993164,37.95261764526367,38.925758361816406,38.20771026611328,2137100.0,28.362154006958008
2006-11-03,38.83127975463867,38.11323165893555,38.443912506103516,38.169921875,1239200.0,28.334102630615234
2006-11-06,38.443912506103516,37.71641540527344,38.264400482177734,37.886478424072266,1832700.0,28.12371063232422
2006-11-07,38.264400482177734,37.310150146484375,37.933719635009766,37.84868621826172,3379000.0,28.095657348632812
2006-11-08,39.785526275634766,37.79199981689453,37.83924102783203,39.322574615478516,2391600.0,29.189743041992188
2006-11-09,40.021728515625,39.26588821411133,39.36036682128906,39.72883987426758,1735700.0,29.49131202697754
2006-11-10,40.002830505371094,39.634361267089844,39.77608108520508,39.747737884521484,1352700.0,29.50535011291504
2006-11-13,39.98393630981445,39.350921630859375,39.350921630859375,39.5965690612793,962100.0,29.393142700195312
2006-11-14,39.80442428588867,39.18085479736328,39.77608108520508,39.5020866394043,1364800.0,29.322994232177734
2006-11-15,39.77608108520508,39.22809600830078,39.68159866333008,39.24699020385742,1218900.0,29.210494995117188
2006-11-16,40.342960357666016,39.39815902709961,39.61546325683594,40.295719146728516,1066500.0,29.99102210998535
2006-11-17,40.465782165527344,40.04062271118164,40.33351135253906,40.229583740234375,847700.0,29.94182014465332
2006-11-20,40.73032760620117,39.98393630981445,40.12565612792969,40.68308639526367,1185200.0,30.279333114624023
2006-11-21,41.29720687866211,40.787017822265625,40.919288635253906,41.14604187011719,1140500.0,30.623905181884766
2006-11-22,42.109737396240234,41.07990264892578,41.14604187011719,42.109737396240234,1316900.0,31.34115982055664
2006-11-24,41.9207763671875,41.429481506347656,41.87353515625,41.59009552001953,339500.0,30.95439338684082
2006-11-27,41.599544525146484,40.116207122802734,41.599544525146484,40.116207122802734,664500.0,29.857423782348633
2006-11-28,40.163448333740234,39.256439208984375,40.163448333740234,39.5965690612793,926800.0,29.470664978027344
2006-11-29,40.43743896484375,39.61546325683594,39.96503829956055,40.05952072143555,824900.0,29.815227508544922
2006-11-30,40.12565612792969,39.634361267089844,40.05952072143555,39.785526275634766,771400.0,29.611305236816406
2006-12-01,40.37130355834961,39.587120056152344,39.69104766845703,40.229583740234375,879700.0,29.94182014465332
2006-12-04,41.28776168823242,40.08786392211914,40.08786392211914,41.05155944824219,1053000.0,30.553586959838867
2006-12-05,41.665679931640625,41.023216247558594,41.05155944824219,41.3727912902832,1382300.0,30.792665481567383
2006-12-06,41.86408615112305,41.19327926635742,41.382240295410156,41.62788772583008,920400.0,30.982524871826172
2006-12-07,42.03415298461914,41.16493606567383,41.80739974975586,41.17438507080078,737800.0,30.644996643066406
2006-12-08,41.826297760009766,40.53192138671875,40.93818283081055,41.249969482421875,766200.0,30.70125961303711
2006-12-11,41.62788772583008,41.12714385986328,41.34444808959961,41.28776168823242,739500.0,30.7293758392334
2006-12-12,43.432456970214844,41.34444808959961,42.7994384765625,41.826297760009766,1969100.0,31.130197525024414
2006-12-13,42.61048126220703,41.712921142578125,41.83574295043945,42.44986343383789,2061000.0,31.594303131103516
2006-12-14,42.82778549194336,42.3931770324707,42.4215202331543,42.61048126220703,1286000.0,31.71384620666504
2006-12-15,42.752201080322266,42.3931770324707,42.61048126220703,42.55379104614258,1049300.0,31.67165756225586
2006-12-18,42.76164627075195,42.00580978393555,42.55379104614258,42.15697479248047,917200.0,31.37630844116211
2006-12-19,42.55379104614258,41.98691177368164,42.128631591796875,42.44986343383789,728400.0,31.594303131103516
2006-12-20,43.035640716552734,42.36483383178711,42.459312438964844,42.3742790222168,826500.0,31.538049697875977
2006-12-21,43.46080017089844,42.44041442871094,42.61048126220703,43.19625473022461,1625200.0,32.149810791015625
2006-12-22,43.71589660644531,42.865577697753906,43.696998596191406,42.988399505615234,746900.0,31.995126724243164
2006-12-26,43.60251998901367,42.922264099121094,43.035640716552734,43.46080017089844,680400.0,32.346710205078125
2006-12-27,44.01823043823242,43.451351165771484,43.46080017089844,43.83871841430664,650200.0,32.62799072265625
2006-12-28,44.358360290527344,43.848167419433594,43.848167419433594,44.10326385498047,567600.0,32.824886322021484
2006-12-29,44.23553466796875,43.328529357910156,44.10326385498047,43.328529357910156,531100.0,32.24827194213867
2007-01-03,45.55825424194336,43.93320083618164,43.980438232421875,44.78351974487305,1953400.0,33.331180572509766
2007-01-04,46.68256759643555,44.68904113769531,44.79296875,46.13458251953125,2593900.0,34.33673095703125
2007-01-05,46.60698318481445,45.53936004638672,46.60698318481445,46.00231170654297,1587200.0,34.23827362060547
2007-01-08,46.058998107910156,45.596046447753906,45.93617630004883,45.747215270996094,1152600.0,34.04842758178711
2007-01-09,46.484161376953125,45.747215270996094,45.87004089355469,46.16292953491211,1118200.0,34.357852935791016
2007-01-10,46.6920166015625,45.61494445800781,46.6920166015625,46.29520034790039,949800.0,34.45629119873047
2007-01-11,47.55178451538086,46.53139877319336,46.53139877319336,47.410064697265625,1307400.0,35.28605270385742
2007-01-12,48.449344635009766,47.41951370239258,47.41951370239258,48.37376022338867,1482500.0,36.00330352783203
2007-01-16,48.65719985961914,47.65571212768555,48.43044662475586,47.73129653930664,1196700.0,35.525150299072266
2007-01-17,48.269832611083984,47.126625061035156,47.75019073486328,47.1644172668457,1952000.0,35.103206634521484
2007-01-18,47.362823486328125,45.94562530517578,47.26834487915039,46.12513732910156,1599900.0,34.32971954345703
2007-01-19,46.720359802246094,45.91727828979492,46.03065490722656,46.53139877319336,947700.0,34.63209533691406
2007-01-22,46.84318542480469,45.85114288330078,46.53139877319336,45.91727828979492,759600.0,34.17500305175781
2007-01-23,45.30316162109375,44.405601501464844,44.59455871582031,44.92523956298828,2029100.0,33.436668395996094
2007-01-24,45.529911041259766,44.934688568115234,44.981929779052734,45.31260681152344,1133400.0,33.72495651245117
2007-01-25,45.65273666381836,44.68904113769531,45.31260681152344,44.91579055786133,1087600.0,33.42963409423828
2007-01-26,45.25592041015625,44.68904113769531,45.15199279785156,45.03861618041992,932300.0,33.52104949951172
2007-01-29,45.463775634765625,44.61345672607422,45.1992301940918,44.868553161621094,601800.0,33.39447784423828
2007-01-30,45.53936004638672,44.87799835205078,45.53936004638672,45.114200592041016,806400.0,33.577301025390625
2007-01-31,48.1375617980957,46.484161376953125,46.53139877319336,48.01473617553711,3030900.0,35.736080169677734
2007-02-01,48.60051345825195,47.67460632324219,48.335968017578125,48.14700698852539,2112400.0,35.83454132080078
2007-02-02,48.25093460083008,47.00379943847656,47.2400016784668,48.14700698852539,1276900.0,35.83454132080078
2007-02-05,49.12015151977539,47.68405532836914,47.712398529052734,48.76112747192383,1610700.0,36.29161071777344
2007-02-06,50.008262634277344,48.83671188354492,48.94063949584961,49.819305419921875,1748400.0,37.07917404174805
2007-02-07,49.69647979736328,48.83671188354492,49.41304016113281,49.29966354370117,1303300.0,36.69242477416992
2007-02-08,49.658687591552734,49.082359313964844,49.36579895019531,49.62089538574219,852700.0,36.9315071105957
2007-02-09,49.9421272277832,49.47917556762695,49.67758560180664,49.84764862060547,1158400.0,37.10026168823242
2007-02-12,49.84764862060547,48.62885665893555,49.838199615478516,48.798919677734375,1040800.0,36.31972122192383
2007-02-13,49.129600524902344,48.496585845947266,48.94063949584961,48.931190490722656,782900.0,36.418190002441406
2007-02-14,48.203697204589844,47.17386245727539,48.19424819946289,47.825775146484375,1397500.0,35.595436096191406
2007-02-15,48.18479919433594,47.59902572631836,47.97694396972656,48.109214782714844,961800.0,35.806400299072266
2007-02-16,48.109214782714844,47.6651611328125,48.109214782714844,47.90135955810547,688900.0,35.65168762207031
2007-02-20,48.18479919433594,47.693504333496094,47.90135955810547,48.005287170410156,904200.0,35.72905731201172
2007-02-21,47.90135955810547,47.476200103759766,47.806880950927734,47.67460632324219,765300.0,35.482933044433594
2007-02-22,47.33448028564453,46.7392578125,47.22110366821289,47.02269744873047,953800.0,34.99774169921875
2007-02-23,47.79743194580078,47.04159164428711,47.183311462402344,47.589576721191406,488200.0,35.41965866088867
2007-02-26,47.85411834716797,46.81483840942383,47.78798294067383,47.25889587402344,591100.0,35.17353820800781
2007-02-27,46.80539321899414,45.350399017333984,46.767601013183594,45.94562530517578,1011300.0,34.196109771728516
2007-02-28,46.72980880737305,45.40708923339844,45.96451950073242,46.389678955078125,1107200.0,34.5265998840332
2007-03-01,45.96451950073242,44.87799835205078,45.63383865356445,45.53936004638672,1211500.0,33.89373016357422
2007-03-02,45.68107986450195,44.54732131958008,45.47322463989258,44.63235092163086,762800.0,33.294654846191406
2007-03-05,44.83076095581055,43.81037521362305,44.08436965942383,44.13160705566406,1106300.0,32.921104431152344
2007-03-06,45.72832107543945,43.3190803527832,43.3190803527832,45.65273666381836,863300.0,34.05583572387695
2007-03-07,45.61494445800781,44.887447357177734,45.52046585083008,45.2181282043457,763200.0,33.731624603271484
2007-03-08,46.1912727355957,45.05751037597656,45.643287658691406,45.284263610839844,725500.0,33.78097152709961
2007-03-09,45.813350677490234,44.89689636230469,45.671630859375,45.284263610839844,567100.0,33.78097152709961
2007-03-12,45.529911041259766,44.45283889770508,45.114200592041016,45.397640228271484,870800.0,33.86554718017578
2007-03-13,45.63383865356445,44.72683334350586,45.2181282043457,44.934688568115234,788400.0,33.52020263671875
2007-03-14,45.32205581665039,43.980438232421875,44.80241775512695,45.09530258178711,791700.0,33.6400146484375
2007-03-15,45.52046585083008,44.87799835205078,45.09530258178711,45.463775634765625,340400.0,33.91487121582031
2007-03-16,45.60549545288086,44.651248931884766,45.463775634765625,45.019718170166016,435500.0,33.583621978759766
2007-03-19,46.23851013183594,45.350399017333984,45.35984802246094,45.82279968261719,494300.0,34.182701110839844
2007-03-20,46.63532638549805,45.2653694152832,45.68107986450195,46.455814361572266,698700.0,34.65491485595703
2007-03-21,47.343929290771484,46.257408142089844,46.5975341796875,47.22110366821289,709800.0,35.22580337524414
2007-03-22,47.476200103759766,46.87152862548828,47.25889587402344,47.343929290771484,703900.0,35.31741714477539
2007-03-23,47.77853775024414,47.10772705078125,47.22110366821289,47.48564910888672,496900.0,35.42313766479492
2007-03-26,47.97694396972656,47.362823486328125,47.542335510253906,47.97694396972656,673000.0,35.78964614868164
2007-03-27,47.712398529052734,47.15496826171875,47.68405532836914,47.43840789794922,978100.0,35.38789367675781
2007-03-28,47.617919921875,47.04159164428711,47.45730209350586,47.46675109863281,804500.0,35.40904998779297
2007-03-29,47.9958381652832,47.21165466308594,47.72184753417969,47.589576721191406,582100.0,35.500667572021484
2007-03-30,48.39265441894531,47.55178451538086,47.56123352050781,48.1375617980957,739800.0,35.909461975097656
2007-04-02,48.60995864868164,48.02418518066406,48.1375617980957,48.32651901245117,577400.0,36.05042266845703
2007-04-03,49.0445671081543,48.39265441894531,48.39265441894531,48.62885665893555,672200.0,36.275962829589844
2007-04-04,48.77057647705078,48.23204040527344,48.6383056640625,48.288726806640625,485900.0,36.02222442626953
2007-04-05,48.468238830566406,47.986392974853516,48.18479919433594,48.288726806640625,635900.0,36.02222442626953
2007-04-09,48.55327224731445,47.759639739990234,48.468238830566406,47.94860076904297,705900.0,35.76850509643555
2007-04-10,48.08087158203125,47.62736892700195,47.85411834716797,47.72184753417969,501900.0,35.59934616088867
2007-04-11,48.0714225769043,47.136070251464844,47.873016357421875,47.28723907470703,756100.0,35.275146484375
2007-04-12,47.41951370239258,46.86207962036133,47.1927604675293,47.40061569213867,538200.0,35.359718322753906
2007-04-13,47.806880950927734,47.38172149658203,47.40061569213867,47.806880950927734,372400.0,35.66278076171875
2007-04-16,48.515480041503906,47.9958381652832,48.1375617980957,48.29817581176758,355800.0,36.02926254272461
2007-04-17,48.55327224731445,47.73129653930664,48.30762481689453,47.85411834716797,552900.0,35.69800567626953
2007-04-18,47.83522415161133,47.08883285522461,47.78798294067383,47.542335510253906,901800.0,35.46542739868164
2007-04-19,48.18479919433594,47.05104064941406,47.9958381652832,48.02418518066406,590100.0,35.82487106323242
2007-04-20,48.5438232421875,47.96749496459961,48.25093460083008,48.34541702270508,446100.0,36.06450653076172
2007-04-23,48.67609786987305,48.0714225769043,48.5438232421875,48.175350189208984,474400.0,35.937652587890625
2007-04-24,48.685543060302734,47.90135955810547,48.288726806640625,48.572166442871094,463200.0,36.23366165161133
2007-04-25,49.422489166259766,48.468238830566406,48.69499206542969,49.129600524902344,513100.0,36.64948654174805
2007-04-26,49.57365417480469,48.846160888671875,49.07291030883789,49.57365417480469,574700.0,36.98074722290039
2007-04-27,49.80985641479492,49.375247955322266,49.41304016113281,49.67758560180664,605600.0,37.058284759521484
2007-04-30,49.838199615478516,48.515480041503906,49.790958404541016,48.515480041503906,567500.0,36.19137954711914
2007-05-01,49.49807357788086,48.402103424072266,48.52492904663086,49.49807357788086,701700.0,36.924373626708984
2007-05-02,46.95655822753906,43.895408630371094,46.03065490722656,45.20867919921875,4505100.0,33.724586486816406
2007-05-03,46.1912727355957,45.3409538269043,45.444881439208984,46.13458251953125,2277800.0,34.415287017822266
2007-05-04,46.38023376464844,45.860591888427734,46.18182373046875,46.24795913696289,1827100.0,34.499847412109375
2007-05-07,47.08883285522461,46.01176071166992,46.16292953491211,46.34244155883789,1401900.0,34.57032775878906
2007-05-08,46.880977630615234,45.96451950073242,46.2668571472168,46.68256759643555,1340400.0,34.824058532714844
2007-05-09,47.95804977416992,45.91727828979492,46.389678955078125,47.55178451538086,5302200.0,35.472476959228516
2007-05-10,47.6651611328125,46.7392578125,47.315582275390625,46.82428741455078,1046200.0,34.929779052734375
2007-05-11,47.1927604675293,46.68256759643555,46.87152862548828,46.99435043334961,1105100.0,35.05664825439453
2007-05-14,47.2400016784668,46.63532638549805,46.92821502685547,46.947113037109375,1147600.0,35.02141189575195
2007-05-15,47.1927604675293,46.22906494140625,46.86207962036133,46.33299255371094,1299700.0,34.56330490112305
2007-05-16,46.53139877319336,46.06844711303711,46.389678955078125,46.34244155883789,1533700.0,34.57032775878906
2007-05-17,46.63532638549805,46.12513732910156,46.304649353027344,46.2668571472168,1104000.0,34.51396179199219
2007-05-18,46.57863998413086,46.24795913696289,46.34244155883789,46.389678955078125,1231400.0,34.6055793762207
2007-05-21,46.91876983642578,46.323543548583984,46.35188674926758,46.75815200805664,881400.0,34.88043212890625
2007-05-22,47.04159164428711,46.29520034790039,46.75815200805664,46.79594421386719,899500.0,34.90864562988281
2007-05-23,47.48564910888672,46.91876983642578,47.02269744873047,47.22110366821289,846700.0,35.22580337524414
2007-05-24,47.542335510253906,46.44636917114258,47.277793884277344,46.49360656738281,1382900.0,34.683101654052734
2007-05-25,46.62588119506836,46.24795913696289,46.55974578857422,46.370784759521484,717000.0,34.668983459472656
2007-05-29,47.21165466308594,46.569190979003906,46.569190979003906,46.72980880737305,544800.0,34.93739318847656
2007-05-30,46.90932083129883,46.29520034790039,46.41802215576172,46.90932083129883,1376900.0,35.07160949707031
2007-05-31,47.22110366821289,46.84318542480469,47.1455192565918,47.1644172668457,1235400.0,35.2623405456543
2007-06-01,46.455814361572266,45.2937126159668,46.35188674926758,45.98341751098633,3786700.0,34.379364013671875
2007-06-04,47.1171760559082,45.91727828979492,45.91727828979492,46.99435043334961,2038700.0,35.13519287109375
2007-06-05,47.48564910888672,46.92821502685547,46.99435043334961,47.343929290771484,1893000.0,35.39656066894531
2007-06-06,47.90135955810547,47.428958892822266,47.48564910888672,47.77853775024414,1654300.0,35.72147750854492
2007-06-07,48.354862213134766,47.6651611328125,47.90135955810547,47.986392974853516,2083100.0,35.87687683105469
2007-06-08,49.18628692626953,47.9958381652832,48.03363037109375,49.07291030883789,1179900.0,36.68922424316406
2007-06-11,49.60200119018555,48.88395309448242,49.00677490234375,49.0445671081543,987000.0,36.668025970458984
2007-06-12,49.20518493652344,48.39265441894531,48.931190490722656,48.60995864868164,1019700.0,36.34309387207031
2007-06-13,49.309112548828125,48.751678466796875,48.85560989379883,49.28076934814453,1027900.0,36.844627380371094
2007-06-14,49.885440826416016,49.31856155395508,49.441383361816406,49.69647979736328,718300.0,37.15542984008789
2007-06-15,50.02716064453125,49.69647979736328,49.86654281616211,49.87599182128906,1131800.0,37.28963088989258
2007-06-18,50.537353515625,50.09329605102539,50.09329605102539,50.20667266845703,1201200.0,37.536869049072266
2007-06-19,53.38119888305664,51.64276885986328,52.62535858154297,52.50253677368164,2458200.0,39.25336837768555
2007-06-20,52.757633209228516,51.831729888916016,52.511985778808594,51.94510269165039,1280300.0,38.83660125732422
2007-06-21,52.40805435180664,51.557735443115234,52.01123809814453,52.001792907714844,1382000.0,38.87898254394531
2007-06-22,51.9640007019043,51.18926239013672,51.9640007019043,51.37822341918945,1115700.0,38.41278076171875
2007-06-25,51.434913635253906,50.31060028076172,51.227054595947266,50.66962432861328,1127400.0,37.88299560546875
2007-06-26,51.29319381713867,50.24446487426758,50.858585357666016,50.48066329956055,998200.0,37.74171829223633
2007-06-27,50.679073333740234,50.20667266845703,50.367286682128906,50.518455505371094,1496000.0,37.76996612548828
2007-06-28,52.09627151489258,50.42397689819336,50.59403991699219,51.604976654052734,1052900.0,38.58232116699219
2007-06-29,52.181304931640625,51.26484680175781,51.8411750793457,51.538841247558594,844100.0,38.53285598754883
2007-07-02,52.38916015625,51.77503967285156,51.92620849609375,52.360816955566406,484000.0,39.14741134643555
2007-07-03,53.25837707519531,51.56718444824219,51.56718444824219,53.11665725708008,420000.0,39.7125129699707
2007-07-05,53.3623046875,52.09627151489258,53.3623046875,52.45529556274414,685500.0,39.21805191040039
2007-07-06,52.98438262939453,52.30412673950195,52.62535858154297,52.823768615722656,778100.0,39.49353790283203
2007-07-09,53.40009689331055,52.597015380859375,52.89935302734375,53.286720275878906,648300.0,39.83965301513672
2007-07-10,53.47568130493164,52.65370559692383,53.23003387451172,52.67259979248047,854100.0,39.38053512573242
2007-07-11,53.3623046875,52.39860916137695,52.644256591796875,53.09775924682617,551300.0,39.698387145996094
2007-07-12,54.46772003173828,53.23003387451172,53.29616928100586,54.43937683105469,568300.0,40.7014274597168
2007-07-13,54.39213562011719,53.49457550048828,54.17483139038086,54.23152160644531,509900.0,40.546051025390625
2007-07-16,54.34489440917969,53.62684631347656,54.165382385253906,53.919734954833984,741000.0,40.312931060791016
2007-07-17,54.42047882080078,53.9102897644043,53.9102897644043,54.35434341430664,738000.0,40.63785934448242
2007-07-18,54.193729400634766,53.343406677246094,54.04256057739258,54.08980178833008,611400.0,40.44007873535156
2007-07-19,55.19521713256836,54.212623596191406,54.42047882080078,55.053497314453125,886400.0,41.16058349609375
2007-07-20,55.95105743408203,54.79840087890625,54.826744079589844,55.54479217529297,1298000.0,41.52790069580078
2007-07-23,55.866024017333984,54.770057678222656,55.866024017333984,54.93067169189453,744700.0,41.068763732910156
2007-07-24,54.98735809326172,53.27727127075195,54.90232849121094,53.47568130493164,702200.0,39.98094940185547
2007-07-25,54.55275344848633,53.38119888305664,54.07090377807617,53.75912094116211,709600.0,40.19285583496094
2007-07-26,53.01272964477539,51.538841247558594,53.00328063964844,52.42695236206055,997000.0,39.19685363769531
2007-07-27,52.8143196105957,51.538841247558594,52.266334533691406,51.56718444824219,1245000.0,38.554054260253906
2007-07-30,52.8426628112793,50.8680305480957,51.70890426635742,52.549774169921875,938800.0,39.2886962890625
2007-07-31,53.47568130493164,51.690006256103516,53.27727127075195,51.850624084472656,1032700.0,38.765960693359375
2007-08-01,52.03013610839844,50.40507888793945,51.59552764892578,52.01123809814453,983900.0,38.886043548583984
2007-08-02,52.73873519897461,51.74669647216797,52.16240692138672,52.597015380859375,655300.0,39.324012756347656
2007-08-03,53.01272964477539,51.61442565917969,52.464744567871094,51.68056106567383,969400.0,38.63882064819336
2007-08-06,52.729286193847656,51.05699157714844,51.68056106567383,52.086822509765625,1210600.0,38.942569732666016
2007-08-07,54.411033630371094,51.831729888916016,51.87896728515625,52.871009826660156,1686800.0,39.52885818481445
2007-08-08,56.80137634277344,51.56718444824219,54.363792419433594,52.597015380859375,2612200.0,39.324012756347656
2007-08-09,53.06941604614258,51.52939224243164,52.01123809814453,51.70890426635742,1857300.0,38.66001510620117
2007-08-10,55.31803894042969,49.129600524902344,51.227054595947266,55.06294250488281,1476900.0,41.167640686035156
2007-08-13,55.57313537597656,53.75912094116211,54.32600021362305,55.14797592163086,1147800.0,41.231224060058594
2007-08-14,55.6865119934082,53.8347053527832,55.19521713256836,53.92918395996094,834800.0,40.319976806640625
2007-08-15,53.88194274902344,51.690006256103516,53.8630485534668,52.47419357299805,1200800.0,39.232173919677734
2007-08-16,53.62684631347656,51.387672424316406,52.03958511352539,53.551265716552734,1432600.0,40.03744888305664
2007-08-17,55.025150299072266,53.29616928100586,53.551265716552734,54.42047882080078,1140500.0,40.687320709228516
2007-08-20,55.469207763671875,54.32600021362305,54.892879486083984,54.86453628540039,994200.0,41.01930618286133
2007-08-21,55.27080154418945,54.08980178833008,54.51496124267578,54.259864807128906,637200.0,40.56722640991211
2007-08-22,56.07387924194336,54.51496124267578,54.96846389770508,55.95105743408203,1009300.0,41.83164978027344
2007-08-23,56.34787368774414,54.79840087890625,56.215599060058594,55.233009338378906,602700.0,41.294795989990234
2007-08-24,55.94160842895508,54.940120697021484,55.2613525390625,55.695960998535156,610000.0,41.64092254638672
2007-08-27,56.187255859375,55.214111328125,55.8093376159668,55.25190353393555,557100.0,41.30892562866211
2007-08-28,55.22356033325195,53.44733428955078,54.97791290283203,53.551265716552734,724200.0,40.03744888305664
2007-08-29,55.535343170166016,53.8347053527832,53.8347053527832,55.49755096435547,747900.0,41.492576599121094
2007-08-30,56.310081481933594,54.86453628540039,54.86453628540039,55.95105743408203,942800.0,41.83164978027344
2007-08-31,57.6328010559082,56.215599060058594,56.59352111816406,57.47218322753906,898700.0,42.96890640258789
2007-09-04,58.983863830566406,56.6879997253418,57.07536697387695,58.19023132324219,1040700.0,43.613304138183594
2007-09-05,57.86899948120117,56.6407585144043,57.415496826171875,56.71634292602539,815500.0,42.50862503051758
2007-09-06,57.15095138549805,56.19670486450195,56.971439361572266,57.07536697387695,706100.0,42.7776985168457
2007-09-07,56.744686126708984,55.138526916503906,56.59352111816406,55.54479217529297,824800.0,41.63056564331055
2007-09-10,56.07387924194336,54.64723205566406,55.77154541015625,55.38417434692383,421100.0,41.51017761230469
2007-09-11,56.858062744140625,55.45975875854492,55.535343170166016,56.858062744140625,577500.0,42.61485290527344
2007-09-12,56.6879997253418,55.6865119934082,56.59352111816406,55.85657501220703,490500.0,41.86423873901367
2007-09-13,56.51793670654297,54.959014892578125,56.310081481933594,55.09128952026367,593000.0,41.29066467285156
2007-09-14,55.11018371582031,54.477169036865234,54.656681060791016,54.826744079589844,594100.0,41.092369079589844
2007-09-17,54.892879486083984,53.9102897644043,54.64723205566406,54.259864807128906,544000.0,40.667510986328125
2007-09-18,55.82823181152344,54.39213562011719,54.52440643310547,55.629825592041016,596300.0,41.69428634643555
2007-09-19,56.59352111816406,54.90232849121094,55.932159423828125,55.52589416503906,623500.0,41.616397857666016
2007-09-20,55.582584381103516,54.675575256347656,55.57313537597656,54.75115966796875,707900.0,41.035736083984375
2007-09-21,55.45975875854492,54.6661262512207,55.27080154418945,54.845638275146484,903200.0,41.106544494628906
2007-09-24,55.17631912231445,53.38119888305664,54.779502868652344,53.702430725097656,1061900.0,40.24971389770508
2007-09-25,54.68502426147461,52.95603942871094,53.08831024169922,54.496063232421875,957900.0,40.84453201293945
2007-09-26,56.13056945800781,54.13703918457031,54.873985290527344,54.35434341430664,784300.0,40.738319396972656
2007-09-27,54.845638275146484,54.10869598388672,54.45827102661133,54.62833786010742,841700.0,40.94368362426758
2007-09-28,55.01570510864258,54.18428039550781,54.770057678222656,54.59999084472656,533200.0,40.92243194580078
2007-10-01,56.621864318847656,54.59999084472656,54.7417106628418,56.40456008911133,938900.0,42.27494812011719
2007-10-02,56.886409759521484,55.66761779785156,56.59352111816406,56.01719284057617,581100.0,41.984619140625
2007-10-03,55.847129821777344,55.03459930419922,55.6392707824707,55.44086456298828,471200.0,41.55266189575195
2007-10-04,55.884918212890625,55.08184051513672,55.7337532043457,55.54479217529297,889500.0,41.63056564331055
2007-10-05,57.746177673339844,56.07387924194336,56.16836166381836,57.64224624633789,890600.0,43.20258712768555
2007-10-08,58.010719299316406,57.26432800292969,57.45328903198242,57.44384002685547,795600.0,43.05388259887695
2007-10-09,57.812313079833984,56.47069549560547,57.73672866821289,57.037574768066406,611800.0,42.7493896484375
2007-10-10,57.925689697265625,56.82027053833008,56.84861755371094,57.12260818481445,437100.0,42.8131217956543
2007-10-11,57.68003845214844,55.57313537597656,57.49108123779297,56.22504806518555,482000.0,42.140411376953125
2007-10-12,57.50997543334961,56.05498504638672,56.555728912353516,57.45328903198242,693100.0,43.060970306396484
2007-10-15,58.06740951538086,56.99978256225586,57.321014404296875,57.51942443847656,658500.0,43.110530853271484
2007-10-16,57.68003845214844,56.12112045288086,57.5855598449707,56.442352294921875,615700.0,42.30327224731445
2007-10-17,56.924198150634766,55.535343170166016,56.678550720214844,56.48014450073242,552000.0,42.33159255981445
2007-10-18,56.7352409362793,56.12112045288086,56.376216888427734,56.395111083984375,357000.0,42.26786422729492
2007-10-19,56.678550720214844,54.496063232421875,56.38566589355469,54.496063232421875,616400.0,40.84453201293945
2007-10-22,56.29118347167969,54.04256057739258,54.2882080078125,55.92271041870117,1025800.0,41.913795471191406
2007-10-23,57.16984939575195,56.03608703613281,56.395111083984375,56.574623107910156,774600.0,42.402408599853516
2007-10-24,57.6328010559082,55.450313568115234,56.33842468261719,57.45328903198242,794600.0,43.060970306396484
2007-10-25,57.5855598449707,55.6865119934082,57.57611083984375,56.6879997253418,545700.0,42.48738479614258
2007-10-26,57.91624069213867,56.215599060058594,57.49108123779297,57.160400390625,759100.0,42.84144592285156
2007-10-29,58.39808654785156,57.40604782104492,57.50997543334961,58.010719299316406,538200.0,43.478755950927734
2007-10-30,58.294158935546875,57.27377700805664,57.95403289794922,57.349361419677734,701100.0,42.98307418823242
2007-10-31,57.812313079833984,56.215599060058594,57.349361419677734,57.21708679199219,799600.0,42.883949279785156
2007-11-01,58.30360794067383,56.49903869628906,56.905303955078125,56.84861755371094,863200.0,42.60776138305664
2007-11-02,60.44830322265625,58.341400146484375,58.577598571777344,58.82324981689453,2233200.0,44.08775329589844
2007-11-05,59.494056701660156,57.944583892822266,58.89883041381836,59.23896026611328,995200.0,44.399322509765625
2007-11-06,62.67803192138672,59.106689453125,59.62632751464844,62.186737060546875,1533600.0,46.60866165161133
2007-11-07,63.244911193847656,60.94904708862305,61.70488739013672,61.3364143371582,1505600.0,45.97135925292969
2007-11-08,61.86550521850586,59.04999923706055,61.86550521850586,60.49554443359375,1507300.0,45.341129302978516
2007-11-09,60.0325927734375,58.5870475769043,59.92866516113281,58.964969635009766,1229100.0,44.1939582824707
2007-11-12,59.41847229003906,56.60296630859375,59.040550231933594,56.621864318847656,1255600.0,42.43781661987305
2007-11-13,58.35084915161133,56.7068977355957,57.12260818481445,57.84065628051758,968300.0,43.35131072998047
2007-11-14,58.577598571777344,57.22653579711914,58.26581573486328,57.82175827026367,997800.0,43.33713150024414
2007-11-15,59.427921295166016,57.6328010559082,57.6328010559082,59.427921295166016,1446400.0,44.54095458984375
2007-11-16,59.73970413208008,58.275264739990234,59.73970413208008,59.02165603637695,962200.0,44.2364616394043
2007-11-19,59.182273864746094,58.17133712768555,58.70987319946289,58.48311996459961,1176800.0,43.83280944824219
2007-11-20,58.5870475769043,56.58407211303711,58.5870475769043,57.415496826171875,1199600.0,43.137176513671875
2007-11-21,57.98237609863281,56.91475296020508,56.91475296020508,57.018680572509766,705100.0,42.83904266357422
2007-11-23,57.62335205078125,56.6879997253418,57.481632232666016,57.31156921386719,232400.0,43.0590934753418
2007-11-26,57.91624069213867,56.54627990722656,57.40604782104492,56.7068977355957,895200.0,42.60479736328125
2007-11-27,57.50997543334961,56.63131332397461,56.858062744140625,57.45328903198242,1043300.0,43.16557693481445
2007-11-28,59.91921615600586,57.651695251464844,57.651695251464844,59.5129508972168,897100.0,44.71303176879883
2007-11-29,59.645225524902344,58.407535552978516,59.14448165893555,59.550743103027344,828000.0,44.74142074584961
2007-11-30,60.0325927734375,58.407535552978516,59.57908630371094,59.30509567260742,1834000.0,44.556854248046875
2007-12-03,59.88142395019531,58.31305694580078,59.88142395019531,58.32250213623047,1003200.0,43.818626403808594
2007-12-04,58.24692153930664,57.254878997802734,57.93513488769531,57.91624069213867,975800.0,43.51339340209961
2007-12-05,59.09724044799805,58.00127029418945,58.53036117553711,58.36974334716797,841800.0,43.854122161865234
2007-12-06,59.45626449584961,57.991825103759766,58.14299011230469,59.45626449584961,786800.0,44.67044448852539
2007-12-07,60.27824020385742,59.41847229003906,59.67356872558594,60.060935974121094,475200.0,45.124732971191406
2007-12-10,60.401065826416016,59.35233688354492,60.34437561035156,59.616878509521484,426800.0,44.791099548339844
2007-12-11,59.80583953857422,57.12260818481445,59.80583953857422,57.12260818481445,900000.0,42.91712188720703
2007-12-12,60.38216781616211,58.19968032836914,58.54925537109375,58.6059455871582,1474500.0,44.03157424926758
2007-12-13,58.454776763916016,56.96199035644531,58.454776763916016,57.97292709350586,771800.0,43.55598068237305
2007-12-14,58.35084915161133,57.2076416015625,57.6328010559082,57.321014404296875,469300.0,43.06620788574219
2007-12-17,57.27377700805664,56.75413513183594,57.160400390625,56.98088836669922,683600.0,42.81065368652344
2007-12-18,58.341400146484375,57.21708679199219,57.6139030456543,57.73672866821289,1026300.0,43.3785285949707
2007-12-19,57.84065628051758,56.952545166015625,57.235984802246094,57.17929458618164,743500.0,42.959712982177734
2007-12-20,58.105201721191406,56.82971954345703,57.49108123779297,57.925689697265625,638200.0,43.5204963684082
2007-12-21,58.87993621826172,57.717830657958984,58.87993621826172,58.68152618408203,1158300.0,44.08837127685547
2007-12-24,59.68301773071289,59.04999923706055,59.21061706542969,59.67356872558594,238800.0,44.833702087402344
2007-12-26,59.91921615600586,59.616878509521484,59.664119720458984,59.88142395019531,413300.0,44.98986053466797
2007-12-27,59.73970413208008,58.76655960083008,59.730255126953125,58.94607162475586,347900.0,44.287113189697266
2007-12-28,59.75859832763672,58.577598571777344,59.52239990234375,59.22951126098633,540700.0,44.50008010864258
2007-12-31,59.68301773071289,58.70042419433594,59.031105041503906,59.220062255859375,558800.0,44.49298095703125
2008-01-02,59.09724044799805,58.209129333496094,59.09724044799805,58.454776763916016,1058100.0,43.91801071166992
2008-01-03,58.95552062988281,58.06740951538086,58.44532775878906,58.72876739501953,881400.0,44.12385177612305
2008-01-04,58.28471374511719,57.141502380371094,58.28471374511719,57.22653579711914,1008600.0,42.99520492553711
2008-01-07,57.55721664428711,54.32600021362305,57.45328903198242,54.845638275146484,1416500.0,41.20640182495117
2008-01-08,55.214111328125,53.60795211791992,54.940120697021484,53.69298553466797,851000.0,40.340396881103516
2008-01-09,53.75912094116211,51.70890426635742,53.35285568237305,52.729286193847656,926100.0,39.61635208129883
2008-01-10,51.23650360107422,46.021209716796875,51.23650360107422,47.0699348449707,4935200.0,35.36439514160156
2008-01-11,48.591064453125,46.767601013183594,47.0699348449707,48.30762481689453,2397900.0,36.294288635253906
2008-01-14,49.31856155395508,48.005287170410156,48.58161544799805,48.37376022338867,1249100.0,36.34397888183594
2008-01-15,48.619407653808594,47.315582275390625,47.94860076904297,47.939151763916016,1603900.0,36.017452239990234
2008-01-16,47.9958381652832,46.92821502685547,47.65571212768555,47.22110366821289,1386100.0,35.477962493896484
2008-01-17,49.05401611328125,46.12513732910156,47.495094299316406,46.2668571472168,1227100.0,34.76102066040039
2008-01-18,48.14700698852539,45.907833099365234,46.36133575439453,46.41802215576172,1067100.0,34.87459945678711
2008-01-22,45.690528869628906,43.30963134765625,45.690528869628906,44.67959213256836,1131700.0,33.5684814453125
2008-01-23,44.377254486083984,41.67512893676758,43.66865539550781,44.188297271728516,1370100.0,33.19938278198242
2008-01-24,45.47322463989258,44.2449836730957,44.51897430419922,45.2937126159668,1115600.0,34.02987289428711
2008-01-25,46.33299255371094,45.1708869934082,45.577152252197266,45.31260681152344,700800.0,34.0440788269043
2008-01-28,45.85114288330078,44.59455871582031,45.05751037597656,45.85114288330078,827300.0,34.44868469238281
2008-01-29,46.880977630615234,45.60549545288086,45.60549545288086,46.644775390625,1007100.0,35.044952392578125
2008-01-30,47.51399230957031,45.93617630004883,46.51250457763672,46.53139877319336,868100.0,34.959781646728516
2008-01-31,51.97344970703125,48.978431701660156,49.11070251464844,51.58607864379883,3211100.0,38.757442474365234
2008-02-01,52.974937438964844,50.97195816040039,51.652217864990234,51.24595260620117,2492900.0,38.50190353393555
2008-02-04,52.04903030395508,51.06644058227539,51.24595260620117,51.42546463012695,1258300.0,38.636783599853516
2008-02-05,51.54828643798828,50.4901123046875,50.71686553955078,51.047542572021484,1276400.0,38.35283279418945
2008-02-06,51.70890426635742,50.60348892211914,51.40656661987305,50.60348892211914,1193600.0,38.019203186035156
2008-02-07,51.06644058227539,49.724822998046875,50.40507888793945,50.50900650024414,1135900.0,37.94822311401367
2008-02-08,52.16240692138672,49.31856155395508,50.49956130981445,51.79393768310547,1090600.0,38.913612365722656
2008-02-11,52.710391998291016,51.255401611328125,51.737247467041016,52.33247375488281,1070200.0,39.31822204589844
2008-02-12,52.54032897949219,51.74669647216797,52.39860916137695,52.001792907714844,866900.0,39.06977462768555
2008-02-13,52.946590423583984,52.15296173095703,52.33247375488281,52.946590423583984,616000.0,39.77961349487305
2008-02-14,53.3150634765625,51.51994323730469,52.8143196105957,51.58607864379883,664300.0,38.757442474365234
2008-02-15,51.82228088378906,50.216121673583984,51.274295806884766,50.84913635253906,898800.0,38.203765869140625
2008-02-19,51.604976654052734,50.72631072998047,51.47270584106445,51.047542572021484,888100.0,38.35283279418945
2008-02-20,51.17981719970703,50.33894348144531,50.71686553955078,51.06644058227539,642700.0,38.36702346801758
2008-02-21,51.87896728515625,50.22556686401367,51.26484680175781,50.52790451049805,978300.0,37.96242904663086
2008-02-22,51.05699157714844,49.49807357788086,50.57514572143555,50.537353515625,737100.0,37.96952438354492
2008-02-25,51.538841247558594,50.32949447631836,50.64128112792969,51.340431213378906,1093300.0,38.572879791259766
2008-02-26,51.30263900756836,50.29170227050781,51.208160400390625,50.745208740234375,993600.0,38.125694274902344
2008-02-27,51.9356575012207,50.282257080078125,50.43342590332031,51.59552764892578,568900.0,38.764530181884766
2008-02-28,52.03013610839844,50.697967529296875,51.42546463012695,50.95306396484375,681500.0,38.28184127807617
2008-02-29,50.32004928588867,45.66218566894531,50.32004928588867,46.13458251953125,2716400.0,34.758331298828125
2008-03-03,46.12513732910156,45.161441802978516,46.11568832397461,45.624393463134766,2006000.0,34.373931884765625
2008-03-04,45.61494445800781,44.45283889770508,45.58660125732422,44.97248077392578,1406600.0,33.882789611816406
2008-03-05,45.794456481933594,44.50008010864258,45.01027297973633,44.84965515136719,1078000.0,33.79023361206055
2008-03-06,47.51399230957031,44.75517654418945,47.51399230957031,45.20867919921875,2493300.0,34.06073760986328
2008-03-07,45.88893508911133,44.16939926147461,44.89689636230469,44.87799835205078,1418300.0,33.81159973144531
2008-03-10,44.94413757324219,43.29073715209961,44.887447357177734,43.337974548339844,852400.0,32.65132522583008
2008-03-11,45.50156784057617,44.22608947753906,44.41504669189453,45.31260681152344,1599100.0,34.1390380859375
2008-03-12,46.1723747253418,45.397640228271484,45.48267364501953,45.69997787475586,1242900.0,34.430885314941406
2008-03-13,46.00231170654297,44.63235092163086,45.15199279785156,45.69997787475586,801100.0,34.430885314941406
2008-03-14,46.2196159362793,43.678104400634766,45.69997787475586,44.26388168334961,894200.0,33.348915100097656
2008-03-17,43.92375183105469,42.657718658447266,43.24349594116211,43.50804138183594,1139900.0,32.779457092285156
2008-03-18,44.934688568115234,43.678104400634766,44.10326385498047,44.79296875,1065100.0,33.74753189086914
2008-03-19,45.350399017333984,43.40411376953125,44.94413757324219,43.432456970214844,934000.0,32.72250747680664
2008-03-20,44.16939926147461,43.13011932373047,43.3946647644043,44.11271286010742,964000.0,33.23503112792969
2008-03-24,46.33299255371094,44.11271286010742,44.11271286010742,46.1723747253418,988900.0,34.78678512573242
2008-03-25,46.98490524291992,46.13458251953125,46.29520034790039,46.35188674926758,1145300.0,34.92203903198242
2008-03-26,46.93766403198242,45.926727294921875,46.24795913696289,46.389678955078125,864500.0,34.950523376464844
2008-03-27,46.58808898925781,45.63383865356445,46.304649353027344,45.926727294921875,968300.0,34.60171890258789
2008-03-28,46.89042282104492,45.37874221801758,46.436920166015625,45.61494445800781,766400.0,34.366817474365234
2008-03-31,46.1440315246582,45.2464714050293,45.49211883544922,45.85114288330078,829600.0,34.54476547241211
2008-04-01,47.44785690307617,45.98341751098633,45.98341751098633,47.44785690307617,703300.0,35.74776077270508
2008-04-02,48.50603103637695,47.44785690307617,47.44785690307617,47.91080856323242,803900.0,36.096553802490234
2008-04-03,48.08087158203125,46.41802215576172,47.68405532836914,46.63532638549805,1050800.0,35.135589599609375
2008-04-04,48.37376022338867,46.42747116088867,46.852630615234375,48.0714225769043,659600.0,36.217559814453125
2008-04-07,48.94063949584961,47.617919921875,48.37376022338867,47.825775146484375,578100.0,36.03248596191406
2008-04-08,48.03363037109375,47.2400016784668,47.58012771606445,47.825775146484375,513100.0,36.03248596191406
2008-04-09,47.96749496459961,47.02269744873047,47.806880950927734,47.37227249145508,481400.0,35.690818786621094
2008-04-10,47.56123352050781,46.899871826171875,47.33448028564453,47.410064697265625,513900.0,35.71928024291992
2008-04-11,47.00379943847656,45.926727294921875,47.00379943847656,46.00231170654297,508700.0,34.65866470336914
2008-04-14,46.40857696533203,45.80390548706055,46.06844711303711,46.00231170654297,375500.0,34.65866470336914
2008-04-15,46.58808898925781,45.68107986450195,46.18182373046875,46.29520034790039,607600.0,34.879329681396484
2008-04-16,47.50454330444336,46.47471237182617,46.49360656738281,47.2400016784668,829800.0,35.591163635253906
2008-04-17,47.58012771606445,46.72980880737305,47.079383850097656,47.362823486328125,647100.0,35.68368148803711
2008-04-18,48.58161544799805,47.79743194580078,48.1375617980957,48.01473617553711,948200.0,36.174842834472656
2008-04-21,49.5169677734375,47.693504333496094,47.693504333496094,49.488624572753906,1170600.0,37.28529357910156
2008-04-22,49.488624572753906,48.5438232421875,49.394142150878906,48.99732971191406,1024900.0,36.91515350341797
2008-04-23,49.082359313964844,48.27928161621094,49.082359313964844,48.780025482177734,564300.0,36.75143051147461
2008-04-24,49.55475997924805,48.354862213134766,48.92174530029297,49.082359313964844,607600.0,36.979209899902344
2008-04-25,49.76261520385742,48.78947067260742,49.309112548828125,49.611446380615234,774400.0,37.377838134765625
2008-04-28,49.80040740966797,48.23204040527344,49.43193435668945,48.80836868286133,768600.0,36.77277374267578
2008-04-29,50.17832946777344,48.449344635009766,48.60051345825195,49.790958404541016,971700.0,37.5130729675293
2008-04-30,51.9640007019043,50.414527893066406,50.95306396484375,51.047542572021484,1539500.0,38.45981216430664
2008-05-01,51.028648376464844,49.97991943359375,51.028648376464844,50.83968734741211,1038900.0,38.303199768066406
2008-05-02,51.028648376464844,49.790958404541016,51.028648376464844,49.91378402709961,749700.0,37.60561752319336
2008-05-05,50.45232009887695,49.31856155395508,49.57365417480469,50.14998245239258,505800.0,37.783573150634766
2008-05-06,51.00030517578125,49.9421272277832,50.07440185546875,50.764102935791016,551200.0,38.24626541137695
2008-05-07,51.21760940551758,50.20667266845703,50.93416976928711,50.42397689819336,615400.0,37.99000549316406
2008-05-08,51.57663345336914,50.44287109375,51.01919937133789,51.40656661987305,1104600.0,38.73029327392578
2008-05-09,56.6879997253418,53.239479064941406,56.621864318847656,53.7874641418457,3739400.0,40.52408218383789
2008-05-12,54.48661422729492,53.437889099121094,53.75912094116211,54.17483139038086,1039900.0,40.815940856933594
2008-05-13,55.66761779785156,54.26931381225586,54.37324142456055,55.629825592041016,1666100.0,41.912139892578125
2008-05-14,57.91624069213867,55.601478576660156,55.65816879272461,56.82027053833008,2226300.0,42.80904006958008
2008-05-15,56.839168548583984,56.27228927612305,56.82971954345703,56.82027053833008,949500.0,42.80904006958008
2008-05-16,60.97739028930664,56.6879997253418,56.82971954345703,60.33492660522461,4281300.0,45.45702362060547
2008-05-19,60.11762237548828,58.0390625,60.11762237548828,58.25636672973633,2627400.0,43.89100646972656
2008-05-20,59.50350570678711,57.746177673339844,58.17133712768555,59.09724044799805,1226700.0,44.524532318115234
2008-05-21,59.796390533447266,58.59649658203125,59.087791442871094,58.757110595703125,1745000.0,44.268272399902344
2008-05-22,60.703399658203125,58.577598571777344,58.757110595703125,60.13652038574219,1870700.0,45.30754852294922
2008-05-23,61.75212860107422,59.27675247192383,60.36327362060547,59.446815490722656,1877900.0,44.78791809082031
2008-05-27,60.20265579223633,58.48311996459961,59.70191192626953,59.99480056762695,1451700.0,45.20075988769531
2008-05-28,60.60892105102539,59.616878509521484,60.04204177856445,60.079830169677734,1834400.0,45.37200927734375
2008-05-29,60.174312591552734,58.39808654785156,60.08927917480469,58.5398063659668,2241000.0,44.20899200439453
2008-05-30,63.02760696411133,60.353824615478516,61.47813415527344,62.14894485473633,6704000.0,46.934593200683594
2008-06-02,55.2613525390625,51.79393768310547,54.609439849853516,52.530879974365234,9551200.0,39.67108154296875
2008-06-03,53.37175369262695,51.434913635253906,52.74818420410156,51.9356575012207,4190800.0,39.2215690612793
2008-06-04,53.286720275878906,51.850624084472656,51.850624084472656,52.597015380859375,1714800.0,39.721031188964844
2008-06-05,54.15593719482422,52.79542541503906,52.871009826660156,54.02366256713867,2145700.0,40.79841613769531
2008-06-06,54.873985290527344,53.702430725097656,53.72132873535156,54.033111572265625,1947900.0,40.8055534362793
2008-06-09,54.873985290527344,52.823768615722656,54.79840087890625,53.37175369262695,1125400.0,40.30610656738281
2008-06-10,53.239479064941406,52.578121185302734,52.95603942871094,52.578121185302734,1061000.0,39.706748962402344
2008-06-11,52.52143096923828,51.19871139526367,52.44584655761719,51.19871139526367,1454900.0,38.6650276184082
2008-06-12,53.06941604614258,51.30263900756836,51.387672424316406,51.70890426635742,856700.0,39.05032730102539
2008-06-13,53.09775924682617,51.97344970703125,51.97344970703125,52.729286193847656,985700.0,39.8209114074707
2008-06-16,54.02366256713867,52.65370559692383,52.65370559692383,53.97642517089844,916700.0,40.76274871826172
2008-06-17,53.966976165771484,53.19224166870117,53.92918395996094,53.3623046875,919700.0,40.29896545410156
2008-06-18,53.343406677246094,52.3419189453125,53.00328063964844,52.871009826660156,894200.0,39.92793273925781
2008-06-19,53.46623229980469,52.115169525146484,52.8143196105957,53.126102447509766,1792100.0,40.12058639526367
2008-06-20,52.98438262939453,51.0380973815918,52.98438262939453,51.51994323730469,1899600.0,38.907623291015625
2008-06-23,51.39712142944336,50.13108825683594,50.95306396484375,50.31060028076172,2068500.0,37.99433135986328
2008-06-24,50.07440185546875,47.70295333862305,50.07440185546875,48.90284729003906,2381800.0,36.93120193481445
2008-06-25,50.565696716308594,49.20518493652344,49.441383361816406,50.42397689819336,1242100.0,38.07996368408203
2008-06-26,50.02716064453125,48.60051345825195,50.02716064453125,48.67609786987305,1348800.0,36.75996398925781
2008-06-27,48.67609786987305,47.523441314697266,48.67609786987305,48.354862213134766,841800.0,36.51737976074219
2008-06-30,48.335968017578125,47.58012771606445,48.23204040527344,47.70295333862305,928900.0,36.02505874633789
2008-07-01,47.1644172668457,45.56770324707031,47.1644172668457,45.973968505859375,2075400.0,34.719322204589844
2008-07-02,47.10772705078125,45.47322463989258,45.907833099365234,45.47322463989258,1916500.0,34.341163635253906
2008-07-03,47.1171760559082,45.350399017333984,45.511016845703125,46.833736419677734,835000.0,35.368614196777344
2008-07-07,47.37227249145508,45.20867919921875,46.99435043334961,46.07789611816406,917000.0,34.797813415527344
2008-07-08,47.73129653930664,45.91727828979492,45.98341751098633,47.73129653930664,1031300.0,36.04645919799805
2008-07-09,48.01473617553711,46.29520034790039,47.740745544433594,46.65422439575195,868800.0,35.23305130004883
2008-07-10,47.013248443603516,45.31260681152344,46.5975341796875,46.12513732910156,1053800.0,34.83349609375
2008-07-11,46.24795913696289,44.61345672607422,45.65273666381836,45.48267364501953,1161700.0,34.348304748535156
2008-07-14,46.28575134277344,45.1708869934082,45.72832107543945,45.331504821777344,752600.0,34.23414611816406
2008-07-15,45.511016845703125,44.06547164916992,45.000823974609375,45.000823974609375,1432200.0,33.98442077636719
2008-07-16,46.503055572509766,44.774070739746094,45.05751037597656,46.38023376464844,837200.0,35.02614212036133
2008-07-17,47.6651611328125,46.40857696533203,46.569190979003906,47.523441314697266,1259600.0,35.88948059082031
2008-07-18,47.67460632324219,46.82428741455078,47.40061569213867,47.46675109863281,914100.0,35.84666061401367
2008-07-21,47.9958381652832,47.0699348449707,47.523441314697266,47.315582275390625,792400.0,35.732505798339844
2008-07-22,47.78798294067383,46.35188674926758,46.93766403198242,47.78798294067383,780200.0,36.089271545410156
2008-07-23,48.619407653808594,47.46675109863281,47.83522415161133,48.402103424072266,544600.0,36.55305099487305
2008-07-24,48.9689826965332,47.78798294067383,48.82726287841797,48.0430793762207,920600.0,36.28192138671875
2008-07-25,48.55327224731445,47.95804977416992,48.45879364013672,48.317073822021484,770200.0,36.488834381103516
2008-07-28,48.21314239501953,46.81483840942383,48.109214782714844,47.35337448120117,778400.0,35.761051177978516
2008-07-29,48.42100143432617,47.30613708496094,47.343929290771484,48.32651901245117,616500.0,36.4959716796875
2008-07-30,48.80836868286133,47.91080856323242,48.43044662475586,48.52492904663086,1094400.0,36.64579772949219
2008-07-31,47.315582275390625,44.43394470214844,45.511016845703125,45.49211883544922,2976100.0,34.35542297363281
2008-08-01,46.51250457763672,45.2937126159668,45.596046447753906,45.88893508911133,1508300.0,34.65512466430664
2008-08-04,46.370784759521484,44.57566452026367,45.98341751098633,44.85910415649414,1532100.0,33.877384185791016
2008-08-05,46.07789611816406,45.18978500366211,45.284263610839844,45.973968505859375,1070700.0,34.719322204589844
2008-08-06,46.81483840942383,45.58660125732422,45.82279968261719,46.13458251953125,1854500.0,34.84062576293945
2008-08-07,46.18182373046875,45.2464714050293,45.91727828979492,45.98341751098633,1388300.0,34.726470947265625
2008-08-08,46.7392578125,45.82279968261719,46.087345123291016,46.484161376953125,1152700.0,35.1046142578125
2008-08-11,48.0903205871582,46.40857696533203,46.484161376953125,48.01473617553711,1142400.0,36.260498046875
2008-08-12,48.931190490722656,47.59902572631836,47.81632614135742,48.43989562988281,836600.0,36.58158493041992
2008-08-13,49.57365417480469,48.0903205871582,48.53437423706055,49.38469696044922,1212300.0,37.29509735107422
2008-08-14,50.11219024658203,49.0445671081543,49.0445671081543,49.790958404541016,1334600.0,37.60189437866211
2008-08-15,51.58607864379883,48.21314239501953,48.21314239501953,50.93416976928711,1407000.0,38.46524429321289
2008-08-18,51.0380973815918,49.34690475463867,50.89637756347656,49.73427200317383,1425100.0,37.55908203125
2008-08-19,50.187774658203125,49.36579895019531,49.441383361816406,49.639793395996094,627400.0,37.48773956298828
2008-08-20,50.32004928588867,49.242977142333984,49.904335021972656,49.62089538574219,886800.0,37.47347640991211
2008-08-21,49.62089538574219,48.77057647705078,49.23352813720703,49.10125732421875,1085500.0,37.0810432434082
2008-08-22,49.36579895019531,48.42100143432617,49.29966354370117,48.89339828491211,1417800.0,36.92404556274414
2008-08-25,48.94063949584961,47.78798294067383,48.5438232421875,48.269832611083984,844500.0,36.45314025878906
2008-08-26,49.261871337890625,48.18479919433594,48.269832611083984,49.035118103027344,814700.0,37.03110885620117
2008-08-27,49.611446380615234,48.74223327636719,49.22407913208008,49.27132034301758,646000.0,37.2094841003418
2008-08-28,50.25391387939453,49.356353759765625,49.55475997924805,50.235015869140625,546700.0,37.93724060058594
2008-08-29,49.92323303222656,48.90284729003906,49.89488983154297,49.4697265625,654100.0,37.35930633544922
2008-09-02,50.64128112792969,48.98788070678711,49.951576232910156,49.394142150878906,1087800.0,37.445247650146484
2008-09-03,49.60200119018555,47.740745544433594,49.16739273071289,48.27928161621094,1071000.0,36.600101470947266
2008-09-04,48.03363037109375,46.28575134277344,48.02418518066406,46.28575134277344,819900.0,35.08882141113281
2008-09-05,46.84318542480469,45.671630859375,46.01176071166992,46.68256759643555,700800.0,35.389644622802734
2008-09-08,47.9958381652832,46.90932083129883,47.72184753417969,46.966007232666016,1042200.0,35.60450744628906
2008-09-09,47.032142639160156,44.38670349121094,47.013248443603516,44.424495697021484,1532800.0,33.67781066894531
2008-09-10,45.444881439208984,42.8466796875,44.868553161621094,45.09530258178711,1861800.0,34.18634796142578
2008-09-11,46.28575134277344,44.33001708984375,44.61345672607422,45.82279968261719,1203400.0,34.73785400390625
2008-09-12,46.75815200805664,44.953582763671875,45.35984802246094,46.75815200805664,1071200.0,35.44693374633789
2008-09-15,45.747215270996094,42.969505310058594,45.15199279785156,43.08287811279297,1856700.0,32.66075134277344
2008-09-16,45.048065185546875,42.657718658447266,43.64976119995117,44.78351974487305,3647300.0,33.94998550415039
2008-09-17,44.868553161621094,43.15846252441406,44.22608947753906,43.24349594116211,1850800.0,32.782508850097656
2008-09-18,44.56621551513672,41.826297760009766,44.093814849853516,44.556766510009766,2656700.0,33.77806854248047
2008-09-19,51.9640007019043,39.68159866333008,46.304649353027344,45.35984802246094,19579800.0,34.386905670166016
2008-09-22,45.444881439208984,43.78203201293945,45.350399017333984,44.537872314453125,1958600.0,33.76375961303711
2008-09-23,46.12513732910156,44.63235092163086,44.63235092163086,45.133094787597656,2016800.0,34.21500015258789
2008-09-24,45.55825424194336,44.08436965942383,45.000823974609375,44.670143127441406,1567500.0,33.86404037475586
2008-09-25,45.50156784057617,44.72683334350586,45.133094787597656,45.237022399902344,1302900.0,34.29377365112305
2008-09-26,45.09530258178711,43.13011932373047,44.556766510009766,45.066959381103516,927600.0,34.16484069824219
2008-09-29,44.89689636230469,41.34444808959961,44.52842330932617,41.97746276855469,2031200.0,31.82274055480957
2008-09-30,43.73479080200195,41.023216247558594,42.572689056396484,43.64976119995117,1223700.0,33.09049606323242
2008-10-01,43.47969436645508,42.194766998291016,43.328529357910156,42.865577697753906,985600.0,32.49601745605469
2008-10-02,42.67661666870117,40.81536102294922,42.51599884033203,41.12714385986328,1049700.0,31.178117752075195
2008-10-03,42.91281509399414,40.361854553222656,41.712921142578125,40.579158782958984,1085000.0,30.7626895904541
2008-10-06,39.700496673583984,35.99687957763672,39.700496673583984,37.867584228515625,1729900.0,28.70708465576172
2008-10-07,38.25495147705078,34.84422302246094,37.933719635009766,34.84422302246094,1772700.0,26.41509246826172
2008-10-08,35.902400970458984,33.18137741088867,34.069488525390625,34.49464797973633,2566000.0,26.15008544921875
2008-10-09,36.6960334777832,33.43647384643555,35.03318405151367,33.63488006591797,1717600.0,25.49829864501953
2008-10-10,33.68212127685547,28.277864456176758,32.08540725708008,33.162479400634766,2399300.0,25.14017677307129
2008-10-13,36.592105865478516,33.842735290527344,34.466304779052734,36.431488037109375,1299900.0,27.61838722229004
2008-10-14,40.83425521850586,34.90091323852539,37.6975212097168,35.94019317626953,1491600.0,27.245933532714844
2008-10-15,35.902400970458984,31.92479133605957,35.902400970458984,31.98147964477539,1205700.0,24.24486541748047
2008-10-16,33.672672271728516,30.14856719970703,31.905895233154297,33.672672271728516,1519400.0,25.52695083618164
2008-10-17,35.156009674072266,31.58466339111328,33.445919036865234,33.65377426147461,1303200.0,25.512615203857422
2008-10-20,35.89295196533203,33.540401458740234,34.154518127441406,35.89295196533203,980500.0,27.21013069152832
2008-10-21,35.82681655883789,33.24751281738281,35.82681655883789,33.43647384643555,935800.0,25.34789276123047
2008-10-22,33.15303039550781,30.07298469543457,33.15303039550781,31.159503936767578,1257500.0,23.62173843383789
2008-10-23,32.39719009399414,29.827335357666016,31.093368530273438,31.603559494018555,1043000.0,23.958372116088867
2008-10-24,30.99888801574707,28.476272583007812,29.3171443939209,29.761199951171875,1716300.0,22.561702728271484
2008-10-27,30.87606430053711,28.542407989501953,29.175424575805664,29.515552520751953,939300.0,22.375473022460938
2008-10-28,32.88848876953125,29.515552520751953,30.120223999023438,32.88848876953125,1090200.0,24.932464599609375
2008-10-29,34.04114532470703,31.868104934692383,33.06800079345703,32.567256927490234,933600.0,24.68893814086914
2008-10-30,36.847198486328125,33.06800079345703,36.847198486328125,33.975006103515625,2159500.0,25.756149291992188
2008-10-31,34.711952209472656,32.453880310058594,33.64432907104492,33.96556091308594,1343600.0,25.74898910522461
2008-11-03,34.7025032043457,33.71046447753906,33.94666290283203,34.485198974609375,1102900.0,26.142927169799805
2008-11-04,37.451873779296875,34.01279830932617,35.042633056640625,35.637855529785156,2689000.0,27.016740798950195
2008-11-05,36.44093704223633,34.711952209472656,35.19380187988281,34.78753662109375,1788700.0,26.37211799621582
2008-11-06,35.222145080566406,32.425537109375,34.51354217529297,32.59560012817383,1965400.0,24.71043586730957
2008-11-07,34.63636779785156,33.36088943481445,33.92776870727539,34.50409698486328,1270100.0,26.157243728637695
2008-11-10,35.51503372192383,33.71046447753906,35.21269607543945,34.25844955444336,1010000.0,25.971025466918945
2008-11-11,34.07893753051758,32.170440673828125,34.04114532470703,32.73731994628906,1273400.0,24.817867279052734
2008-11-12,32.236576080322266,31.367359161376953,32.14209747314453,31.74527931213379,1853000.0,24.065811157226562
2008-11-13,33.228614807128906,31.150056838989258,32.06651306152344,33.228614807128906,3407400.0,25.19031524658203
2008-11-14,32.652286529541016,30.70599937438965,32.31216049194336,31.2161922454834,3339300.0,23.664716720581055
2008-11-17,31.310672760009766,29.921815872192383,30.866615295410156,29.95960807800293,1939900.0,22.71211051940918
2008-11-18,30.734344482421875,28.939224243164062,30.006847381591797,29.817888259887695,1798600.0,22.604673385620117
2008-11-19,30.611520767211914,28.334552764892578,29.761199951171875,28.391239166259766,1813000.0,21.660404205322266
2008-11-20,29.411624908447266,26.81342315673828,27.928287506103516,27.03072738647461,1325600.0,20.622438430786133
2008-11-21,28.41013526916504,26.03868865966797,27.42754364013672,28.40068817138672,1686900.0,21.667619705200195
2008-11-24,31.27288055419922,28.627439498901367,29.307695388793945,30.70599937438965,1601000.0,23.42639923095703
2008-11-25,31.6885929107666,30.36587142944336,31.197296142578125,30.866615295410156,2530800.0,23.548934936523438
2008-11-26,32.72787094116211,30.441455841064453,30.441455841064453,32.501121520996094,1621200.0,24.795944213867188
2008-11-28,32.97351837158203,31.764175415039062,32.49167251586914,32.95462417602539,616700.0,25.14192771911621
2008-12-01,32.123199462890625,30.2430477142334,32.057064056396484,30.2430477142334,1582800.0,23.073200225830078
2008-12-02,31.320119857788086,30.186359405517578,30.611520767211914,31.28232765197754,1713500.0,23.866098403930664
2008-12-03,32.0003776550293,30.167463302612305,30.526487350463867,31.953136444091797,1257900.0,24.37787437438965
2008-12-04,31.886999130249023,30.800479888916016,31.452392578125,31.433496475219727,2103100.0,23.981428146362305
2008-12-05,31.16895294189453,29.16597557067871,31.05557632446289,31.16895294189453,1708900.0,23.77959632873535
2008-12-08,33.625431060791016,31.622455596923828,31.868104934692383,33.18137741088867,1520800.0,25.314929962158203
2008-12-09,34.89146423339844,32.54835891723633,32.59560012817383,33.937217712402344,1519200.0,25.891578674316406
2008-12-10,34.863121032714844,33.738807678222656,34.05059051513672,34.33403015136719,1075800.0,26.194326400756836
2008-12-11,34.7780876159668,32.765663146972656,33.96556091308594,33.03965759277344,1049000.0,25.206804275512695
2008-12-12,34.21120834350586,31.471288681030273,31.764175415039062,34.135623931884766,1154200.0,26.042943954467773
2008-12-15,34.154518127441406,33.143585205078125,34.05059051513672,33.70101547241211,996400.0,25.711376190185547
2008-12-16,35.36386489868164,33.38923263549805,34.09783172607422,35.31662368774414,1202200.0,26.94397735595703
2008-12-17,35.590614318847656,34.10728073120117,34.91980743408203,35.127662658691406,865400.0,26.799800872802734
2008-12-18,35.6284065246582,34.2301025390625,35.21269607543945,34.54188919067383,895200.0,26.3528995513916
2008-12-19,35.91184616088867,34.7780876159668,34.7780876159668,35.21269607543945,1282400.0,26.86467170715332
2008-12-22,35.789024353027344,33.47426223754883,35.25048828125,34.3245849609375,978500.0,26.18710708618164
2008-12-23,34.85367202758789,33.83328628540039,34.47575378417969,33.975006103515625,742900.0,25.920406341552734
2008-12-24,34.40961456298828,33.7293586730957,34.069488525390625,34.3245849609375,215400.0,26.18710708618164
2008-12-26,34.90091323852539,34.182865142822266,34.90091323852539,34.598575592041016,357300.0,26.396142959594727
2008-12-29,34.62691879272461,33.332542419433594,34.62691879272461,34.182865142822266,824300.0,26.078989028930664
2008-12-30,35.344966888427734,34.296241760253906,34.296241760253906,35.326072692871094,818600.0,26.95116424560547
2008-12-31,36.23308181762695,35.33552169799805,35.42055130004883,35.94963836669922,793200.0,27.42690658569336
2009-01-02,38.17936706542969,35.6284065246582,36.46928024291992,38.075439453125,943600.0,29.048738479614258
2009-01-05,38.33998489379883,37.20622253417969,38.03764724731445,37.66917419433594,959100.0,28.73877716064453
2009-01-06,38.68955993652344,37.451873779296875,37.94316864013672,38.38722229003906,983500.0,29.286598205566406
2009-01-07,37.82979202270508,36.58265686035156,37.82979202270508,37.03615951538086,1034600.0,28.255840301513672
2009-01-08,37.21567153930664,36.30866241455078,37.04560852050781,37.19677734375,797300.0,28.37838363647461
2009-01-09,37.44242477416992,36.2236328125,37.272361755371094,36.52596664428711,681800.0,27.866600036621094
2009-01-12,36.894439697265625,35.93074417114258,36.75271987915039,36.204734802246094,811700.0,27.62152099609375
2009-01-13,36.97002410888672,35.99687957763672,36.21418380737305,36.828304290771484,1285400.0,28.097267150878906
2009-01-14,36.497623443603516,34.95759963989258,36.37480163574219,35.524478912353516,1683200.0,27.102542877197266
2009-01-15,38.972999572753906,35.09931945800781,35.53392791748047,38.69900894165039,3023800.0,29.524471282958984
2009-01-16,39.539878845214844,38.396671295166016,39.539878845214844,39.24699020385742,2155100.0,29.942529678344727
2009-01-20,39.39815902709961,37.76365661621094,39.38871383666992,38.08488845825195,2095800.0,29.055938720703125
2009-01-21,40.04062271118164,38.23605728149414,38.32108688354492,39.87055969238281,1866700.0,30.41826629638672
2009-01-22,40.15399932861328,38.462806701660156,39.539878845214844,39.70994567871094,1595100.0,30.295745849609375
2009-01-23,40.607505798339844,38.08488845825195,38.746246337890625,40.4468879699707,1510200.0,30.857973098754883
2009-01-26,41.57120132446289,40.3996467590332,40.579158782958984,41.249969482421875,1323400.0,31.470664978027344
2009-01-27,41.665679931640625,40.76811981201172,41.221622467041016,41.552303314208984,803400.0,31.70131492614746
2009-01-28,42.51599884033203,41.684574127197266,42.23255920410156,42.289249420166016,1403400.0,32.26356506347656
2009-01-29,42.00580978393555,40.59805679321289,41.85464096069336,41.07990264892578,1041900.0,31.340925216674805
2009-01-30,41.968017578125,40.513023376464844,41.334999084472656,40.900390625,1352000.0,31.20396614074707
2009-02-02,41.56175231933594,39.5209846496582,40.607505798339844,40.342960357666016,2352700.0,30.77869415283203
2009-02-03,40.626399993896484,39.28478240966797,40.342960357666016,40.20124053955078,2095400.0,30.67055320739746
2009-02-04,41.4011344909668,40.295719146728516,40.579158782958984,40.5697135925293,1793000.0,30.95168685913086
2009-02-05,41.29720687866211,39.21864700317383,39.57767105102539,40.975975036621094,1628500.0,31.261621475219727
2009-02-06,42.54434585571289,40.872047424316406,40.919288635253906,42.38372802734375,2640700.0,32.33563232421875
2009-02-09,42.752201080322266,41.155487060546875,42.2986946105957,41.58064651489258,1913200.0,31.72295379638672
2009-02-10,41.797950744628906,40.42799377441406,41.35389709472656,40.579158782958984,1634600.0,30.958881378173828
2009-02-11,40.900390625,39.75718307495117,40.626399993896484,40.24848175048828,1381900.0,30.70661163330078
2009-02-12,40.3996467590332,39.076927185058594,40.050071716308594,39.88945770263672,2909700.0,30.432687759399414
2009-02-13,40.65474319458008,39.653255462646484,40.002830505371094,39.95559310913086,2587400.0,30.483150482177734
2009-02-17,39.653255462646484,37.79199981689453,38.36832809448242,38.491153717041016,2716700.0,29.365894317626953
2009-02-18,39.29423141479492,37.89592742919922,38.5289421081543,38.86907196044922,2354400.0,29.654218673706055
2009-02-19,39.237545013427734,37.536903381347656,39.124168395996094,37.688072204589844,1761300.0,28.75320053100586
2009-02-20,37.54635238647461,36.57320785522461,37.06450271606445,36.97947311401367,2114400.0,28.212589263916016
2009-02-23,37.50856018066406,35.6756477355957,37.30070495605469,35.807918548583984,2233800.0,27.31877899169922
2009-02-24,37.225120544433594,35.56227111816406,36.1763916015625,37.03615951538086,2261900.0,28.255840301513672
2009-02-25,37.225120544433594,36.15749740600586,37.055057525634766,36.6015510559082,2306400.0,27.924259185791016
2009-02-26,37.08340072631836,35.344966888427734,37.055057525634766,35.36386489868164,2366400.0,26.98000144958496
2009-02-27,35.94019317626953,34.768638610839844,35.127662658691406,35.222145080566406,2537200.0,26.871885299682617
2009-03-02,34.182865142822266,31.452392578125,33.05855178833008,31.52797508239746,3732800.0,24.05350685119629
2009-03-03,32.104305267333984,30.59262466430664,32.01927185058594,31.33901596069336,3422300.0,23.909343719482422
2009-03-04,32.66173553466797,31.4051513671875,31.896448135375977,32.15154266357422,2055400.0,24.529245376586914
2009-03-05,31.934240341186523,29.855680465698242,31.386255264282227,30.091880798339844,2339900.0,23.093597412109375
2009-03-06,30.639863967895508,29.15652847290039,30.328079223632812,29.67616844177246,1763500.0,22.77457046508789
2009-03-09,29.657272338867188,28.30620765686035,29.392728805541992,28.429031372070312,1717400.0,21.817466735839844
2009-03-10,28.901432037353516,28.230623245239258,28.901432037353516,28.51406478881836,3703600.0,21.88272476196289
2009-03-11,29.241559982299805,28.532960891723633,28.825847625732422,28.98646354675293,1501600.0,22.245258331298828
2009-03-12,30.101327896118164,28.58964729309082,28.85419273376465,30.054088592529297,1563000.0,23.06459617614746
2009-03-13,30.2430477142334,29.524999618530273,30.2430477142334,29.723407745361328,1509400.0,22.810815811157227
2009-03-16,30.36587142944336,29.572240829467773,30.063535690307617,29.600584030151367,2116600.0,22.716552734375
2009-03-17,30.649311065673828,29.572240829467773,29.572240829467773,30.639863967895508,1541400.0,23.514135360717773
2009-03-18,31.6413516998291,30.280839920043945,30.507591247558594,31.16895294189453,1367000.0,23.920185089111328
2009-03-19,31.376808166503906,30.60207176208496,31.34846305847168,30.7154483795166,1367400.0,23.572147369384766
2009-03-20,30.866615295410156,29.005359649658203,30.866615295410156,29.09984016418457,2183400.0,22.332271575927734
2009-03-23,29.194320678710938,26.000896453857422,28.51406478881836,26.56777572631836,5364200.0,20.389076232910156
2009-03-24,27.701536178588867,26.45439910888672,26.473295211791992,26.700048446655273,4645300.0,20.49057960510254
2009-03-25,27.49367904663086,26.369367599487305,26.879560470581055,26.841768264770508,3558600.0,20.599348068237305
2009-03-26,28.18338394165039,27.106311798095703,27.125207901000977,28.051111221313477,3166800.0,21.527435302734375
2009-03-27,27.928287506103516,27.219688415527344,27.928287506103516,27.6070556640625,2022600.0,21.186655044555664
2009-03-30,26.90790367126465,25.868623733520508,26.81342315673828,26.34102439880371,2398800.0,20.215049743652344
2009-03-31,27.814912796020508,26.520536422729492,26.61501693725586,27.342512130737305,2715700.0,20.983627319335938
2009-04-01,27.748775482177734,26.69059944152832,27.059072494506836,27.682640075683594,1729200.0,21.24465560913086
2009-04-02,29.090391159057617,27.975528717041016,28.24951934814453,28.570751190185547,1461500.0,21.926223754882812
2009-04-03,28.85419273376465,28.24951934814453,28.665231704711914,28.80695152282715,1885500.0,22.107498168945312
2009-04-06,28.731367111206055,27.72043228149414,28.731367111206055,28.391239166259766,2092400.0,21.788463592529297
2009-04-07,28.07000732421875,26.56777572631836,28.07000732421875,26.81342315673828,2062700.0,20.577594757080078
2009-04-08,28.032215118408203,27.059072494506836,27.21023941040039,27.88104820251465,1219800.0,21.39692497253418
2009-04-09,29.524999618530273,28.80695152282715,29.288799285888672,29.44941520690918,1563900.0,22.600547790527344
2009-04-13,29.298248291015625,28.202280044555664,29.21321678161621,28.721920013427734,1210200.0,22.042240142822266
2009-04-14,28.5802001953125,28.145591735839844,28.52351188659668,28.258968353271484,904800.0,21.686952590942383
2009-04-15,28.334552764892578,27.03072738647461,28.287311553955078,27.4180965423584,2234400.0,21.041641235351562
2009-04-16,27.77712059020996,25.717456817626953,27.77712059020996,26.643360137939453,5323700.0,20.44707679748535
2009-04-17,27.805463790893555,26.17095947265625,26.671703338623047,27.191343307495117,3070200.0,20.867616653442383
2009-04-20,27.011831283569336,25.849727630615234,27.011831283569336,26.265439987182617,2086500.0,20.15705108642578
2009-04-21,27.21023941040039,26.189855575561523,26.39771270751953,27.096864700317383,1401500.0,20.79511260986328
2009-04-22,28.202280044555664,26.926799774169922,27.26692771911621,27.465335845947266,1952600.0,21.077892303466797
2009-04-23,28.18338394165039,26.86066436767578,27.682640075683594,27.54092025756836,1537300.0,21.135896682739258
2009-04-24,28.40068817138672,27.3708553314209,27.701536178588867,28.334552764892578,1516100.0,21.744958877563477
2009-04-27,28.41013526916504,27.692087173461914,27.871599197387695,27.83380889892578,1867200.0,21.360675811767578
2009-04-28,28.136144638061523,27.408647537231445,27.739328384399414,27.984975814819336,1481500.0,21.4766845703125
2009-04-29,28.778608322143555,27.814912796020508,27.814912796020508,28.70302391052246,2938500.0,22.027740478515625
2009-04-30,29.515552520751953,28.674680709838867,28.948671340942383,28.891984939575195,1826500.0,22.172754287719727
2009-05-01,29.543895721435547,28.381792068481445,28.92032814025879,29.44941520690918,1209100.0,22.600547790527344
2009-05-04,30.224151611328125,29.68561553955078,29.817888259887695,30.101327896118164,1661000.0,23.10084342956543
2009-05-05,30.441455841064453,29.83678436279297,30.167463302612305,30.403663635253906,1885600.0,23.33287239074707
2009-05-06,29.96905517578125,27.361408233642578,29.024255752563477,27.966079711914062,5616300.0,21.462181091308594
2009-05-07,28.438480377197266,26.851215362548828,28.107799530029297,27.002384185791016,2878100.0,20.722612380981445
2009-05-08,27.446439743041992,26.775632858276367,27.163000106811523,27.285823822021484,2691200.0,20.940120697021484
2009-05-11,29.06999969482422,27.809999465942383,28.100000381469727,28.610000610351562,2024200.0,21.95634651184082
2009-05-12,29.489999771118164,28.31999969482422,28.68000030517578,29.270000457763672,2476300.0,22.462858200073242
2009-05-13,29.170000076293945,28.6200008392334,28.790000915527344,28.850000381469727,1715300.0,22.140533447265625
2009-05-14,29.299999237060547,28.59000015258789,28.729999542236328,29.170000076293945,1781700.0,22.386110305786133
2009-05-15,30.270000457763672,29.040000915527344,29.190000534057617,29.68000030517578,1669600.0,22.777502059936523
2009-05-18,30.399999618530273,29.510000228881836,29.6200008392334,30.270000457763672,1723900.0,23.23029136657715
2009-05-19,31.34000015258789,30.360000610351562,30.360000610351562,31.049999237060547,1705000.0,23.828899383544922
2009-05-20,31.34000015258789,30.56999969482422,31.209999084472656,30.670000076293945,2266800.0,23.537269592285156
2009-05-21,30.559999465942383,30.0,30.239999771118164,30.3700008392334,1236200.0,23.307029724121094
2009-05-22,30.540000915527344,30.049999237060547,30.360000610351562,30.229999542236328,698600.0,23.19959831237793
2009-05-26,31.770000457763672,30.030000686645508,30.030000686645508,31.600000381469727,1494500.0,24.250980377197266
2009-05-27,31.81999969482422,30.770000457763672,31.549999237060547,30.790000915527344,1227700.0,23.629364013671875
2009-05-28,31.469999313354492,30.469999313354492,31.010000228881836,31.0,1240800.0,23.94606590270996
2009-05-29,31.34000015258789,30.540000915527344,31.010000228881836,31.079999923706055,1308600.0,24.007858276367188
2009-06-01,32.0,31.06999969482422,31.360000610351562,31.15999984741211,2061200.0,24.06965446472168
2009-06-02,31.40999984741211,30.829999923706055,30.8799991607666,31.0,1993000.0,23.94606590270996
2009-06-03,31.5,30.290000915527344,30.969999313354492,30.34000015258789,1578100.0,23.436246871948242
2009-06-04,31.030000686645508,30.440000534057617,30.440000534057617,30.959999084472656,1593700.0,23.915159225463867
2009-06-05,31.670000076293945,30.719999313354492,31.670000076293945,30.979999542236328,889600.0,23.93060874938965
2009-06-08,31.290000915527344,30.290000915527344,31.290000915527344,30.520000457763672,1173500.0,23.575294494628906
2009-06-09,30.90999984741211,30.1200008392334,30.68000030517578,30.34000015258789,1428800.0,23.436246871948242
2009-06-10,30.59000015258789,29.549999237060547,30.459999084472656,29.799999237060547,1337400.0,23.019119262695312
2009-06-11,30.440000534057617,29.850000381469727,29.860000610351562,29.950000762939453,1236100.0,23.13498878479004
2009-06-12,30.290000915527344,29.510000228881836,29.899999618530273,30.270000457763672,1031600.0,23.382171630859375
2009-06-15,30.1299991607666,28.670000076293945,30.1299991607666,29.389999389648438,1538200.0,22.702411651611328
2009-06-16,29.65999984741211,28.8799991607666,29.6200008392334,29.049999237060547,1058900.0,22.439777374267578
2009-06-17,29.540000915527344,28.979999542236328,29.09000015258789,29.270000457763672,945700.0,22.60972023010254
2009-06-18,29.43000030517578,28.75,28.75,29.020000457763672,916300.0,22.41660499572754
2009-06-19,29.34000015258789,28.260000228881836,29.309999465942383,28.809999465942383,2139200.0,22.254390716552734
2009-06-22,28.670000076293945,27.899999618530273,28.510000228881836,27.950000762939453,1235000.0,21.590084075927734
2009-06-23,28.229999542236328,27.600000381469727,28.040000915527344,27.850000381469727,1302100.0,21.512840270996094
2009-06-24,28.3700008392334,27.75,27.989999771118164,27.950000762939453,801800.0,21.590084075927734
2009-06-25,28.440000534057617,27.65999984741211,27.889999389648438,28.360000610351562,1178800.0,21.90679168701172
2009-06-26,28.600000381469727,27.979999542236328,28.280000686645508,28.350000381469727,1268400.0,21.899057388305664
2009-06-29,28.670000076293945,28.110000610351562,28.3799991607666,28.520000457763672,1020100.0,22.030384063720703
2009-06-30,28.75,28.270000457763672,28.540000915527344,28.360000610351562,1212400.0,21.90679168701172
2009-07-01,29.5,28.59000015258789,28.75,29.25,1240900.0,22.594268798828125
2009-07-02,29.209999084472656,28.549999237060547,29.09000015258789,28.59000015258789,870700.0,22.08445167541504
2009-07-06,28.6299991607666,28.0,28.549999237060547,28.280000686645508,852300.0,21.844989776611328
2009-07-07,28.43000030517578,27.420000076293945,28.219999313354492,27.510000228881836,975100.0,21.250202178955078
2009-07-08,27.920000076293945,27.049999237060547,27.5,27.540000915527344,966400.0,21.273380279541016
2009-07-09,27.899999618530273,27.450000762939453,27.709999084472656,27.6299991607666,1061400.0,21.342891693115234
2009-07-10,27.690000534057617,27.110000610351562,27.56999969482422,27.59000015258789,1059800.0,21.311992645263672
2009-07-13,27.860000610351562,26.110000610351562,26.3799991607666,27.770000457763672,1620600.0,21.451038360595703
2009-07-14,28.579999923706055,27.719999313354492,27.739999771118164,28.579999923706055,1462600.0,22.07672119140625
2009-07-15,29.600000381469727,28.540000915527344,28.75,29.549999237060547,1238000.0,22.826011657714844
2009-07-16,30.139999389648438,29.040000915527344,29.600000381469727,30.020000457763672,1040000.0,23.18906021118164
2009-07-17,30.68000030517578,29.649999618530273,29.81999969482422,30.09000015258789,693500.0,23.243127822875977
2009-07-20,30.510000228881836,30.110000610351562,30.200000762939453,30.469999313354492,583300.0,23.536664962768555
2009-07-21,31.110000610351562,30.31999969482422,30.739999771118164,31.100000381469727,1221600.0,24.0233097076416
2009-07-22,31.219999313354492,30.68000030517578,30.81999969482422,31.059999465942383,707700.0,23.992408752441406
2009-07-23,31.90999984741211,30.850000381469727,30.950000762939453,31.559999465942383,928600.0,24.37863540649414
2009-07-24,31.5,30.969999313354492,31.31999969482422,31.450000762939453,647900.0,24.293670654296875
2009-07-27,31.6299991607666,30.959999084472656,31.389999389648438,31.479999542236328,573300.0,24.31684112548828
2009-07-28,31.790000915527344,31.149999618530273,31.229999542236328,31.670000076293945,617200.0,24.463607788085938
2009-07-29,31.68000030517578,31.1299991607666,31.559999465942383,31.610000610351562,451900.0,24.417264938354492
2009-07-30,32.189998626708984,31.56999969482422,31.93000030517578,31.65999984741211,521600.0,24.455881118774414
2009-07-31,31.790000915527344,31.290000915527344,31.6299991607666,31.309999465942383,767100.0,24.18552017211914
2009-08-03,31.75,30.809999465942383,31.5,30.920000076293945,1071600.0,23.88426399230957
2009-08-04,31.3799991607666,30.75,30.829999923706055,31.3799991607666,1026100.0,24.23959732055664
2009-08-05,31.770000457763672,30.709999084472656,31.56999969482422,30.81999969482422,748000.0,23.80702781677246
2009-08-06,31.059999465942383,30.469999313354492,30.90999984741211,30.780000686645508,833800.0,23.776123046875
2009-08-07,31.3700008392334,30.899999618530273,31.049999237060547,31.360000610351562,731100.0,24.224149703979492
2009-08-10,32.0099983215332,31.25,31.31999969482422,32.0,929000.0,24.718521118164062
2009-08-11,31.809999465942383,29.489999771118164,31.809999465942383,29.489999771118164,2338400.0,22.7796573638916
2009-08-12,30.56999969482422,29.3799991607666,29.540000915527344,30.489999771118164,2124900.0,23.5521183013916
2009-08-13,37.2400016784668,33.869998931884766,35.709999084472656,34.189998626708984,6376700.0,26.410186767578125
2009-08-14,34.16999816894531,33.0,34.16999816894531,33.380001068115234,1476000.0,25.78450584411621
2009-08-17,32.79999923706055,32.13999938964844,32.38999938964844,32.61000061035156,1139400.0,25.189712524414062
2009-08-18,33.93000030517578,32.45000076293945,32.4900016784668,33.869998931884766,1647300.0,26.16300392150879
2009-08-19,34.560001373291016,33.36000061035156,33.43000030517578,34.2599983215332,2236000.0,26.464258193969727
2009-08-20,34.65999984741211,34.09000015258789,34.47999954223633,34.529998779296875,1356400.0,26.672826766967773
2009-08-21,35.369998931884766,34.380001068115234,34.66999816894531,35.22999954223633,1607700.0,27.213544845581055
2009-08-24,35.470001220703125,35.0,35.31999969482422,35.290000915527344,991600.0,27.259889602661133
2009-08-25,35.560001373291016,34.849998474121094,35.47999954223633,35.220001220703125,881700.0,27.20582389831543
2009-08-26,35.5,34.720001220703125,34.869998931884766,35.2400016784668,718100.0,27.221269607543945
2009-08-27,35.150001525878906,34.529998779296875,35.02000045776367,35.02000045776367,795600.0,27.051334381103516
2009-08-28,35.70000076293945,34.849998474121094,35.4900016784668,35.040000915527344,858700.0,27.0667724609375
2009-08-31,35.20000076293945,34.45000076293945,34.900001525878906,34.72999954223633,982500.0,26.827314376831055
2009-09-01,35.2400016784668,33.75,34.79999923706055,33.77000045776367,1034600.0,26.085758209228516
2009-09-02,33.95000076293945,33.470001220703125,33.63999938964844,33.70000076293945,1154500.0,26.031686782836914
2009-09-03,35.45000076293945,33.439998626708984,33.81999969482422,34.599998474121094,2805300.0,26.726892471313477
2009-09-04,35.060001373291016,34.2599983215332,34.56999969482422,34.9900016784668,1013900.0,27.20111846923828
2009-09-08,35.720001220703125,35.0099983215332,35.18000030517578,35.43000030517578,1318300.0,27.543167114257812
2009-09-09,36.119998931884766,35.189998626708984,35.41999816894531,35.84000015258789,1220900.0,27.861894607543945
2009-09-10,36.7400016784668,35.63999938964844,35.75,36.619998931884766,995900.0,28.4682674407959
2009-09-11,36.75,36.08000183105469,36.63999938964844,36.470001220703125,857200.0,28.351667404174805
2009-09-14,36.560001373291016,36.15999984741211,36.41999816894531,36.31999969482422,849900.0,28.23505401611328
2009-09-15,36.47999954223633,35.93000030517578,36.18000030517578,36.459999084472656,979300.0,28.343881607055664
2009-09-16,36.65999984741211,36.0,36.369998931884766,36.61000061035156,718500.0,28.460487365722656
2009-09-17,36.61000061035156,36.029998779296875,36.43000030517578,36.369998931884766,1177500.0,28.273910522460938
2009-09-18,36.86000061035156,36.29999923706055,36.619998931884766,36.56999969482422,1652400.0,28.429401397705078
2009-09-21,37.68000030517578,36.310001373291016,36.5099983215332,37.540000915527344,1556900.0,29.183473587036133
2009-09-22,37.7400016784668,37.33000183105469,37.7400016784668,37.560001373291016,1610700.0,29.19902229309082
2009-09-23,39.41999816894531,37.45000076293945,37.77000045776367,38.310001373291016,3030600.0,29.78206443786621
2009-09-24,38.31999969482422,36.90999984741211,38.31999969482422,37.20000076293945,1152400.0,28.919166564941406
2009-09-25,37.470001220703125,36.689998626708984,36.95000076293945,37.209999084472656,1056500.0,28.92692756652832
2009-09-28,38.16999816894531,37.34000015258789,37.34000015258789,37.560001373291016,863400.0,29.19902229309082
2009-09-29,38.0,37.22999954223633,37.75,37.70000076293945,964900.0,29.307849884033203
2009-09-30,37.90999984741211,36.90999984741211,37.70000076293945,37.599998474121094,1014000.0,29.230113983154297
2009-10-01,37.400001525878906,35.9900016784668,37.380001068115234,36.13999938964844,2464600.0,28.095115661621094
2009-10-02,36.43000030517578,35.650001525878906,35.9900016784668,36.0,1177200.0,27.986284255981445
2009-10-05,36.93000030517578,35.880001068115234,36.099998474121094,36.93000030517578,1211300.0,28.70925521850586
2009-10-06,37.630001068115234,37.130001068115234,37.209999084472656,37.31999969482422,998400.0,29.012451171875
2009-10-07,37.619998931884766,36.93000030517578,37.380001068115234,37.119998931884766,1123200.0,28.856966018676758
2009-10-08,37.77000045776367,37.02000045776367,37.119998931884766,37.599998474121094,767700.0,29.230113983154297
2009-10-09,38.150001525878906,37.58000183105469,37.58000183105469,38.150001525878906,632900.0,29.65768814086914
2009-10-12,38.7599983215332,37.459999084472656,38.54999923706055,37.72999954223633,985900.0,29.331165313720703
2009-10-13,37.72999954223633,37.13999938964844,37.72999954223633,37.41999816894531,708300.0,29.090181350708008
2009-10-14,38.0,37.2599983215332,37.9900016784668,37.34000015258789,1126000.0,29.027996063232422
2009-10-15,37.310001373291016,36.91999816894531,37.06999969482422,37.220001220703125,954800.0,28.934701919555664
2009-10-16,39.93000030517578,37.220001220703125,37.220001220703125,39.880001068115234,3492800.0,31.00257682800293
2009-10-19,40.47999954223633,39.369998931884766,40.060001373291016,40.18000030517578,2596000.0,31.23578643798828
2009-10-20,40.81999969482422,39.63999938964844,40.40999984741211,40.18000030517578,1568200.0,31.23578643798828
2009-10-21,40.63999938964844,39.88999938964844,40.04999923706055,40.0099983215332,1291000.0,31.103628158569336
2009-10-22,40.43000030517578,39.58000183105469,39.849998474121094,40.380001068115234,1267400.0,31.391271591186523
2009-10-23,40.81999969482422,39.349998474121094,40.81999969482422,39.45000076293945,1293500.0,30.668298721313477
2009-10-26,40.2599983215332,38.939998626708984,39.43000030517578,38.959999084472656,1701200.0,30.287368774414062
2009-10-27,39.22999954223633,37.439998626708984,38.970001220703125,37.939998626708984,2592300.0,29.494422912597656
2009-10-28,43.0,40.400001525878906,41.4900016784668,41.65999984741211,5763900.0,32.38633728027344
2009-10-29,42.40999984741211,41.599998474121094,41.810001373291016,42.2400016784668,1581500.0,32.83723831176758
2009-10-30,42.54999923706055,40.970001220703125,42.06999969482422,41.720001220703125,2167500.0,32.43299102783203
2009-11-02,43.08000183105469,41.59000015258789,41.86000061035156,42.59000015258789,1646500.0,33.10933303833008
2009-11-03,43.22999954223633,42.08000183105469,42.66999816894531,43.099998474121094,1432500.0,33.50579833984375
2009-11-04,43.83000183105469,43.099998474121094,43.34000015258789,43.2599983215332,1249100.0,33.630184173583984
2009-11-05,44.630001068115234,43.59000015258789,43.97999954223633,44.22999954223633,1533900.0,34.38425064086914
2009-11-06,44.83000183105469,43.869998931884766,44.290000915527344,44.400001525878906,1105900.0,34.51640319824219
2009-11-09,45.40999984741211,44.4900016784668,44.65999984741211,45.369998931884766,1141700.0,35.27048873901367
2009-11-10,45.22999954223633,44.060001373291016,45.189998626708984,44.349998474121094,1649300.0,34.477535247802734
2009-11-11,45.15999984741211,44.349998474121094,44.790000915527344,44.79999923706055,888000.0,34.827369689941406
2009-11-12,45.189998626708984,44.369998931884766,44.81999969482422,44.38999938964844,799000.0,34.508636474609375
2009-11-13,44.779998779296875,44.150001525878906,44.540000915527344,44.43000030517578,763600.0,34.539737701416016
2009-11-16,45.099998474121094,44.56999969482422,44.56999969482422,44.97999954223633,820300.0,34.96731185913086
2009-11-17,45.150001525878906,44.56999969482422,44.81999969482422,45.119998931884766,629200.0,35.076133728027344
2009-11-18,44.959999084472656,44.20000076293945,44.84000015258789,44.54999923706055,589600.0,34.802711486816406
2009-11-19,44.209999084472656,43.119998931884766,44.209999084472656,43.349998474121094,1182600.0,33.86527633666992
2009-11-20,43.2599983215332,42.720001220703125,43.04999923706055,43.06999969482422,772000.0,33.64652633666992
2009-11-23,44.27000045776367,43.25,43.529998779296875,43.59000015258789,530200.0,34.05276107788086
2009-11-24,44.33000183105469,43.189998626708984,43.4900016784668,44.25,723800.0,34.568363189697266
2009-11-25,44.84000015258789,43.810001373291016,44.380001068115234,44.75,649200.0,34.958961486816406
2009-11-27,44.29999923706055,43.47999954223633,43.630001068115234,43.84000015258789,367200.0,34.2480583190918
2009-11-30,44.029998779296875,43.22999954223633,43.88999938964844,43.900001525878906,1055500.0,34.2949333190918
2009-12-01,45.27000045776367,43.779998779296875,44.119998931884766,45.20000076293945,1321600.0,35.31049728393555
2009-12-02,45.77000045776367,45.040000915527344,45.40999984741211,45.09000015258789,974800.0,35.22455596923828
2009-12-03,45.56999969482422,44.86000061035156,45.27000045776367,44.959999084472656,766100.0,35.123008728027344
2009-12-04,46.060001373291016,44.849998474121094,45.5,45.75,747100.0,35.740169525146484
2009-12-07,46.20000076293945,45.65999984741211,45.83000183105469,45.869998931884766,485200.0,35.83390426635742
2009-12-08,45.95000076293945,45.209999084472656,45.83000183105469,45.41999816894531,682800.0,35.482364654541016
2009-12-09,45.59000015258789,44.540000915527344,45.529998779296875,45.06999969482422,790300.0,35.20894241333008
2009-12-10,46.06999969482422,45.2599983215332,45.349998474121094,45.88999938964844,562500.0,35.84953308105469
2009-12-11,46.029998779296875,45.27000045776367,45.869998931884766,45.439998626708984,565500.0,35.49797439575195
2009-12-14,45.83000183105469,45.380001068115234,45.61000061035156,45.400001525878906,657500.0,35.46673583984375
2009-12-15,45.40999984741211,44.86000061035156,45.40999984741211,44.93000030517578,601800.0,35.09956359863281
2009-12-16,45.81999969482422,44.0099983215332,44.70000076293945,45.56999969482422,643200.0,35.59954833984375
2009-12-17,45.40999984741211,44.66999816894531,45.40999984741211,44.970001220703125,569900.0,35.13082504272461
2009-12-18,45.540000915527344,44.4900016784668,45.06999969482422,45.060001373291016,905200.0,35.20112228393555
2009-12-21,45.959999084472656,45.0,45.040000915527344,45.709999084472656,491500.0,35.70890426635742
2009-12-22,46.599998474121094,45.560001373291016,45.560001373291016,46.470001220703125,446300.0,36.3026237487793
2009-12-23,47.560001373291016,46.52000045776367,46.52000045776367,47.11000061035156,898700.0,36.80260467529297
2009-12-24,47.5,47.11000061035156,47.11000061035156,47.29999923706055,167300.0,36.95102310180664
2009-12-28,47.560001373291016,47.16999816894531,47.560001373291016,47.47999954223633,415800.0,37.091651916503906
2009-12-29,47.939998626708984,47.349998474121094,47.63999938964844,47.689998626708984,474500.0,37.25571823120117
2009-12-30,47.88999938964844,47.349998474121094,47.400001525878906,47.869998931884766,464900.0,37.39632034301758
2009-12-31,48.25,47.54999923706055,48.040000915527344,47.54999923706055,628300.0,37.14632797241211
2010-01-04,48.7400016784668,47.70000076293945,47.70000076293945,48.33000183105469,654600.0,37.755672454833984
2010-01-05,48.5,47.439998626708984,48.349998474121094,48.0,892100.0,37.49787902832031
2010-01-06,48.7400016784668,47.79999923706055,47.81999969482422,48.4900016784668,776300.0,37.88067626953125
2010-01-07,48.77000045776367,47.93000030517578,48.29999923706055,48.630001068115234,814200.0,37.99003601074219
2010-01-08,48.79999923706055,48.25,48.779998779296875,48.689998626708984,529700.0,38.03689956665039
2010-01-11,49.310001373291016,48.56999969482422,48.70000076293945,49.2599983215332,587400.0,38.48219680786133
2010-01-12,49.0099983215332,47.279998779296875,48.91999816894531,47.38999938964844,963900.0,37.021339416503906
2010-01-13,49.11000061035156,47.540000915527344,47.66999816894531,49.02000045776367,900900.0,38.294700622558594
2010-01-14,49.04999923706055,48.31999969482422,48.9900016784668,48.95000076293945,479000.0,38.24003219604492
2010-01-15,48.970001220703125,47.65999984741211,48.93000030517578,48.0,660900.0,37.49787902832031
2010-01-19,49.66999816894531,48.0,48.0,48.7599983215332,1297300.0,38.09160614013672
2010-01-20,48.83000183105469,47.72999954223633,48.470001220703125,48.43000030517578,655400.0,37.83379364013672
2010-01-21,48.790000915527344,47.189998626708984,48.36000061035156,47.2400016784668,559000.0,36.9041633605957
2010-01-22,47.16999816894531,45.709999084472656,47.029998779296875,45.779998779296875,789800.0,35.76359939575195
2010-01-25,46.470001220703125,45.810001373291016,45.970001220703125,46.189998626708984,685400.0,36.08389663696289
2010-01-26,46.06999969482422,44.959999084472656,46.060001373291016,45.63999938964844,654900.0,35.65424346923828
2010-01-27,46.81999969482422,44.75,45.5,46.79999923706055,1408700.0,36.560428619384766
2010-01-28,48.09000015258789,43.040000915527344,48.09000015258789,44.34000015258789,3535900.0,34.63866424560547
2010-01-29,44.720001220703125,42.66999816894531,44.540000915527344,42.91999816894531,1674200.0,33.52933120727539
2010-02-01,45.119998931884766,42.84000015258789,43.0,44.7400016784668,1358800.0,34.95114517211914
2010-02-02,45.45000076293945,44.38999938964844,44.709999084472656,45.29999923706055,1164400.0,35.38862228393555
2010-02-03,45.52000045776367,44.5099983215332,45.060001373291016,44.779998779296875,965700.0,34.98238754272461
2010-02-04,44.79999923706055,44.22999954223633,44.459999084472656,44.349998474121094,1166200.0,34.646484375
2010-02-05,44.869998931884766,43.790000915527344,44.08000183105469,44.72999954223633,1017000.0,34.94333267211914
2010-02-08,44.91999816894531,44.18000030517578,44.81999969482422,44.25,848700.0,34.568363189697266
2010-02-09,45.119998931884766,44.040000915527344,44.58000183105469,44.75,600800.0,34.958961486816406
2010-02-10,44.7599983215332,43.93000030517578,44.7599983215332,44.40999984741211,581200.0,34.69335174560547
2010-02-11,45.13999938964844,43.900001525878906,44.36000061035156,45.029998779296875,596200.0,35.177696228027344
2010-02-12,45.20000076293945,43.84000015258789,44.33000183105469,44.97999954223633,945200.0,35.138641357421875
2010-02-16,45.63999938964844,45.09000015258789,45.189998626708984,45.59000015258789,382600.0,35.615169525146484
2010-02-17,46.150001525878906,45.529998779296875,45.63999938964844,46.02000045776367,510100.0,35.95109176635742
2010-02-18,46.970001220703125,45.869998931884766,46.029998779296875,46.880001068115234,543800.0,36.622928619384766
2010-02-19,47.38999938964844,46.290000915527344,46.810001373291016,47.22999954223633,661900.0,36.89634704589844
2010-02-22,47.38999938964844,46.779998779296875,47.34000015258789,47.04999923706055,536400.0,36.755741119384766
2010-02-23,47.31999969482422,46.40999984741211,47.0099983215332,46.540000915527344,464800.0,36.35731506347656
2010-02-24,46.939998626708984,45.619998931884766,46.779998779296875,46.09000015258789,1137400.0,36.00577926635742
2010-02-25,46.459999084472656,44.470001220703125,45.58000183105469,45.31999969482422,1371200.0,35.40424346923828
2010-02-26,45.61000061035156,44.880001068115234,45.560001373291016,45.220001220703125,764100.0,35.32612991333008
2010-03-01,45.529998779296875,44.599998474121094,45.4900016784668,45.08000183105469,1335700.0,35.21675491333008
2010-03-02,45.5,45.02000045776367,45.20000076293945,45.43000030517578,1762200.0,35.49017333984375
2010-03-03,47.18000030517578,45.20000076293945,45.43000030517578,46.81999969482422,1293200.0,36.576053619384766
2010-03-04,46.91999816894531,45.90999984741211,46.91999816894531,46.27000045776367,810800.0,36.317039489746094
2010-03-05,46.619998931884766,46.20000076293945,46.43000030517578,46.349998474121094,724200.0,36.379825592041016
2010-03-08,46.7400016784668,46.099998474121094,46.599998474121094,46.2400016784668,716100.0,36.29350662231445
2010-03-09,46.470001220703125,45.880001068115234,46.150001525878906,46.099998474121094,949700.0,36.18360137939453
2010-03-10,46.4900016784668,45.90999984741211,46.220001220703125,46.38999938964844,677600.0,36.411231994628906
2010-03-11,46.810001373291016,46.04999923706055,46.41999816894531,46.75,573300.0,36.693782806396484
2010-03-12,46.77000045776367,45.040000915527344,46.7599983215332,45.119998931884766,1182100.0,35.41440963745117
2010-03-15,45.47999954223633,44.93000030517578,45.099998474121094,45.41999816894531,874400.0,35.64987564086914
2010-03-16,46.0,45.279998779296875,45.630001068115234,45.939998626708984,706000.0,36.05802536010742
2010-03-17,46.79999923706055,45.91999816894531,46.16999816894531,46.54999923706055,744300.0,36.53681182861328
2010-03-18,47.36000061035156,46.689998626708984,46.689998626708984,47.2599983215332,828700.0,37.09407424926758
2010-03-19,47.43000030517578,45.75,46.04999923706055,46.04999923706055,1150100.0,36.14435958862305
2010-03-22,47.209999084472656,45.7400016784668,45.77000045776367,46.97999954223633,690300.0,36.87432098388672
2010-03-23,47.689998626708984,46.970001220703125,47.09000015258789,47.529998779296875,838200.0,37.305999755859375
2010-03-24,47.400001525878906,46.310001373291016,47.400001525878906,46.59000015258789,722900.0,36.56820297241211
2010-03-25,47.150001525878906,46.119998931884766,46.91999816894531,46.130001068115234,693900.0,36.207149505615234
2010-03-26,46.599998474121094,46.04999923706055,46.209999084472656,46.20000076293945,522700.0,36.26210021972656
2010-03-29,46.86000061035156,46.25,46.459999084472656,46.849998474121094,779600.0,36.77225875854492
2010-03-30,47.470001220703125,46.7400016784668,47.040000915527344,47.41999816894531,717800.0,37.21965789794922
2010-03-31,47.650001525878906,46.93000030517578,47.34000015258789,47.4900016784668,828900.0,37.27462387084961
2010-04-01,48.0,47.5099983215332,47.66999816894531,47.84000015258789,677800.0,37.54933547973633
2010-04-05,48.63999938964844,47.68000030517578,47.84000015258789,48.59000015258789,697200.0,38.13800048828125
2010-04-06,48.70000076293945,47.560001373291016,48.209999084472656,48.70000076293945,884600.0,38.22433090209961
2010-04-07,48.900001525878906,48.040000915527344,48.4900016784668,48.45000076293945,731700.0,38.02812576293945
2010-04-08,48.470001220703125,47.709999084472656,48.130001068115234,48.43000030517578,494300.0,38.01240921020508
2010-04-09,48.880001068115234,48.25,48.439998626708984,48.880001068115234,343200.0,38.3656120300293
2010-04-12,49.79999923706055,48.68000030517578,48.939998626708984,49.43000030517578,782400.0,38.79730224609375
2010-04-13,49.5099983215332,48.939998626708984,49.15999984741211,49.150001525878906,727900.0,38.57752990722656
2010-04-14,49.869998931884766,49.2400016784668,49.34000015258789,49.869998931884766,573300.0,39.14265060424805
2010-04-15,50.11000061035156,49.5,49.90999984741211,49.84000015258789,756900.0,39.11909866333008
2010-04-16,50.189998626708984,49.029998779296875,49.779998779296875,49.2599983215332,737200.0,38.66388702392578
2010-04-19,49.7599983215332,48.939998626708984,49.25,49.54999923706055,800200.0,38.89148712158203
2010-04-20,50.060001373291016,49.25,50.060001373291016,49.68000030517578,736100.0,38.99352264404297
2010-04-21,50.709999084472656,49.619998931884766,49.959999084472656,50.65999984741211,1110300.0,39.762733459472656
2010-04-22,50.61000061035156,49.58000183105469,50.15999984741211,50.529998779296875,721900.0,39.66069793701172
2010-04-23,50.459999084472656,49.709999084472656,50.45000076293945,50.29999923706055,609900.0,39.48017120361328
2010-04-26,50.720001220703125,49.90999984741211,50.310001373291016,50.41999816894531,889000.0,39.5743522644043
2010-04-27,50.369998931884766,48.66999816894531,50.0,48.849998474121094,1362400.0,38.34207534790039
2010-04-28,50.02000045776367,48.83000183105469,49.18000030517578,49.790000915527344,1119000.0,39.079864501953125
2010-04-29,54.5,50.290000915527344,50.41999816894531,54.40999984741211,3331500.0,42.70606994628906
2010-04-30,54.209999084472656,51.41999816894531,54.209999084472656,51.47999954223633,1485300.0,40.406333923339844
2010-05-03,52.099998474121094,51.33000183105469,51.5,52.029998779296875,1168300.0,40.83802795410156
2010-05-04,51.220001220703125,49.4900016784668,51.220001220703125,49.970001220703125,1364300.0,39.22115707397461
2010-05-05,50.16999816894531,49.099998474121094,49.099998474121094,49.88999938964844,1272700.0,39.15835189819336
2010-05-06,50.20000076293945,45.900001525878906,49.72999954223633,48.18000030517578,1950400.0,37.816192626953125
2010-05-07,48.5,46.470001220703125,47.900001525878906,46.79999923706055,1471900.0,36.73302459716797
2010-05-10,49.880001068115234,48.47999954223633,48.47999954223633,49.720001220703125,1206600.0,39.02493667602539
2010-05-11,50.439998626708984,48.86000061035156,49.15999984741211,49.630001068115234,783500.0,38.954280853271484
2010-05-12,50.5,49.709999084472656,49.709999084472656,50.2400016784668,822100.0,39.433074951171875
2010-05-13,50.4900016784668,49.11000061035156,49.97999954223633,49.189998626708984,1219900.0,38.608943939208984
2010-05-14,49.209999084472656,47.599998474121094,48.86000061035156,48.119998931884766,1263500.0,37.76909255981445
2010-05-17,49.209999084472656,47.709999084472656,48.189998626708984,49.099998474121094,1187500.0,38.53828430175781
2010-05-18,49.790000915527344,48.38999938964844,49.599998474121094,48.52000045776367,1135300.0,38.08306884765625
2010-05-19,48.68000030517578,47.18000030517578,48.439998626708984,47.869998931884766,1181800.0,37.5728759765625
2010-05-20,47.06999969482422,45.63999938964844,46.869998931884766,45.779998779296875,1446600.0,35.93244171142578
2010-05-21,47.650001525878906,44.52000045776367,44.689998626708984,46.18000030517578,4181900.0,36.246395111083984
2010-05-24,46.65999984741211,45.380001068115234,46.650001525878906,45.45000076293945,1758100.0,35.67343521118164
2010-05-25,46.34000015258789,44.34000015258789,44.38999938964844,46.06999969482422,2630700.0,36.160064697265625
2010-05-26,48.0099983215332,45.66999816894531,46.45000076293945,45.84000015258789,2504500.0,35.97952651977539
2010-05-27,47.65999984741211,45.900001525878906,45.900001525878906,47.65999984741211,1828600.0,37.588443756103516
2010-05-28,47.79999923706055,46.56999969482422,47.77000045776367,46.90999984741211,1071000.0,36.99692916870117
2010-06-01,47.04999923706055,45.25,46.54999923706055,45.34000015258789,1481500.0,35.75871276855469
2010-06-02,47.790000915527344,45.689998626708984,45.689998626708984,47.779998779296875,1474300.0,37.68307876586914
2010-06-03,47.95000076293945,47.099998474121094,47.38999938964844,47.75,1197100.0,37.659423828125
2010-06-04,47.27000045776367,45.380001068115234,46.75,45.58000183105469,1187900.0,35.947998046875
2010-06-07,46.18000030517578,44.599998474121094,45.81999969482422,44.65999984741211,1311400.0,35.222415924072266
2010-06-08,45.08000183105469,43.959999084472656,44.720001220703125,44.88999938964844,1254900.0,35.40380859375
2010-06-09,46.15999984741211,44.4900016784668,45.349998474121094,44.70000076293945,1282000.0,35.25394058227539
2010-06-10,46.41999816894531,45.33000183105469,45.630001068115234,46.33000183105469,975600.0,36.53950119018555
2010-06-11,46.630001068115234,45.599998474121094,45.63999938964844,46.560001373291016,827800.0,36.72090148925781
2010-06-14,47.41999816894531,46.33000183105469,47.130001068115234,46.400001525878906,760100.0,36.59470748901367
2010-06-15,48.2599983215332,46.810001373291016,46.95000076293945,48.189998626708984,1235800.0,38.006431579589844
2010-06-16,48.33000183105469,47.619998931884766,48.029998779296875,48.13999938964844,895100.0,37.967002868652344
2010-06-17,48.369998931884766,47.689998626708984,48.150001525878906,48.290000915527344,1049400.0,38.08530807495117
2010-06-18,48.709999084472656,48.220001220703125,48.349998474121094,48.4900016784668,920100.0,38.243045806884766
2010-06-21,49.209999084472656,47.5,49.040000915527344,47.849998474121094,769300.0,37.738285064697266
2010-06-22,48.560001373291016,47.04999923706055,48.04999923706055,47.130001068115234,912400.0,37.17043685913086
2010-06-23,47.77000045776367,46.650001525878906,47.220001220703125,47.13999938964844,1088200.0,37.178321838378906
2010-06-24,46.970001220703125,45.689998626708984,46.83000183105469,45.790000915527344,1422300.0,36.11360168457031
2010-06-25,46.0,44.65999984741211,46.0,44.779998779296875,2355600.0,35.31705093383789
2010-06-28,45.31999969482422,44.279998779296875,44.970001220703125,45.02000045776367,1576100.0,35.50632858276367
2010-06-29,44.209999084472656,42.72999954223633,44.209999084472656,42.900001525878906,2363000.0,33.83433532714844
2010-06-30,43.0,41.459999084472656,42.88999938964844,41.650001525878906,2199700.0,32.848480224609375
2010-07-01,41.689998626708984,40.2400016784668,41.54999923706055,41.09000015258789,1455300.0,32.40681838989258
2010-07-02,41.54999923706055,40.83000183105469,41.25,41.18000030517578,1253500.0,32.4777946472168
2010-07-06,42.61000061035156,41.150001525878906,41.75,41.54999923706055,1333700.0,32.76960754394531
2010-07-07,42.599998474121094,41.47999954223633,41.66999816894531,42.560001373291016,1304900.0,33.5661735534668
2010-07-08,43.09000015258789,42.40999984741211,42.86000061035156,43.060001373291016,821500.0,33.960514068603516
2010-07-09,43.13999938964844,42.5099983215332,42.84000015258789,42.900001525878906,562400.0,33.83433532714844
2010-07-12,43.099998474121094,42.56999969482422,42.66999816894531,42.91999816894531,523000.0,33.85010528564453
2010-07-13,44.22999954223633,43.310001373291016,43.59000015258789,44.040000915527344,1165800.0,34.73341751098633
2010-07-14,44.84000015258789,43.779998779296875,44.130001068115234,44.72999954223633,1350100.0,35.277618408203125
2010-07-15,44.83000183105469,43.970001220703125,44.70000076293945,44.7400016784668,1090300.0,35.28549575805664
2010-07-16,44.43000030517578,43.13999938964844,44.43000030517578,43.34000015258789,1015200.0,34.18134689331055
2010-07-19,44.11000061035156,43.18000030517578,44.11000061035156,43.599998474121094,890900.0,34.38640594482422
2010-07-20,44.369998931884766,42.7599983215332,43.029998779296875,44.369998931884766,1137600.0,34.99368667602539
2010-07-21,44.88999938964844,43.970001220703125,44.63999938964844,44.11000061035156,1669100.0,34.788631439208984
2010-07-22,46.09000015258789,44.869998931884766,44.869998931884766,45.91999816894531,1321900.0,36.216129302978516
2010-07-23,46.06999969482422,45.09000015258789,45.7599983215332,45.79999923706055,1047400.0,36.12150192260742
2010-07-26,46.25,45.54999923706055,45.810001373291016,46.25,595900.0,36.476409912109375
2010-07-27,46.59000015258789,45.619998931884766,46.56999969482422,45.88999938964844,651800.0,36.19247817993164
2010-07-28,46.040000915527344,45.529998779296875,45.709999084472656,45.68000030517578,657700.0,36.02686309814453
2010-07-29,46.11000061035156,44.7599983215332,45.93000030517578,45.209999084472656,775200.0,35.65617370605469
2010-07-30,45.0099983215332,44.22999954223633,44.369998931884766,44.529998779296875,1366300.0,35.119869232177734
2010-08-02,45.75,45.11000061035156,45.38999938964844,45.599998474121094,769600.0,35.96376419067383
2010-08-03,46.0099983215332,44.7400016784668,45.11000061035156,45.81999969482422,1280300.0,36.13726043701172
2010-08-04,45.81999969482422,44.68000030517578,45.810001373291016,45.459999084472656,1480400.0,35.85335159301758
2010-08-05,45.29999923706055,44.77000045776367,45.16999816894531,45.16999816894531,761500.0,35.6246337890625
2010-08-06,48.95000076293945,45.15999984741211,45.36000061035156,46.880001068115234,2467600.0,36.97327423095703
2010-08-09,47.09000015258789,46.279998779296875,47.09000015258789,46.540000915527344,1040600.0,36.705116271972656
2010-08-10,46.59000015258789,45.5,46.130001068115234,46.290000915527344,1396300.0,36.50794219970703
2010-08-11,45.310001373291016,44.38999938964844,45.310001373291016,44.599998474121094,1103900.0,35.17508316040039
2010-08-12,44.2400016784668,43.61000061035156,44.04999923706055,43.83000183105469,998900.0,34.56779861450195
2010-08-13,44.220001220703125,43.5099983215332,43.58000183105469,43.81999969482422,836900.0,34.55990219116211
2010-08-16,44.16999816894531,43.25,43.61000061035156,43.93000030517578,1115500.0,34.646671295166016
2010-08-17,44.84000015258789,44.130001068115234,44.27000045776367,44.310001373291016,1235300.0,34.94636154174805
2010-08-18,44.31999969482422,43.650001525878906,44.22999954223633,43.79999923706055,1344000.0,34.54413604736328
2010-08-19,43.72999954223633,42.66999816894531,43.5099983215332,42.77000045776367,1393700.0,33.7318000793457
2010-08-20,43.040000915527344,42.0,42.41999816894531,42.7599983215332,1430500.0,33.72392272949219
2010-08-23,43.52000045776367,42.95000076293945,42.95000076293945,42.959999084472656,1167400.0,33.881649017333984
2010-08-24,42.63999938964844,41.689998626708984,42.36000061035156,42.099998474121094,919900.0,33.20338821411133
2010-08-25,42.619998931884766,41.130001068115234,41.689998626708984,42.349998474121094,1221500.0,33.400550842285156
2010-08-26,43.150001525878906,42.04999923706055,42.4900016784668,42.130001068115234,1250300.0,33.227054595947266
2010-08-27,43.02000045776367,41.75,42.439998626708984,42.869998931884766,986800.0,33.810672760009766
2010-08-30,43.290000915527344,42.599998474121094,42.63999938964844,42.61000061035156,920400.0,33.60560989379883
2010-08-31,42.709999084472656,41.880001068115234,42.47999954223633,42.06999969482422,1355900.0,33.17972183227539
2010-09-01,43.68000030517578,42.68000030517578,42.91999816894531,43.16999816894531,826000.0,34.047264099121094
2010-09-02,43.599998474121094,43.11000061035156,43.189998626708984,43.45000076293945,776500.0,34.26810073852539
2010-09-03,43.95000076293945,43.22999954223633,43.84000015258789,43.83000183105469,674700.0,34.76783752441406
2010-09-07,43.650001525878906,42.900001525878906,43.560001373291016,42.959999084472656,693700.0,34.07772445678711
2010-09-08,43.33000183105469,42.869998931884766,43.11000061035156,43.0,785500.0,34.10946273803711
2010-09-09,43.4900016784668,42.66999816894531,43.4900016784668,42.91999816894531,643000.0,34.04599380493164
2010-09-10,43.0,42.380001068115234,42.95000076293945,42.91999816894531,677500.0,34.04599380493164
2010-09-13,43.79999923706055,43.25,43.25,43.61000061035156,526900.0,34.59334182739258
2010-09-14,44.220001220703125,43.209999084472656,43.56999969482422,44.0,693000.0,34.90269088745117
2010-09-15,44.61000061035156,43.619998931884766,43.77000045776367,44.56999969482422,935900.0,35.35484313964844
2010-09-16,44.810001373291016,44.02000045776367,44.38999938964844,44.75,712900.0,35.49762725830078
2010-09-17,45.08000183105469,44.459999084472656,44.970001220703125,44.7400016784668,880800.0,35.48970413208008
2010-09-20,45.689998626708984,44.720001220703125,44.91999816894531,45.619998931884766,554200.0,36.187744140625
2010-09-21,45.66999816894531,44.95000076293945,45.619998931884766,45.2400016784668,657500.0,35.886314392089844
2010-09-22,45.72999954223633,44.72999954223633,45.08000183105469,44.72999954223633,949200.0,35.481773376464844
2010-09-23,44.95000076293945,44.20000076293945,44.4900016784668,44.59000015258789,649200.0,35.37070083618164
2010-09-24,45.439998626708984,45.029998779296875,45.130001068115234,45.369998931884766,738200.0,35.989437103271484
2010-09-27,45.43000030517578,44.5099983215332,45.43000030517578,44.529998779296875,827100.0,35.323116302490234
2010-09-28,45.27000045776367,44.20000076293945,44.83000183105469,45.130001068115234,1699600.0,35.7990608215332
2010-09-29,45.22999954223633,44.54999923706055,45.0,44.779998779296875,1026900.0,35.52142333984375
2010-09-30,45.5,44.04999923706055,45.18000030517578,44.290000915527344,1235300.0,35.13273620605469
2010-10-01,44.869998931884766,44.189998626708984,44.779998779296875,44.70000076293945,1182000.0,35.45796585083008
2010-10-04,44.529998779296875,43.43000030517578,44.529998779296875,43.810001373291016,973800.0,34.75197982788086
2010-10-05,44.91999816894531,43.91999816894531,44.36000061035156,44.810001373291016,1066800.0,35.545223236083984
2010-10-06,45.040000915527344,43.88999938964844,44.59000015258789,44.18000030517578,1317700.0,35.04547882080078
2010-10-07,44.72999954223633,43.7400016784668,44.54999923706055,43.939998626708984,942600.0,34.855106353759766
2010-10-08,44.13999938964844,43.45000076293945,44.029998779296875,43.72999954223633,1012000.0,34.68852615356445
2010-10-11,43.79999923706055,43.31999969482422,43.720001220703125,43.52000045776367,897000.0,34.521949768066406
2010-10-12,43.91999816894531,43.209999084472656,43.45000076293945,43.77000045776367,573200.0,34.72024917602539
2010-10-13,44.470001220703125,43.88999938964844,44.08000183105469,44.2599983215332,773200.0,35.10894775390625
2010-10-14,44.310001373291016,43.689998626708984,44.310001373291016,43.970001220703125,696300.0,34.87889099121094
2010-10-15,44.54999923706055,43.959999084472656,44.22999954223633,44.470001220703125,999900.0,35.2755241394043
2010-10-18,44.58000183105469,44.029998779296875,44.56999969482422,44.11000061035156,825500.0,34.98994827270508
2010-10-19,43.880001068115234,43.02000045776367,43.45000076293945,43.33000183105469,1178500.0,34.371238708496094
2010-10-20,43.959999084472656,43.439998626708984,43.439998626708984,43.5099983215332,1012200.0,34.514007568359375
2010-10-21,44.2599983215332,43.5099983215332,43.83000183105469,43.7599983215332,763700.0,34.712318420410156
2010-10-22,43.95000076293945,43.400001525878906,43.849998474121094,43.79999923706055,709800.0,34.744041442871094
2010-10-25,45.040000915527344,43.91999816894531,44.220001220703125,44.83000183105469,955300.0,35.561100006103516
2010-10-26,46.29999923706055,45.4900016784668,45.4900016784668,45.83000183105469,1880700.0,36.354339599609375
2010-10-27,45.61000061035156,44.7400016784668,45.61000061035156,44.880001068115234,1118800.0,35.600746154785156
2010-10-28,45.65999984741211,45.04999923706055,45.22999954223633,45.529998779296875,1185700.0,36.11635971069336
2010-10-29,45.5,45.040000915527344,45.400001525878906,45.189998626708984,921900.0,35.846656799316406
2010-11-01,45.84000015258789,45.09000015258789,45.2400016784668,45.369998931884766,752200.0,35.989437103271484
2010-11-02,46.0,45.52000045776367,45.83000183105469,45.970001220703125,743300.0,36.46537780761719
2010-11-03,46.15999984741211,45.459999084472656,46.130001068115234,46.09000015258789,627200.0,36.56057357788086
2010-11-04,47.119998931884766,46.34000015258789,46.58000183105469,46.880001068115234,722000.0,37.18724060058594
2010-11-05,47.41999816894531,46.43000030517578,46.84000015258789,47.33000183105469,789800.0,37.5442008972168
2010-11-08,47.130001068115234,46.04999923706055,47.040000915527344,46.130001068115234,939500.0,36.592308044433594
2010-11-09,46.58000183105469,46.0,46.56999969482422,46.220001220703125,889200.0,36.663692474365234
2010-11-10,47.0,45.86000061035156,46.15999984741211,46.75,1079600.0,37.084110260009766
2010-11-11,46.59000015258789,45.95000076293945,46.08000183105469,46.47999954223633,811600.0,36.86994171142578
2010-11-12,46.459999084472656,46.0099983215332,46.13999938964844,46.18000030517578,951900.0,36.6319694519043
2010-11-15,46.369998931884766,45.939998626708984,46.33000183105469,45.97999954223633,885200.0,36.47331237792969
2010-11-16,45.91999816894531,45.349998474121094,45.83000183105469,45.560001373291016,1351800.0,36.14016342163086
2010-11-17,46.18000030517578,45.40999984741211,45.41999816894531,45.959999084472656,1126000.0,36.658607482910156
2010-11-18,46.560001373291016,46.11000061035156,46.40999984741211,46.380001068115234,963700.0,36.993614196777344
2010-11-19,46.83000183105469,46.060001373291016,46.349998474121094,46.43000030517578,589700.0,37.03349685668945
2010-11-22,46.599998474121094,46.060001373291016,46.29999923706055,46.52000045776367,710800.0,37.10527420043945
2010-11-23,46.0099983215332,45.529998779296875,46.0099983215332,45.65999984741211,900200.0,36.4193229675293
2010-11-24,46.790000915527344,45.90999984741211,45.97999954223633,46.720001220703125,524600.0,37.26479721069336
2010-11-26,46.439998626708984,46.02000045776367,46.25,46.099998474121094,404900.0,36.77027893066406
2010-11-29,45.65999984741211,44.880001068115234,45.59000015258789,45.22999954223633,1126200.0,36.07633590698242
2010-11-30,45.0,44.2400016784668,44.79999923706055,44.2400016784668,1764900.0,35.286712646484375
2010-12-01,45.5099983215332,44.900001525878906,44.97999954223633,45.18000030517578,762400.0,36.03646469116211
2010-12-02,45.540000915527344,44.619998931884766,45.220001220703125,44.95000076293945,1119700.0,35.85301208496094
2010-12-03,45.599998474121094,44.75,44.75,45.56999969482422,869500.0,36.347537994384766
2010-12-06,45.560001373291016,45.15999984741211,45.47999954223633,45.47999954223633,600400.0,36.2757453918457
2010-12-07,45.95000076293945,45.45000076293945,45.91999816894531,45.630001068115234,929800.0,36.39539337158203
2010-12-08,45.97999954223633,45.34000015258789,45.689998626708984,45.7400016784668,640300.0,36.483131408691406
2010-12-09,46.33000183105469,45.58000183105469,46.33000183105469,46.029998779296875,679600.0,36.71444320678711
2010-12-10,46.2599983215332,45.81999969482422,46.189998626708984,46.16999816894531,704800.0,36.826114654541016
2010-12-13,46.209999084472656,45.720001220703125,46.18000030517578,45.7599983215332,592200.0,36.49908447265625
2010-12-14,46.189998626708984,45.709999084472656,45.880001068115234,46.13999938964844,862000.0,36.802188873291016
2010-12-15,46.220001220703125,45.790000915527344,46.11000061035156,45.81999969482422,775200.0,36.54694747924805
2010-12-16,46.70000076293945,45.72999954223633,46.029998779296875,46.650001525878906,612300.0,37.20896530151367
2010-12-17,46.599998474121094,46.25,46.58000183105469,46.400001525878906,797800.0,37.00956344604492
2010-12-20,46.720001220703125,46.25,46.70000076293945,46.380001068115234,615500.0,36.993614196777344
2010-12-21,46.66999816894531,46.11000061035156,46.66999816894531,46.119998931884766,671700.0,36.786231994628906
2010-12-22,46.22999954223633,45.689998626708984,46.13999938964844,45.81999969482422,1003700.0,36.54694747924805
2010-12-23,45.9900016784668,45.68000030517578,45.84000015258789,45.849998474121094,622400.0,36.57087707519531
2010-12-27,45.779998779296875,44.5,45.630001068115234,45.439998626708984,645400.0,36.24385070800781
2010-12-28,45.56999969482422,45.20000076293945,45.56999969482422,45.31999969482422,483400.0,36.148128509521484
2010-12-29,45.630001068115234,45.290000915527344,45.439998626708984,45.290000915527344,321300.0,36.12420654296875
2010-12-30,45.470001220703125,45.22999954223633,45.22999954223633,45.34000015258789,323200.0,36.16408157348633
2010-12-31,45.4900016784668,45.18000030517578,45.279998779296875,45.29999923706055,563200.0,36.132179260253906
2011-01-03,45.810001373291016,45.13999938964844,45.65999984741211,45.150001525878906,1054300.0,36.01255416870117
2011-01-04,45.439998626708984,44.959999084472656,45.130001068115234,45.439998626708984,969100.0,36.24385070800781
2011-01-05,45.880001068115234,45.16999816894531,45.33000183105469,45.849998474121094,961200.0,36.57087707519531
2011-01-06,46.560001373291016,44.2599983215332,45.869998931884766,46.33000183105469,1265600.0,36.95372772216797
2011-01-07,46.75,46.029998779296875,46.22999954223633,46.36000061035156,1391800.0,36.97765350341797
2011-01-10,47.400001525878906,46.189998626708984,46.189998626708984,47.34000015258789,1135100.0,37.75933074951172
2011-01-11,47.939998626708984,47.45000076293945,47.65999984741211,47.599998474121094,835700.0,37.966712951660156
2011-01-12,48.290000915527344,47.70000076293945,47.939998626708984,48.040000915527344,735000.0,38.31766891479492
2011-01-13,48.45000076293945,47.709999084472656,48.45000076293945,47.900001525878906,727700.0,38.205989837646484
2011-01-14,48.369998931884766,47.70000076293945,47.70000076293945,48.33000183105469,655500.0,38.548973083496094
2011-01-18,48.810001373291016,48.20000076293945,48.810001373291016,48.63999938964844,578600.0,38.796234130859375
2011-01-19,48.63999938964844,47.63999938964844,48.5099983215332,47.880001068115234,755200.0,38.190040588378906
2011-01-20,47.91999816894531,47.150001525878906,47.900001525878906,47.470001220703125,795500.0,37.86301040649414
2011-01-21,47.91999816894531,47.33000183105469,47.79999923706055,47.560001373291016,841700.0,37.93480682373047
2011-01-24,47.970001220703125,47.59000015258789,47.59000015258789,47.939998626708984,828300.0,38.2379035949707
2011-01-25,48.68000030517578,47.779998779296875,47.880001068115234,48.61000061035156,1153100.0,38.77229690551758
2011-01-26,51.27000045776367,48.540000915527344,48.65999984741211,48.779998779296875,1268900.0,38.907894134521484
2011-01-27,49.970001220703125,47.79999923706055,49.939998626708984,48.189998626708984,1955100.0,38.437294006347656
2011-01-28,48.52000045776367,45.959999084472656,48.209999084472656,46.36000061035156,2417600.0,36.97765350341797
2011-01-31,46.709999084472656,46.150001525878906,46.560001373291016,46.540000915527344,2425700.0,37.121219635009766
2011-02-01,47.189998626708984,46.369998931884766,46.66999816894531,46.52000045776367,2078700.0,37.10527420043945
2011-02-02,46.869998931884766,46.25,46.43000030517578,46.4900016784668,1140600.0,37.08135223388672
2011-02-03,46.56999969482422,45.95000076293945,46.529998779296875,46.45000076293945,1062900.0,37.0494499206543
2011-02-04,47.36000061035156,46.34000015258789,46.58000183105469,47.36000061035156,903300.0,37.775272369384766
2011-02-07,48.43000030517578,47.380001068115234,47.380001068115234,48.290000915527344,1359800.0,38.517066955566406
2011-02-08,48.81999969482422,48.22999954223633,48.22999954223633,48.779998779296875,1414300.0,38.907894134521484
2011-02-09,49.2400016784668,48.630001068115234,48.77000045776367,49.209999084472656,1283000.0,39.25087356567383
2011-02-10,49.650001525878906,48.72999954223633,49.220001220703125,49.349998474121094,1112000.0,39.362548828125
2011-02-11,49.709999084472656,48.93000030517578,49.27000045776367,49.209999084472656,850800.0,39.25087356567383
2011-02-14,49.61000061035156,49.189998626708984,49.2599983215332,49.29999923706055,739700.0,39.322662353515625
2011-02-15,49.33000183105469,48.68000030517578,49.20000076293945,48.81999969482422,799400.0,38.93980026245117
2011-02-16,48.9900016784668,48.40999984741211,48.939998626708984,48.58000183105469,1563700.0,38.74835968017578
2011-02-17,48.650001525878906,48.18000030517578,48.4900016784668,48.459999084472656,1033200.0,38.65267562866211
2011-02-18,48.779998779296875,48.06999969482422,48.560001373291016,48.650001525878906,1096100.0,38.804203033447266
2011-02-22,48.29999923706055,47.25,48.20000076293945,47.470001220703125,1201000.0,37.86301040649414
2011-02-23,47.7599983215332,45.560001373291016,47.7599983215332,46.0,1721900.0,36.690513610839844
2011-02-24,46.349998474121094,45.58000183105469,45.970001220703125,46.02000045776367,1395100.0,36.70647048950195
2011-02-25,46.52000045776367,46.08000183105469,46.279998779296875,46.45000076293945,820900.0,37.0494499206543
2011-02-28,46.79999923706055,46.43000030517578,46.7400016784668,46.65999984741211,1168200.0,37.21694564819336
2011-03-01,46.95000076293945,45.93000030517578,46.869998931884766,45.95000076293945,765200.0,36.65062713623047
2011-03-02,46.25,45.7400016784668,45.959999084472656,45.880001068115234,918400.0,36.59480667114258
2011-03-03,46.7599983215332,46.11000061035156,46.16999816894531,46.75,1119900.0,37.4930305480957
2011-03-04,46.7400016784668,45.7400016784668,46.619998931884766,46.18000030517578,940500.0,37.03590393066406
2011-03-07,46.47999954223633,45.25,46.47999954223633,45.59000015258789,650800.0,36.562721252441406
2011-03-08,46.22999954223633,45.529998779296875,45.75,46.060001373291016,712200.0,36.93966293334961
2011-03-09,46.0,45.06999969482422,45.95000076293945,45.380001068115234,1212400.0,36.39429473876953
2011-03-10,45.2599983215332,44.599998474121094,44.970001220703125,44.709999084472656,800300.0,35.856971740722656
2011-03-11,45.720001220703125,44.54999923706055,44.650001525878906,45.58000183105469,1391700.0,36.554691314697266
2011-03-14,45.38999938964844,44.470001220703125,45.099998474121094,44.689998626708984,753900.0,35.84092330932617
2011-03-15,44.439998626708984,43.13999938964844,43.599998474121094,44.25,740700.0,35.48805236816406
2011-03-16,44.560001373291016,43.2599983215332,44.040000915527344,43.54999923706055,1436200.0,34.92665481567383
2011-03-17,46.150001525878906,44.86000061035156,45.5099983215332,45.25,1774200.0,36.2900390625
2011-03-18,46.93000030517578,45.81999969482422,45.970001220703125,46.52000045776367,2105000.0,37.308570861816406
2011-03-21,48.220001220703125,47.459999084472656,47.720001220703125,47.97999954223633,2307900.0,38.47948455810547
2011-03-22,48.72999954223633,47.97999954223633,48.08000183105469,48.290000915527344,1603100.0,38.72808837890625
2011-03-23,49.2400016784668,48.540000915527344,49.06999969482422,48.720001220703125,1430100.0,39.07295227050781
2011-03-24,49.0,48.130001068115234,48.72999954223633,48.16999816894531,1347100.0,38.63186264038086
2011-03-25,48.400001525878906,47.869998931884766,48.27000045776367,48.060001373291016,1242800.0,38.543643951416016
2011-03-28,48.61000061035156,48.099998474121094,48.15999984741211,48.400001525878906,1191300.0,38.81631088256836
2011-03-29,49.150001525878906,48.16999816894531,48.25,49.130001068115234,933300.0,39.40176010131836
2011-03-30,49.70000076293945,49.279998779296875,49.38999938964844,49.34000015258789,907200.0,39.5701789855957
2011-03-31,49.61000061035156,49.09000015258789,49.369998931884766,49.599998474121094,732600.0,39.77870178222656
2011-04-01,50.36000061035156,49.790000915527344,49.97999954223633,50.04999923706055,1083700.0,40.139583587646484
2011-04-04,51.0099983215332,50.36000061035156,51.0099983215332,50.779998779296875,1248200.0,40.72505187988281
2011-04-05,51.20000076293945,50.54999923706055,50.79999923706055,50.630001068115234,766000.0,40.6047477722168
2011-04-06,51.689998626708984,50.75,51.0,51.400001525878906,1187500.0,41.22227478027344
2011-04-07,51.65999984741211,50.880001068115234,51.25,51.029998779296875,644900.0,40.9255485534668
2011-04-08,51.599998474121094,50.349998474121094,51.08000183105469,50.79999923706055,561100.0,40.741085052490234
2011-04-11,51.209999084472656,50.380001068115234,50.810001373291016,50.560001373291016,738500.0,40.54860305786133
2011-04-12,50.849998474121094,50.13999938964844,50.349998474121094,50.220001220703125,820400.0,40.275936126708984
2011-04-13,50.619998931884766,49.459999084472656,50.59000015258789,49.7400016784668,1152500.0,39.89097213745117
2011-04-14,50.06999969482422,49.06999969482422,49.439998626708984,50.029998779296875,687100.0,40.12355041503906
2011-04-15,50.560001373291016,49.88999938964844,50.150001525878906,50.04999923706055,722700.0,40.139583587646484
2011-04-18,50.209999084472656,49.290000915527344,49.47999954223633,49.9900016784668,1059700.0,40.09148406982422
2011-04-19,50.470001220703125,49.880001068115234,50.20000076293945,50.380001068115234,853000.0,40.40424728393555
2011-04-20,51.709999084472656,51.029998779296875,51.060001373291016,51.709999084472656,1024400.0,41.470890045166016
2011-04-21,52.5,51.70000076293945,52.060001373291016,52.220001220703125,732000.0,41.879913330078125
2011-04-25,52.2599983215332,51.88999938964844,52.20000076293945,51.97999954223633,355200.0,41.68742752075195
2011-04-26,53.060001373291016,52.08000183105469,52.15999984741211,52.849998474121094,593900.0,42.385169982910156
2011-04-27,53.33000183105469,52.77000045776367,52.97999954223633,53.04999923706055,633500.0,42.545562744140625
2011-04-28,53.29999923706055,52.72999954223633,52.939998626708984,52.970001220703125,527000.0,42.48140335083008
2011-04-29,53.34000015258789,52.84000015258789,53.060001373291016,53.130001068115234,420000.0,42.60972595214844
2011-05-02,53.38999938964844,52.380001068115234,53.33000183105469,52.40999984741211,633500.0,42.03229522705078
2011-05-03,53.08000183105469,52.16999816894531,52.560001373291016,52.970001220703125,965400.0,42.48140335083008
2011-05-04,51.4900016784668,47.540000915527344,51.4900016784668,48.529998779296875,4946100.0,38.920562744140625
2011-05-05,48.540000915527344,47.599998474121094,48.279998779296875,47.63999938964844,2529500.0,38.206787109375
2011-05-06,48.95000076293945,47.91999816894531,48.310001373291016,48.15999984741211,1499600.0,38.623836517333984
2011-05-09,49.20000076293945,48.20000076293945,48.20000076293945,48.650001525878906,998700.0,39.01681137084961
2011-05-10,49.560001373291016,48.77000045776367,48.95000076293945,49.34000015258789,1103800.0,39.5701789855957
2011-05-11,49.75,48.65999984741211,49.2599983215332,48.95000076293945,761200.0,39.25740432739258
2011-05-12,48.81999969482422,48.20000076293945,48.81999969482422,48.279998779296875,1766900.0,38.72007751464844
2011-05-13,49.18000030517578,48.43000030517578,48.459999084472656,48.880001068115234,1060500.0,39.201263427734375
2011-05-16,48.779998779296875,48.0,48.779998779296875,48.04999923706055,1440400.0,38.535621643066406
2011-05-17,48.709999084472656,47.72999954223633,48.0,48.58000183105469,1624000.0,38.96066665649414
2011-05-18,49.369998931884766,48.31999969482422,48.54999923706055,49.2599983215332,658100.0,39.50602340698242
2011-05-19,49.7400016784668,49.290000915527344,49.5,49.43000030517578,1384300.0,39.64236068725586
2011-05-20,49.630001068115234,49.0,49.43000030517578,49.47999954223633,764200.0,39.68245315551758
2011-05-23,48.790000915527344,48.189998626708984,48.75,48.36000061035156,814500.0,38.78422927856445
2011-05-24,49.099998474121094,47.349998474121094,48.560001373291016,47.619998931884766,1836800.0,38.19076156616211
2011-05-25,48.40999984741211,47.349998474121094,47.599998474121094,48.34000015258789,833900.0,38.7681884765625
2011-05-26,48.77000045776367,47.84000015258789,47.95000076293945,48.630001068115234,1111500.0,39.20351791381836
2011-05-27,49.0,48.63999938964844,48.65999984741211,48.959999084472656,768500.0,39.46955490112305
2011-05-31,49.439998626708984,48.779998779296875,49.310001373291016,49.439998626708984,1093900.0,39.85650634765625
2011-06-01,49.29999923706055,47.939998626708984,49.29999923706055,48.08000183105469,1360100.0,38.760128021240234
2011-06-02,48.18000030517578,47.540000915527344,48.06999969482422,47.61000061035156,1070800.0,38.38124465942383
2011-06-03,47.459999084472656,46.70000076293945,47.119998931884766,46.75,977500.0,37.68793487548828
2011-06-06,46.689998626708984,46.13999938964844,46.52000045776367,46.16999816894531,807700.0,37.220375061035156
2011-06-07,46.58000183105469,46.099998474121094,46.36000061035156,46.2599983215332,1046300.0,37.29291915893555
2011-06-08,46.060001373291016,45.58000183105469,45.90999984741211,45.7599983215332,890500.0,36.88984298706055
2011-06-09,46.310001373291016,45.70000076293945,45.869998931884766,46.04999923706055,537100.0,37.12362289428711
2011-06-10,45.970001220703125,45.18000030517578,45.91999816894531,45.22999954223633,1475900.0,36.46257781982422
2011-06-13,45.61000061035156,44.959999084472656,45.61000061035156,45.13999938964844,760600.0,36.39002227783203
2011-06-14,45.84000015258789,45.4900016784668,45.56999969482422,45.56999969482422,576000.0,36.73667526245117
2011-06-15,45.33000183105469,44.52000045776367,45.290000915527344,44.54999923706055,913500.0,35.91440200805664
2011-06-16,44.790000915527344,43.939998626708984,44.66999816894531,44.150001525878906,1024000.0,35.591922760009766
2011-06-17,44.619998931884766,44.06999969482422,44.560001373291016,44.34000015258789,1273400.0,35.74510192871094
2011-06-20,45.189998626708984,44.16999816894531,44.189998626708984,44.689998626708984,829900.0,36.02723693847656
2011-06-21,45.59000015258789,44.83000183105469,45.0,45.380001068115234,915400.0,36.58348846435547
2011-06-22,45.22999954223633,44.81999969482422,45.0099983215332,45.0,1271800.0,36.27716064453125
2011-06-23,44.9900016784668,43.86000061035156,44.34000015258789,44.91999816894531,1628300.0,36.21267318725586
2011-06-24,45.029998779296875,43.93000030517578,45.029998779296875,44.029998779296875,2031100.0,35.49518585205078
2011-06-27,44.52000045776367,43.75,44.099998474121094,44.29999923706055,904100.0,35.71284103393555
2011-06-28,44.75,44.2599983215332,44.38999938964844,44.58000183105469,1056500.0,35.93857955932617
2011-06-29,44.86000061035156,44.310001373291016,44.709999084472656,44.689998626708984,705700.0,36.02723693847656
2011-06-30,45.31999969482422,44.75,44.959999084472656,45.060001373291016,1075200.0,36.32552719116211
2011-07-01,45.66999816894531,44.77000045776367,45.22999954223633,45.54999923706055,1176100.0,36.720550537109375
2011-07-05,45.2599983215332,44.58000183105469,45.2599983215332,44.84000015258789,989100.0,36.148162841796875
2011-07-06,44.900001525878906,44.20000076293945,44.61000061035156,44.779998779296875,884600.0,36.09980773925781
2011-07-07,45.459999084472656,44.79999923706055,45.279998779296875,44.900001525878906,1471300.0,36.19654846191406
2011-07-08,44.54999923706055,43.70000076293945,44.310001373291016,44.54999923706055,1745300.0,35.91440200805664
2011-07-11,44.45000076293945,42.7400016784668,44.08000183105469,42.900001525878906,2141000.0,34.584224700927734
2011-07-12,43.349998474121094,42.81999969482422,42.880001068115234,43.0099983215332,1699300.0,34.672908782958984
2011-07-13,43.52000045776367,42.779998779296875,43.2400016784668,42.880001068115234,1091000.0,34.5681037902832
2011-07-14,43.310001373291016,42.220001220703125,43.119998931884766,42.36000061035156,856800.0,34.148887634277344
2011-07-15,42.619998931884766,42.11000061035156,42.58000183105469,42.52000045776367,870500.0,34.27787399291992
2011-07-18,42.52000045776367,41.72999954223633,42.20000076293945,41.83000183105469,1692900.0,33.721641540527344
2011-07-19,42.68000030517578,41.91999816894531,42.04999923706055,42.459999084472656,1054000.0,34.229515075683594
2011-07-20,42.70000076293945,42.18000030517578,42.70000076293945,42.45000076293945,595600.0,34.221466064453125
2011-07-21,43.380001068115234,42.380001068115234,42.810001373291016,43.31999969482422,1035100.0,34.92283630371094
2011-07-22,43.40999984741211,43.06999969482422,43.220001220703125,43.36000061035156,581900.0,34.9550666809082
2011-07-25,43.29999923706055,42.84000015258789,43.040000915527344,42.959999084472656,793900.0,34.632591247558594
2011-07-26,43.060001373291016,42.43000030517578,43.060001373291016,42.709999084472656,614100.0,34.43104553222656
2011-07-27,42.459999084472656,41.25,42.43000030517578,41.279998779296875,1369600.0,33.27824020385742
2011-07-28,41.369998931884766,40.40999984741211,41.29999923706055,40.41999816894531,1613000.0,32.58494186401367
2011-07-29,40.349998474121094,39.599998474121094,40.0099983215332,39.869998931884766,1484500.0,32.141563415527344
2011-08-01,40.40999984741211,38.650001525878906,40.40999984741211,38.9900016784668,1502800.0,31.432140350341797
2011-08-02,39.0,37.97999954223633,38.77000045776367,37.97999954223633,1872900.0,30.617910385131836
2011-08-03,41.29999923706055,38.540000915527344,41.22999954223633,39.09000015258789,2885500.0,31.512752532958984
2011-08-04,38.83000183105469,36.650001525878906,38.54999923706055,36.70000076293945,1833700.0,29.58603858947754
2011-08-05,38.0,36.0,37.349998474121094,37.5099983215332,2992000.0,30.239023208618164
2011-08-08,37.13999938964844,34.84000015258789,36.41999816894531,34.900001525878906,2940200.0,28.13494873046875
2011-08-09,36.619998931884766,34.29999923706055,35.58000183105469,36.599998474121094,2503700.0,29.505416870117188
2011-08-10,35.88999938964844,34.439998626708984,35.66999816894531,34.52000045776367,2649300.0,27.82861328125
2011-08-11,37.119998931884766,34.77000045776367,34.880001068115234,36.619998931884766,1947000.0,29.52154541015625
2011-08-12,37.06999969482422,36.43000030517578,36.72999954223633,36.70000076293945,1366300.0,29.58603858947754
2011-08-15,37.56999969482422,36.560001373291016,36.61000061035156,37.4900016784668,1435600.0,30.222917556762695
2011-08-16,37.47999954223633,36.61000061035156,37.119998931884766,37.04999923706055,1309800.0,29.868202209472656
2011-08-17,37.65999984741211,36.689998626708984,37.20000076293945,36.97999954223633,1255300.0,29.8117618560791
2011-08-18,35.959999084472656,34.150001525878906,35.95000076293945,34.709999084472656,2052400.0,27.981782913208008
2011-08-19,35.61000061035156,34.27000045776367,34.290000915527344,34.779998779296875,1845800.0,28.038209915161133
2011-08-22,36.130001068115234,34.720001220703125,35.470001220703125,34.849998474121094,1786100.0,28.094642639160156
2011-08-23,37.029998779296875,35.0,35.02000045776367,37.029998779296875,1790300.0,29.852062225341797
2011-08-24,37.68000030517578,36.4900016784668,36.880001068115234,37.54999923706055,1905500.0,30.271272659301758
2011-08-25,38.060001373291016,36.41999816894531,37.689998626708984,36.529998779296875,2399500.0,29.448989868164062
2011-08-26,37.9900016784668,35.70000076293945,36.189998626708984,37.689998626708984,2162500.0,30.38413429260254
2011-08-29,39.630001068115234,38.119998931884766,38.310001373291016,39.630001068115234,3354100.0,31.948083877563477
2011-08-30,40.41999816894531,39.0,39.40999984741211,39.97999954223633,1717300.0,32.23024368286133
2011-08-31,40.959999084472656,40.130001068115234,40.25,40.349998474121094,1960900.0,32.52851104736328
2011-09-01,41.209999084472656,39.63999938964844,40.47999954223633,39.68000030517578,1632300.0,31.988399505615234
2011-09-02,38.650001525878906,37.93000030517578,38.54999923706055,38.22999954223633,1466600.0,31.038494110107422
2011-09-06,38.04999923706055,36.880001068115234,37.0,37.95000076293945,1534700.0,30.811153411865234
2011-09-07,39.459999084472656,38.540000915527344,38.63999938964844,39.310001373291016,2217200.0,31.915328979492188
2011-09-08,40.150001525878906,38.939998626708984,39.0,39.40999984741211,1451300.0,31.996509552001953
2011-09-09,39.400001525878906,38.130001068115234,39.0,38.5099983215332,1440500.0,31.265811920166016
2011-09-12,39.22999954223633,37.849998474121094,37.869998931884766,39.189998626708984,1465200.0,31.81789207458496
2011-09-13,39.790000915527344,38.90999984741211,39.18000030517578,39.650001525878906,1582500.0,32.191375732421875
2011-09-14,40.77000045776367,39.369998931884766,39.900001525878906,40.099998474121094,1866900.0,32.55671310424805
2011-09-15,40.709999084472656,39.9900016784668,40.65999984741211,40.689998626708984,871600.0,33.03573989868164
2011-09-16,41.09000015258789,40.470001220703125,40.86000061035156,40.720001220703125,1423500.0,33.06008529663086
2011-09-19,40.20000076293945,39.47999954223633,39.95000076293945,40.029998779296875,740600.0,32.4998779296875
2011-09-20,40.34000015258789,39.08000183105469,40.220001220703125,39.119998931884766,1235600.0,31.761062622070312
2011-09-21,39.380001068115234,37.349998474121094,39.25,37.36000061035156,1252700.0,30.33213996887207
2011-09-22,36.61000061035156,34.880001068115234,36.220001220703125,35.189998626708984,2674500.0,28.570344924926758
2011-09-23,35.849998474121094,34.72999954223633,34.91999816894531,35.540000915527344,1574300.0,28.854509353637695
2011-09-26,36.34000015258789,35.63999938964844,36.06999969482422,36.279998779296875,1276700.0,29.45530128479004
2011-09-27,37.619998931884766,36.619998931884766,37.150001525878906,36.790000915527344,1400400.0,29.869359970092773
2011-09-28,37.15999984741211,34.970001220703125,36.79999923706055,35.130001068115234,1718800.0,28.521631240844727
2011-09-29,36.08000183105469,34.630001068115234,35.88999938964844,35.45000076293945,1003600.0,28.78143882751465
2011-09-30,35.25,34.130001068115234,34.849998474121094,34.16999816894531,1437300.0,27.742223739624023
2011-10-03,34.02000045776367,33.22999954223633,33.86000061035156,33.22999954223633,2111400.0,26.97904396057129
2011-10-04,34.29999923706055,32.68000030517578,32.849998474121094,34.279998779296875,1900000.0,27.831525802612305
2011-10-05,35.09000015258789,34.08000183105469,34.439998626708984,34.91999816894531,973200.0,28.35114097595215
2011-10-06,36.029998779296875,34.689998626708984,34.9900016784668,35.9900016784668,1088100.0,29.219863891601562
2011-10-07,35.86000061035156,34.0,35.66999816894531,34.540000915527344,2604700.0,28.042621612548828
2011-10-10,36.220001220703125,35.220001220703125,35.34000015258789,35.83000183105469,1244800.0,29.08995819091797
2011-10-11,36.47999954223633,35.5,35.5,36.15999984741211,1492700.0,29.35787582397461
2011-10-12,37.13999938964844,36.16999816894531,36.59000015258789,36.38999938964844,1925800.0,29.54460906982422
2011-10-13,36.25,35.56999969482422,36.119998931884766,36.16999816894531,697500.0,29.365989685058594
2011-10-14,36.79999923706055,36.11000061035156,36.630001068115234,36.7400016784668,940800.0,29.828767776489258
2011-10-17,36.59000015258789,35.650001525878906,36.47999954223633,35.83000183105469,594400.0,29.08995819091797
2011-10-18,36.72999954223633,35.25,35.720001220703125,36.5099983215332,865800.0,29.64204216003418
2011-10-19,36.619998931884766,35.70000076293945,36.41999816894531,35.790000915527344,1006100.0,29.057477951049805
2011-10-20,36.380001068115234,35.220001220703125,35.7400016784668,36.220001220703125,945500.0,29.406599044799805
2011-10-21,37.06999969482422,36.22999954223633,36.70000076293945,36.790000915527344,994500.0,29.869359970092773
2011-10-24,37.9900016784668,37.0,37.040000915527344,37.75,1145900.0,30.648775100708008
2011-10-25,37.72999954223633,36.90999984741211,37.63999938964844,36.959999084472656,996000.0,30.007389068603516
2011-10-26,37.61000061035156,36.650001525878906,37.400001525878906,36.9900016784668,1135200.0,30.031740188598633
2011-10-27,39.91999816894531,36.86000061035156,38.849998474121094,38.47999954223633,2889600.0,31.24146842956543
2011-10-28,38.97999954223633,38.209999084472656,38.689998626708984,38.849998474121094,816000.0,31.541845321655273
2011-10-31,38.68000030517578,37.61000061035156,38.41999816894531,37.75,1367900.0,30.648775100708008
2011-11-01,37.36000061035156,36.22999954223633,36.54999923706055,36.65999984741211,1556500.0,29.763830184936523
2011-11-02,37.33000183105469,36.61000061035156,37.29999923706055,36.9900016784668,965300.0,30.031740188598633
2011-11-03,38.22999954223633,36.86000061035156,37.380001068115234,38.150001525878906,936500.0,30.97353172302246
2011-11-04,38.0099983215332,37.20000076293945,37.7400016784668,37.9900016784668,782800.0,30.843637466430664
2011-11-07,38.029998779296875,37.119998931884766,37.83000183105469,37.810001373291016,760800.0,30.697494506835938
2011-11-08,38.08000183105469,37.16999816894531,38.0099983215332,38.0,693000.0,30.85175132751465
2011-11-09,37.2599983215332,36.7400016784668,37.16999816894531,37.0,1125500.0,30.03986930847168
2011-11-10,37.619998931884766,36.90999984741211,37.619998931884766,37.2599983215332,1046600.0,30.250947952270508
2011-11-11,38.34000015258789,37.65999984741211,37.84000015258789,38.290000915527344,672000.0,31.087194442749023
2011-11-14,38.400001525878906,37.43000030517578,38.18000030517578,37.709999084472656,880100.0,30.616302490234375
2011-11-15,38.5,37.45000076293945,37.540000915527344,38.310001373291016,775300.0,31.103435516357422
2011-11-16,38.470001220703125,37.4900016784668,37.63999938964844,37.599998474121094,1036700.0,30.751750946044922
2011-11-17,37.4900016784668,36.4900016784668,37.38999938964844,36.869998931884766,969700.0,30.154705047607422
2011-11-18,37.040000915527344,36.38999938964844,36.970001220703125,36.529998779296875,729300.0,29.87664031982422
2011-11-21,36.119998931884766,35.31999969482422,35.9900016784668,35.650001525878906,780900.0,29.156917572021484
2011-11-22,35.72999954223633,34.369998931884766,35.63999938964844,34.470001220703125,1421400.0,28.191835403442383
2011-11-23,34.25,33.66999816894531,34.2400016784668,33.68000030517578,1285900.0,27.545717239379883
2011-11-25,33.95000076293945,33.2400016784668,33.56999969482422,33.2599983215332,388300.0,27.20222282409668
2011-11-28,34.45000076293945,34.02000045776367,34.18000030517578,34.25,896200.0,28.01190757751465
2011-11-29,34.33000183105469,33.779998779296875,34.25,33.88999938964844,912400.0,27.717464447021484
2011-11-30,35.619998931884766,34.880001068115234,34.970001220703125,35.599998474121094,1842600.0,29.116024017333984
2011-12-01,35.95000076293945,35.45000076293945,35.45000076293945,35.709999084472656,854200.0,29.20598602294922
2011-12-02,36.40999984741211,35.810001373291016,36.130001068115234,35.869998931884766,893900.0,29.33685302734375
2011-12-05,36.79999923706055,36.130001068115234,36.45000076293945,36.40999984741211,1399300.0,29.778488159179688
2011-12-06,36.5,36.16999816894531,36.470001220703125,36.209999084472656,882400.0,29.61491584777832
2011-12-07,36.16999816894531,35.560001373291016,35.939998626708984,35.90999984741211,942400.0,29.369569778442383
2011-12-08,35.869998931884766,34.97999954223633,35.68000030517578,35.04999923706055,887700.0,28.666189193725586
2011-12-09,35.7599983215332,35.099998474121094,35.15999984741211,35.5099983215332,781900.0,29.042407989501953
2011-12-12,35.349998474121094,34.650001525878906,35.22999954223633,35.29999923706055,907800.0,28.870664596557617
2011-12-13,35.70000076293945,34.560001373291016,35.45000076293945,34.720001220703125,841200.0,28.396305084228516
2011-12-14,34.58000183105469,33.9900016784668,34.58000183105469,34.22999954223633,921800.0,27.995548248291016
2011-12-15,34.7400016784668,33.90999984741211,34.58000183105469,34.0099983215332,583400.0,27.815622329711914
2011-12-16,34.599998474121094,33.75,34.279998779296875,34.290000915527344,1761900.0,28.04462432861328
2011-12-19,34.61000061035156,33.75,34.459999084472656,33.84000015258789,789900.0,27.67658233642578
2011-12-20,35.5,34.5,34.540000915527344,35.18000030517578,814700.0,28.772520065307617
2011-12-21,35.5,34.709999084472656,34.9900016784668,35.45000076293945,805600.0,28.993343353271484
2011-12-22,36.86000061035156,35.459999084472656,35.720001220703125,36.63999938964844,1017400.0,29.96660041809082
2011-12-23,36.90999984741211,36.56999969482422,36.84000015258789,36.880001068115234,490400.0,30.162878036499023
2011-12-27,37.11000061035156,36.56999969482422,36.83000183105469,36.9900016784668,509500.0,30.252851486206055
2011-12-28,36.97999954223633,36.11000061035156,36.90999984741211,36.13999938964844,774000.0,29.557674407958984
2011-12-29,36.52000045776367,35.7599983215332,36.31999969482422,36.20000076293945,801100.0,29.60674476623535
2011-12-30,36.349998474121094,36.040000915527344,36.279998779296875,36.040000915527344,675900.0,29.475881576538086
2012-01-03,37.220001220703125,36.369998931884766,36.7599983215332,36.66999816894531,778600.0,29.991138458251953
2012-01-04,36.650001525878906,35.97999954223633,36.560001373291016,36.5099983215332,1030200.0,29.860279083251953
2012-01-05,36.790000915527344,36.099998474121094,36.34000015258789,36.68000030517578,877300.0,29.99932098388672
2012-01-06,37.310001373291016,36.52000045776367,36.61000061035156,37.18000030517578,777700.0,30.40824317932129
2012-01-09,37.79999923706055,37.040000915527344,37.349998474121094,37.459999084472656,989300.0,30.637256622314453
2012-01-10,38.400001525878906,37.689998626708984,37.90999984741211,37.900001525878906,966500.0,30.99711036682129
2012-01-11,38.25,37.720001220703125,37.79999923706055,38.11000061035156,765300.0,31.168861389160156
2012-01-12,38.709999084472656,38.130001068115234,38.25,38.68000030517578,962300.0,31.63504409790039
2012-01-13,38.630001068115234,38.029998779296875,38.40999984741211,38.40999984741211,677300.0,31.414226531982422
2012-01-17,38.880001068115234,38.279998779296875,38.790000915527344,38.36000061035156,1064300.0,31.37333106994629
2012-01-18,39.15999984741211,38.369998931884766,38.45000076293945,39.119998931884766,908300.0,31.99491310119629
2012-01-19,39.56999969482422,39.13999938964844,39.459999084472656,39.31999969482422,567200.0,32.15847396850586
2012-01-20,39.709999084472656,39.209999084472656,39.279998779296875,39.400001525878906,826600.0,32.22391128540039
2012-01-23,39.7599983215332,38.83000183105469,39.04999923706055,38.880001068115234,961700.0,31.798633575439453
2012-01-24,38.849998474121094,38.400001525878906,38.689998626708984,38.54999923706055,980300.0,31.528732299804688
2012-01-25,38.9900016784668,37.77000045776367,38.560001373291016,38.84000015258789,897500.0,31.76590919494629
2012-01-26,39.25,38.81999969482422,39.0099983215332,39.25,881600.0,32.10124206542969
2012-01-27,40.040000915527344,39.060001373291016,39.15999984741211,39.70000076293945,1273900.0,32.46927261352539
2012-01-30,39.97999954223633,39.150001525878906,39.63999938964844,39.209999084472656,1869300.0,32.068511962890625
2012-01-31,41.33000183105469,39.529998779296875,39.529998779296875,41.0,3879600.0,33.532501220703125
2012-02-01,41.7400016784668,40.619998931884766,41.209999084472656,41.16999816894531,2295900.0,33.67152404785156
2012-02-02,41.599998474121094,40.970001220703125,41.36000061035156,41.119998931884766,1383500.0,33.630645751953125
2012-02-03,42.18000030517578,41.400001525878906,41.4900016784668,41.93000030517578,1009700.0,34.29310607910156
2012-02-06,41.90999984741211,41.40999984741211,41.650001525878906,41.83000183105469,1070900.0,34.21133041381836
2012-02-07,42.20000076293945,41.61000061035156,41.779998779296875,42.09000015258789,1061400.0,34.42396926879883
2012-02-08,42.790000915527344,42.02000045776367,42.15999984741211,42.58000183105469,992400.0,34.824729919433594
2012-02-09,42.849998474121094,42.310001373291016,42.709999084472656,42.47999954223633,707900.0,34.74293899536133
2012-02-10,42.2400016784668,41.90999984741211,42.16999816894531,42.18000030517578,600100.0,34.49757385253906
2012-02-13,42.56999969482422,41.959999084472656,42.380001068115234,42.33000183105469,671900.0,34.620262145996094
2012-02-14,42.47999954223633,41.79999923706055,42.08000183105469,42.459999084472656,791100.0,34.726585388183594
2012-02-15,43.0,42.290000915527344,42.599998474121094,42.47999954223633,976700.0,34.74293899536133
2012-02-16,42.83000183105469,42.279998779296875,42.56999969482422,42.720001220703125,931900.0,34.93922805786133
2012-02-17,43.13999938964844,42.630001068115234,43.0,42.65999984741211,735300.0,34.89015197753906
2012-02-21,43.11000061035156,42.720001220703125,42.90999984741211,42.93000030517578,1028000.0,35.11098098754883
2012-02-22,43.0,42.33000183105469,42.900001525878906,42.459999084472656,856500.0,34.726585388183594
2012-02-23,43.040000915527344,42.36000061035156,42.36000061035156,42.970001220703125,917100.0,35.14369583129883
2012-02-24,43.38999938964844,42.86000061035156,42.9900016784668,43.11000061035156,569900.0,35.258201599121094
2012-02-27,43.540000915527344,42.90999984741211,43.04999923706055,43.380001068115234,908400.0,35.47901916503906
2012-02-28,43.61000061035156,43.400001525878906,43.400001525878906,43.47999954223633,884300.0,35.5608024597168
2012-02-29,44.0099983215332,43.5,43.59000015258789,43.630001068115234,1412800.0,35.68347930908203
2012-03-01,44.11000061035156,43.63999938964844,43.849998474121094,43.93000030517578,1157500.0,35.92884063720703
2012-03-02,44.38999938964844,43.7400016784668,43.95000076293945,43.790000915527344,766000.0,35.814334869384766
2012-03-05,43.68000030517578,43.18000030517578,43.5,43.61000061035156,756600.0,35.93795394897461
2012-03-06,43.18000030517578,42.52000045776367,43.150001525878906,42.650001525878906,644500.0,35.1468505859375
2012-03-07,42.90999984741211,42.560001373291016,42.7599983215332,42.63999938964844,722100.0,35.138607025146484
2012-03-08,43.41999816894531,42.849998474121094,42.849998474121094,43.279998779296875,634500.0,35.666015625
2012-03-09,43.900001525878906,43.27000045776367,43.290000915527344,43.619998931884766,505900.0,35.94618606567383
2012-03-12,43.900001525878906,43.220001220703125,43.63999938964844,43.560001373291016,439600.0,35.896759033203125
2012-03-13,43.959999084472656,43.5099983215332,43.790000915527344,43.88999938964844,704200.0,36.168697357177734
2012-03-14,44.0,43.650001525878906,43.75,43.83000183105469,384200.0,36.1192512512207
2012-03-15,44.31999969482422,43.7400016784668,43.93000030517578,44.20000076293945,585000.0,36.424163818359375
2012-03-16,44.540000915527344,44.22999954223633,44.380001068115234,44.400001525878906,972900.0,36.58898162841797
2012-03-19,45.099998474121094,44.029998779296875,44.45000076293945,44.369998931884766,623700.0,36.56425094604492
2012-03-20,44.119998931884766,43.619998931884766,44.119998931884766,43.9900016784668,457400.0,36.25111770629883
2012-03-21,43.97999954223633,43.349998474121094,43.97999954223633,43.81999969482422,552600.0,36.111019134521484
2012-03-22,43.849998474121094,43.31999969482422,43.650001525878906,43.720001220703125,987600.0,36.02859878540039
2012-03-23,44.189998626708984,43.72999954223633,43.869998931884766,44.04999923706055,396300.0,36.30054473876953
2012-03-26,45.04999923706055,44.29999923706055,44.349998474121094,45.029998779296875,814300.0,37.108158111572266
2012-03-27,45.209999084472656,44.66999816894531,45.13999938964844,44.72999954223633,547300.0,36.86091995239258
2012-03-28,44.79999923706055,44.189998626708984,44.7400016784668,44.77000045776367,670600.0,36.89387893676758
2012-03-29,44.81999969482422,44.22999954223633,44.4900016784668,44.720001220703125,567500.0,36.85268783569336
2012-03-30,45.41999816894531,44.66999816894531,45.04999923706055,45.08000183105469,845900.0,37.14934158325195
2012-04-02,45.7599983215332,44.869998931884766,45.11000061035156,45.70000076293945,1008300.0,37.6602783203125
2012-04-03,45.65999984741211,44.7400016784668,45.560001373291016,45.060001373291016,1020700.0,37.132869720458984
2012-04-04,44.84000015258789,44.13999938964844,44.7400016784668,44.40999984741211,923500.0,36.59720993041992
2012-04-05,44.459999084472656,43.83000183105469,44.20000076293945,44.060001373291016,715700.0,36.30879592895508
2012-04-09,43.90999984741211,43.5,43.5099983215332,43.779998779296875,668400.0,36.07804489135742
2012-04-10,44.060001373291016,42.93000030517578,43.75,42.970001220703125,841200.0,35.410560607910156
2012-04-11,44.18000030517578,43.529998779296875,43.619998931884766,43.810001373291016,657800.0,36.10277557373047
2012-04-12,44.540000915527344,43.810001373291016,43.81999969482422,44.34000015258789,463200.0,36.53953552246094
2012-04-13,44.59000015258789,44.189998626708984,44.29999923706055,44.41999816894531,670100.0,36.60545349121094
2012-04-16,44.88999938964844,43.83000183105469,44.77000045776367,43.849998474121094,782100.0,36.1357421875
2012-04-17,44.959999084472656,44.04999923706055,44.130001068115234,44.66999816894531,592500.0,36.81147766113281
2012-04-18,44.77000045776367,44.31999969482422,44.599998474121094,44.61000061035156,605900.0,36.76203155517578
2012-04-19,44.7599983215332,43.869998931884766,44.529998779296875,44.209999084472656,641900.0,36.432403564453125
2012-04-20,44.68000030517578,43.970001220703125,44.349998474121094,44.099998474121094,847600.0,36.34175491333008
2012-04-23,43.790000915527344,43.45000076293945,43.75,43.59000015258789,609400.0,35.92148208618164
2012-04-24,43.91999816894531,43.40999984741211,43.63999938964844,43.83000183105469,636600.0,36.1192512512207
2012-04-25,44.9900016784668,43.66999816894531,44.25,44.900001525878906,778100.0,37.001014709472656
2012-04-26,45.43000030517578,44.79999923706055,44.88999938964844,45.349998474121094,795200.0,37.37185287475586
2012-04-27,45.790000915527344,45.36000061035156,45.45000076293945,45.63999938964844,889200.0,37.6108283996582
2012-04-30,45.7400016784668,45.22999954223633,45.52000045776367,45.540000915527344,888500.0,37.52842712402344
2012-05-01,45.54999923706055,43.2400016784668,43.97999954223633,44.5,2697100.0,36.671382904052734
2012-05-02,43.65999984741211,42.59000015258789,43.61000061035156,42.709999084472656,1726700.0,35.19629669189453
2012-05-03,42.61000061035156,41.88999938964844,42.599998474121094,41.91999816894531,1181800.0,34.54526901245117
2012-05-04,41.599998474121094,40.95000076293945,41.58000183105469,41.02000045776367,1152800.0,33.8036003112793
2012-05-07,41.33000183105469,40.709999084472656,40.709999084472656,41.20000076293945,1212900.0,33.95193099975586
2012-05-08,41.70000076293945,40.849998474121094,41.0099983215332,41.61000061035156,1118900.0,34.28981018066406
2012-05-09,41.7400016784668,40.880001068115234,40.9900016784668,41.400001525878906,953900.0,34.11674880981445
2012-05-10,41.779998779296875,41.27000045776367,41.70000076293945,41.34000015258789,703200.0,34.06731414794922
2012-05-11,41.630001068115234,40.939998626708984,41.060001373291016,41.22999954223633,627000.0,33.97664260864258
2012-05-14,40.939998626708984,40.52000045776367,40.81999969482422,40.65999984741211,713200.0,33.50693130493164
2012-05-15,40.7599983215332,40.150001525878906,40.529998779296875,40.220001220703125,807900.0,33.14434814453125
2012-05-16,40.59000015258789,39.61000061035156,40.56999969482422,39.630001068115234,860300.0,32.65813064575195
2012-05-17,39.75,38.90999984741211,39.599998474121094,38.95000076293945,732600.0,32.097755432128906
2012-05-18,39.18000030517578,38.33000183105469,39.18000030517578,38.43000030517578,656700.0,31.66923713684082
2012-05-21,39.7400016784668,38.459999084472656,38.52000045776367,39.650001525878906,1784600.0,32.67462158203125
2012-05-22,39.81999969482422,39.439998626708984,39.599998474121094,39.79999923706055,1521900.0,32.798213958740234
2012-05-23,40.2400016784668,39.20000076293945,39.47999954223633,40.209999084472656,1400000.0,33.13609313964844
2012-05-24,40.31999969482422,38.91999816894531,40.31999969482422,39.18000030517578,1010300.0,32.28730392456055
2012-05-25,39.59000015258789,39.119998931884766,39.2400016784668,39.369998931884766,485800.0,32.443870544433594
2012-05-29,40.27000045776367,39.599998474121094,39.68000030517578,40.220001220703125,850200.0,33.14434814453125
2012-05-30,39.84000015258789,38.86000061035156,39.4900016784668,39.58000183105469,912300.0,32.88676071166992
2012-05-31,40.099998474121094,38.9900016784668,39.47999954223633,39.779998779296875,1345900.0,33.052940368652344
2012-06-01,39.560001373291016,38.79999923706055,39.060001373291016,39.099998474121094,1030000.0,32.48792266845703
2012-06-04,39.650001525878906,39.04999923706055,39.06999969482422,39.599998474121094,2055900.0,32.90337371826172
2012-06-05,40.119998931884766,39.439998626708984,39.56999969482422,40.0099983215332,646200.0,33.24404525756836
2012-06-06,40.95000076293945,40.220001220703125,40.2599983215332,40.88999938964844,789300.0,33.97523498535156
2012-06-07,41.689998626708984,40.58000183105469,41.29999923706055,40.66999816894531,826600.0,33.79243469238281
2012-06-08,40.970001220703125,40.290000915527344,40.38999938964844,40.86000061035156,723100.0,33.9503059387207
2012-06-11,41.220001220703125,40.150001525878906,41.20000076293945,40.209999084472656,570000.0,33.41023635864258
2012-06-12,40.86000061035156,40.189998626708984,40.25,40.83000183105469,466300.0,33.925376892089844
2012-06-13,41.09000015258789,40.29999923706055,40.77000045776367,40.41999816894531,995800.0,33.58470916748047
2012-06-14,40.91999816894531,40.130001068115234,40.5099983215332,40.790000915527344,639100.0,33.89214324951172
2012-06-15,41.38999938964844,40.84000015258789,40.849998474121094,41.22999954223633,808600.0,34.25773239135742
2012-06-18,41.77000045776367,40.88999938964844,41.060001373291016,41.650001525878906,430500.0,34.60670471191406
2012-06-19,42.040000915527344,41.63999938964844,41.93000030517578,41.86000061035156,604200.0,34.781192779541016
2012-06-20,42.4900016784668,41.7599983215332,41.90999984741211,42.2400016784668,550900.0,35.0969352722168
2012-06-21,42.31999969482422,40.95000076293945,42.290000915527344,41.02000045776367,561000.0,34.083248138427734
2012-06-22,41.58000183105469,41.09000015258789,41.2599983215332,41.38999938964844,731300.0,34.39067459106445
2012-06-25,41.2400016784668,40.529998779296875,40.9900016784668,40.709999084472656,466300.0,33.825679779052734
2012-06-26,41.130001068115234,40.540000915527344,40.81999969482422,40.86000061035156,588500.0,33.9503059387207
2012-06-27,41.72999954223633,41.0099983215332,41.0099983215332,41.61000061035156,455800.0,34.5734748840332
2012-06-28,41.560001373291016,40.59000015258789,41.34000015258789,40.91999816894531,902400.0,34.00015640258789
2012-06-29,41.959999084472656,41.54999923706055,41.81999969482422,41.849998474121094,1010100.0,34.772891998291016
2012-07-02,41.83000183105469,41.38999938964844,41.5,41.56999969482422,856700.0,34.540245056152344
2012-07-03,42.22999954223633,41.59000015258789,41.61000061035156,42.22999954223633,626100.0,35.08863830566406
2012-07-05,43.33000183105469,42.060001373291016,42.060001373291016,43.2400016784668,1014200.0,35.927825927734375
2012-07-06,42.939998626708984,41.650001525878906,42.81999969482422,41.959999084472656,594100.0,34.864288330078125
2012-07-09,41.93000030517578,41.04999923706055,41.65999984741211,41.29999923706055,858100.0,34.31589126586914
2012-07-10,41.75,40.47999954223633,41.5,40.63999938964844,732900.0,33.76750946044922
2012-07-11,40.959999084472656,40.220001220703125,40.72999954223633,40.52000045776367,661200.0,33.66780090332031
2012-07-12,40.43000030517578,39.97999954223633,40.18000030517578,40.25,510500.0,33.443458557128906
2012-07-13,40.959999084472656,40.34000015258789,40.43000030517578,40.849998474121094,591900.0,33.941993713378906
2012-07-16,40.790000915527344,40.209999084472656,40.7400016784668,40.400001525878906,455500.0,33.56810760498047
2012-07-17,40.66999816894531,39.849998474121094,40.4900016784668,40.45000076293945,472600.0,33.609649658203125
2012-07-18,41.459999084472656,40.41999816894531,40.41999816894531,41.349998474121094,499500.0,34.35744857788086
2012-07-19,42.0099983215332,41.27000045776367,41.5,41.77000045776367,554400.0,34.7064208984375
2012-07-20,41.689998626708984,41.150001525878906,41.5,41.25,314000.0,34.274349212646484
2012-07-23,40.91999816894531,39.02000045776367,40.189998626708984,40.7400016784668,307800.0,33.8505973815918
2012-07-24,40.810001373291016,39.66999816894531,40.75,39.95000076293945,496500.0,33.19419479370117
2012-07-25,40.619998931884766,39.880001068115234,40.099998474121094,40.34000015258789,419800.0,33.51824951171875
2012-07-26,41.459999084472656,40.83000183105469,41.18000030517578,41.25,418600.0,34.274349212646484
2012-07-27,42.560001373291016,41.220001220703125,41.4900016784668,42.5099983215332,644000.0,35.321285247802734
2012-07-30,42.849998474121094,42.119998931884766,42.209999084472656,42.15999984741211,2489300.0,35.03046417236328
2012-07-31,42.5,41.5099983215332,41.90999984741211,41.650001525878906,1113700.0,34.60670471191406
2012-08-01,42.97999954223633,41.20000076293945,41.650001525878906,42.310001373291016,1102900.0,35.15510559082031
2012-08-02,42.70000076293945,41.68000030517578,41.95000076293945,42.38999938964844,927900.0,35.22157669067383
2012-08-03,43.349998474121094,42.84000015258789,43.09000015258789,43.27000045776367,479600.0,35.952762603759766
2012-08-06,44.099998474121094,43.34000015258789,43.34000015258789,44.060001373291016,632600.0,36.60916519165039
2012-08-07,45.040000915527344,44.08000183105469,44.16999816894531,44.93000030517578,942800.0,37.33203887939453
2012-08-08,45.31999969482422,44.720001220703125,44.75,45.13999938964844,569500.0,37.50652313232422
2012-08-09,45.91999816894531,44.939998626708984,45.06999969482422,45.560001373291016,705400.0,37.85551834106445
2012-08-10,45.68000030517578,45.130001068115234,45.38999938964844,45.63999938964844,489800.0,37.92197799682617
2012-08-13,45.880001068115234,45.2400016784668,45.630001068115234,45.720001220703125,623100.0,37.98845672607422
2012-08-14,45.90999984741211,45.439998626708984,45.83000183105469,45.58000183105469,535400.0,37.87212371826172
2012-08-15,45.9900016784668,45.369998931884766,45.63999938964844,45.869998931884766,709600.0,38.11308288574219
2012-08-16,46.29999923706055,45.880001068115234,45.970001220703125,46.0,893300.0,38.221092224121094
2012-08-17,46.43000030517578,46.0,46.0099983215332,46.349998474121094,543800.0,38.51191711425781
2012-08-20,46.470001220703125,45.79999923706055,46.220001220703125,46.45000076293945,558300.0,38.59499740600586
2012-08-21,46.68000030517578,46.2599983215332,46.34000015258789,46.4900016784668,544500.0,38.628238677978516
2012-08-22,46.41999816894531,45.869998931884766,46.33000183105469,46.16999816894531,808100.0,38.36234664916992
2012-08-23,46.63999938964844,45.90999984741211,46.150001525878906,46.63999938964844,913800.0,38.752864837646484
2012-08-24,46.529998779296875,45.79999923706055,46.29999923706055,46.529998779296875,784300.0,38.66146469116211
2012-08-27,47.130001068115234,46.459999084472656,46.47999954223633,47.02000045776367,634200.0,39.068603515625
2012-08-28,47.400001525878906,46.61000061035156,46.72999954223633,47.279998779296875,1149200.0,39.28463363647461
2012-08-29,47.599998474121094,47.150001525878906,47.150001525878906,47.54999923706055,1443200.0,39.50897216796875
2012-08-30,47.36000061035156,46.7599983215332,47.040000915527344,47.09000015258789,923000.0,39.12677764892578
2012-08-31,47.54999923706055,46.81999969482422,47.2599983215332,47.029998779296875,754400.0,39.07691955566406
2012-09-04,47.02000045776367,46.09000015258789,46.9900016784668,46.79999923706055,928300.0,38.88581848144531
2012-09-05,46.84000015258789,46.06999969482422,46.52000045776367,46.099998474121094,862800.0,38.60943603515625
2012-09-06,47.279998779296875,46.369998931884766,46.5,46.95000076293945,976400.0,39.321327209472656
2012-09-07,47.36000061035156,46.439998626708984,46.7400016784668,47.099998474121094,747700.0,39.44694519042969
2012-09-10,47.13999938964844,46.77000045776367,47.099998474121094,46.790000915527344,577000.0,39.187313079833984
2012-09-11,47.849998474121094,46.720001220703125,46.90999984741211,47.77000045776367,1060200.0,40.008079528808594
2012-09-12,48.81999969482422,47.90999984741211,47.97999954223633,48.810001373291016,1180900.0,40.87910461425781
2012-09-13,49.95000076293945,48.369998931884766,48.75,49.540000915527344,1368600.0,41.490478515625
2012-09-14,50.52000045776367,49.47999954223633,49.5099983215332,50.52000045776367,1574500.0,42.31124496459961
2012-09-17,50.77000045776367,49.970001220703125,50.529998779296875,50.20000076293945,760400.0,42.04323959350586
2012-09-18,50.400001525878906,49.9900016784668,50.099998474121094,50.310001373291016,650500.0,42.135379791259766
2012-09-19,50.91999816894531,50.349998474121094,50.439998626708984,50.599998474121094,937600.0,42.37825393676758
2012-09-20,51.040000915527344,50.43000030517578,50.43000030517578,50.70000076293945,1028600.0,42.46200180053711
2012-09-21,51.349998474121094,51.029998779296875,51.06999969482422,51.15999984741211,1112200.0,42.84725570678711
2012-09-24,51.400001525878906,50.52000045776367,50.779998779296875,51.220001220703125,582500.0,42.89750671386719
2012-09-25,51.68000030517578,51.0,51.22999954223633,51.040000915527344,1091500.0,42.74675750732422
2012-09-26,51.22999954223633,50.290000915527344,51.13999938964844,50.79999923706055,544100.0,42.54574966430664
2012-09-27,51.470001220703125,50.849998474121094,50.970001220703125,51.34000015258789,971200.0,42.998008728027344
2012-09-28,51.36000061035156,50.540000915527344,51.15999984741211,51.220001220703125,1113300.0,42.89750671386719
2012-10-01,51.27000045776367,50.5,51.27000045776367,50.880001068115234,1052200.0,42.61274719238281
2012-10-02,51.470001220703125,51.0099983215332,51.25,51.38999938964844,972500.0,43.039886474609375
2012-10-03,51.93000030517578,51.310001373291016,51.540000915527344,51.560001373291016,957100.0,43.18225860595703
2012-10-04,51.790000915527344,50.9900016784668,51.66999816894531,51.119998931884766,1425400.0,42.81374740600586
2012-10-05,52.22999954223633,51.27000045776367,51.47999954223633,51.970001220703125,1209600.0,43.5256462097168
2012-10-08,51.9900016784668,51.459999084472656,51.66999816894531,51.689998626708984,504400.0,43.291133880615234
2012-10-09,51.939998626708984,50.970001220703125,51.650001525878906,51.099998474121094,646000.0,42.79700469970703
2012-10-10,51.27000045776367,50.79999923706055,51.18000030517578,50.86000061035156,426500.0,42.59600830078125
2012-10-11,51.56999969482422,50.790000915527344,51.349998474121094,50.849998474121094,418100.0,42.58762741088867
2012-10-12,50.7400016784668,48.689998626708984,50.7400016784668,48.84000015258789,1634900.0,40.904205322265625
2012-10-15,48.29999923706055,46.540000915527344,47.84000015258789,46.86000061035156,3029700.0,39.24592971801758
2012-10-16,47.13999938964844,46.72999954223633,46.790000915527344,46.959999084472656,1899900.0,39.32969665527344
2012-10-17,47.459999084472656,46.810001373291016,46.970001220703125,47.13999938964844,797200.0,39.48044967651367
2012-10-18,47.25,46.68000030517578,47.15999984741211,46.95000076293945,1132800.0,39.321327209472656
2012-10-19,46.939998626708984,46.119998931884766,46.900001525878906,46.33000183105469,785200.0,38.80206298828125
2012-10-22,46.529998779296875,45.849998474121094,46.47999954223633,46.31999969482422,631400.0,38.79368591308594
2012-10-23,46.380001068115234,45.619998931884766,45.869998931884766,46.16999816894531,851500.0,38.66804885864258
2012-10-24,46.83000183105469,45.939998626708984,46.4900016784668,46.650001525878906,1255000.0,39.070068359375
2012-10-25,47.2599983215332,46.70000076293945,46.81999969482422,47.060001373291016,719800.0,39.41344451904297
2012-10-26,47.31999969482422,46.970001220703125,47.16999816894531,47.13999938964844,970800.0,39.48044967651367
2012-10-31,46.869998931884766,45.72999954223633,46.7400016784668,45.779998779296875,1002800.0,38.34141540527344
2012-11-01,47.709999084472656,45.75,45.790000915527344,47.65999984741211,877000.0,39.91596221923828
2012-11-02,48.0,47.0099983215332,47.959999084472656,47.459999084472656,695200.0,39.74845504760742
2012-11-05,48.47999954223633,47.18000030517578,47.20000076293945,48.380001068115234,804800.0,40.51897048950195
2012-11-06,49.470001220703125,48.22999954223633,48.45000076293945,49.25,929500.0,41.24760437011719
2012-11-07,48.93000030517578,48.02000045776367,48.93000030517578,48.25,1220100.0,40.410091400146484
2012-11-08,48.81999969482422,47.88999938964844,48.349998474121094,47.959999084472656,760300.0,40.167205810546875
2012-11-09,49.04999923706055,47.83000183105469,47.86000061035156,48.650001525878906,1037600.0,40.745094299316406
2012-11-12,49.040000915527344,47.790000915527344,48.459999084472656,48.13999938964844,537100.0,40.317962646484375
2012-11-13,48.439998626708984,47.54999923706055,47.720001220703125,47.939998626708984,1194000.0,40.15045928955078
2012-11-14,48.34000015258789,46.689998626708984,48.20000076293945,46.86000061035156,1180800.0,39.24592971801758
2012-11-15,47.20000076293945,46.029998779296875,46.90999984741211,46.29999923706055,1453900.0,38.77693557739258
2012-11-16,46.54999923706055,45.7400016784668,46.29999923706055,46.41999816894531,1619800.0,38.87744140625
2012-11-19,46.93000030517578,46.38999938964844,46.81999969482422,46.59000015258789,952100.0,39.019813537597656
2012-11-20,46.439998626708984,45.939998626708984,46.439998626708984,46.27000045776367,1252200.0,39.062034606933594
2012-11-21,46.41999816894531,46.09000015258789,46.380001068115234,46.2599983215332,773500.0,39.05358123779297
2012-11-23,46.83000183105469,46.459999084472656,46.5099983215332,46.83000183105469,375500.0,39.53478240966797
2012-11-26,47.060001373291016,46.5,46.81999969482422,46.56999969482422,648500.0,39.31529235839844
2012-11-27,47.060001373291016,46.459999084472656,46.56999969482422,46.650001525878906,900300.0,39.38282775878906
2012-11-28,47.04999923706055,46.16999816894531,46.5,47.0,585900.0,39.67829132080078
2012-11-29,47.58000183105469,46.779998779296875,47.02000045776367,47.2400016784668,622200.0,39.880916595458984
2012-11-30,47.470001220703125,46.86000061035156,47.29999923706055,47.130001068115234,634300.0,39.788047790527344
2012-12-03,47.59000015258789,46.400001525878906,47.16999816894531,46.41999816894531,627500.0,39.18865966796875
2012-12-04,47.689998626708984,46.400001525878906,46.470001220703125,47.61000061035156,958200.0,40.19327926635742
2012-12-05,48.06999969482422,47.18000030517578,47.560001373291016,47.97999954223633,713500.0,40.505638122558594
2012-12-06,48.04999923706055,46.25,47.02000045776367,48.029998779296875,1130600.0,40.5478515625
2012-12-07,48.52000045776367,47.81999969482422,48.04999923706055,48.4900016784668,629600.0,40.936195373535156
2012-12-10,49.150001525878906,48.11000061035156,48.15999984741211,49.02000045776367,974800.0,41.383636474609375
2012-12-11,49.59000015258789,48.970001220703125,49.0099983215332,49.310001373291016,764000.0,41.62846755981445
2012-12-12,49.7400016784668,48.95000076293945,49.5,49.060001373291016,1220600.0,41.417388916015625
2012-12-13,49.380001068115234,48.5099983215332,48.91999816894531,48.79999923706055,790100.0,41.19789505004883
2012-12-14,48.599998474121094,48.09000015258789,48.5099983215332,48.16999816894531,648600.0,40.66603088378906
2012-12-17,48.7400016784668,48.150001525878906,48.439998626708984,48.63999938964844,727000.0,41.06282424926758
2012-12-18,49.720001220703125,48.45000076293945,48.70000076293945,49.70000076293945,1028300.0,41.95770263671875
2012-12-19,50.349998474121094,49.47999954223633,49.709999084472656,50.099998474121094,1259700.0,42.29538345336914
2012-12-20,50.20000076293945,49.689998626708984,50.0,49.900001525878906,1169000.0,42.12654113769531
2012-12-21,50.040000915527344,49.36000061035156,49.369998931884766,49.66999816894531,1164600.0,41.93236541748047
2012-12-24,49.689998626708984,49.279998779296875,49.349998474121094,49.540000915527344,278500.0,41.82261657714844
2012-12-26,49.88999938964844,49.11000061035156,49.5099983215332,49.38999938964844,478700.0,41.695980072021484
2012-12-27,49.47999954223633,48.5,49.400001525878906,49.119998931884766,465900.0,41.468048095703125
2012-12-28,48.90999984741211,48.29999923706055,48.83000183105469,48.310001373291016,438400.0,40.78422546386719
2012-12-31,48.97999954223633,48.11000061035156,48.25,48.959999084472656,526800.0,41.33296585083008
2013-01-02,50.45000076293945,49.84000015258789,49.869998931884766,50.209999084472656,977000.0,42.38825225830078
2013-01-03,50.459999084472656,49.41999816894531,50.209999084472656,49.439998626708984,774000.0,41.73819351196289
2013-01-04,50.2400016784668,49.25,49.58000183105469,49.880001068115234,711000.0,42.109649658203125
2013-01-07,50.209999084472656,49.34000015258789,49.59000015258789,50.06999969482422,764600.0,42.270057678222656
2013-01-08,49.52000045776367,48.83000183105469,49.369998931884766,48.90999984741211,858400.0,41.2907600402832
2013-01-09,50.0099983215332,49.04999923706055,49.119998931884766,50.0,1139000.0,42.210960388183594
2013-01-10,50.529998779296875,49.810001373291016,50.279998779296875,50.040000915527344,495800.0,42.244728088378906
2013-01-11,50.290000915527344,49.709999084472656,50.290000915527344,49.75,596400.0,41.99990463256836
2013-01-14,49.66999816894531,48.869998931884766,49.66999816894531,49.189998626708984,616100.0,41.52714920043945
2013-01-15,49.70000076293945,48.900001525878906,48.95000076293945,49.650001525878906,634800.0,41.91549301147461
2013-01-16,49.630001068115234,49.310001373291016,49.560001373291016,49.4900016784668,365700.0,41.78040313720703
2013-01-17,50.02000045776367,49.65999984741211,49.86000061035156,49.72999954223633,627800.0,41.98302459716797
2013-01-18,50.09000015258789,49.04999923706055,49.75,49.939998626708984,860700.0,42.160301208496094
2013-01-22,50.130001068115234,49.47999954223633,50.029998779296875,49.849998474121094,619300.0,42.08433151245117
2013-01-23,50.060001373291016,49.41999816894531,49.95000076293945,49.54999923706055,543300.0,41.83106231689453
2013-01-24,49.849998474121094,49.2400016784668,49.59000015258789,49.47999954223633,764600.0,41.7719612121582
2013-01-25,49.63999938964844,49.189998626708984,49.5,49.4900016784668,812500.0,41.78040313720703
2013-01-28,49.720001220703125,49.11000061035156,49.720001220703125,49.25,686200.0,41.577796936035156
2013-01-29,48.84000015258789,46.720001220703125,48.81999969482422,47.09000015258789,1678100.0,39.7542839050293
2013-01-30,47.4900016784668,46.720001220703125,46.779998779296875,46.900001525878906,984400.0,39.5938835144043
2013-01-31,47.04999923706055,46.150001525878906,46.86000061035156,46.20000076293945,1315100.0,39.002933502197266
2013-02-01,46.5,45.61000061035156,46.040000915527344,46.279998779296875,1387600.0,39.07046127319336
2013-02-04,46.25,45.650001525878906,46.0099983215332,45.68000030517578,746800.0,38.56393814086914
2013-02-05,46.38999938964844,45.72999954223633,45.81999969482422,46.310001373291016,730200.0,39.095794677734375
2013-02-06,46.70000076293945,45.970001220703125,46.099998474121094,46.5,648000.0,39.25619888305664
2013-02-07,46.880001068115234,46.209999084472656,46.560001373291016,46.529998779296875,879900.0,39.28152847290039
2013-02-08,47.029998779296875,46.4900016784668,46.689998626708984,46.619998931884766,811500.0,39.35749053955078
2013-02-11,46.86000061035156,46.27000045776367,46.529998779296875,46.540000915527344,813000.0,39.28997039794922
2013-02-12,46.88999938964844,46.369998931884766,46.59000015258789,46.75,661900.0,39.467254638671875
2013-02-13,47.18000030517578,46.630001068115234,46.84000015258789,47.099998474121094,639000.0,39.762718200683594
2013-02-14,47.869998931884766,46.869998931884766,46.959999084472656,47.7400016784668,932900.0,40.30303192138672
2013-02-15,47.970001220703125,47.45000076293945,47.939998626708984,47.61000061035156,900100.0,40.19327926635742
2013-02-19,48.060001373291016,47.29999923706055,47.56999969482422,47.650001525878906,967900.0,40.22704315185547
2013-02-20,47.880001068115234,47.18000030517578,47.18000030517578,47.459999084472656,847200.0,40.066646575927734
2013-02-21,47.209999084472656,46.68000030517578,47.209999084472656,47.0,878400.0,39.67829132080078
2013-02-22,48.20000076293945,47.130001068115234,47.130001068115234,47.97999954223633,858300.0,40.505638122558594
2013-02-25,48.369998931884766,47.099998474121094,48.2599983215332,47.099998474121094,978500.0,39.762718200683594
2013-02-26,47.459999084472656,46.900001525878906,47.09000015258789,47.310001373291016,775600.0,39.94001388549805
2013-02-27,48.4900016784668,47.34000015258789,47.34000015258789,48.060001373291016,923800.0,40.57316970825195
2013-02-28,48.439998626708984,47.91999816894531,47.91999816894531,48.06999969482422,816200.0,40.58161926269531
2013-03-01,48.16999816894531,47.33000183105469,47.849998474121094,47.709999084472656,684100.0,40.2776985168457
2013-03-04,47.72999954223633,47.04999923706055,47.5099983215332,47.33000183105469,489700.0,39.95689392089844
2013-03-05,47.5099983215332,47.02000045776367,47.33000183105469,47.22999954223633,620900.0,40.18663024902344
2013-03-06,46.79999923706055,45.38999938964844,46.790000915527344,45.72999954223633,1751900.0,38.91032409667969
2013-03-07,46.22999954223633,45.47999954223633,45.75,45.7400016784668,785900.0,38.91883850097656
2013-03-08,46.0,45.08000183105469,45.939998626708984,45.41999816894531,1025800.0,38.64656448364258
2013-03-11,45.45000076293945,44.59000015258789,45.380001068115234,44.81999969482422,1315200.0,38.13602828979492
2013-03-12,44.95000076293945,44.470001220703125,44.79999923706055,44.93000030517578,1218700.0,38.22962951660156
2013-03-13,45.43000030517578,44.65999984741211,44.939998626708984,45.2599983215332,878700.0,38.51042175292969
2013-03-14,45.5,44.77000045776367,45.439998626708984,44.88999938964844,854300.0,38.19559097290039
2013-03-15,44.93000030517578,44.220001220703125,44.7400016784668,44.36000061035156,1579100.0,37.744625091552734
2013-03-18,44.61000061035156,43.75,43.91999816894531,44.29999923706055,811500.0,37.69357681274414
2013-03-19,46.11000061035156,44.11000061035156,44.470001220703125,44.61000061035156,1140600.0,37.95735168457031
2013-03-20,45.15999984741211,44.70000076293945,44.88999938964844,44.97999954223633,763400.0,38.27217483520508
2013-03-21,44.90999984741211,44.130001068115234,44.58000183105469,44.130001068115234,963400.0,37.54893493652344
2013-03-22,44.310001373291016,43.70000076293945,44.2599983215332,43.9900016784668,952300.0,37.42981719970703
2013-03-25,44.709999084472656,44.029998779296875,44.04999923706055,44.630001068115234,1092400.0,37.974361419677734
2013-03-26,45.040000915527344,44.66999816894531,44.81999969482422,44.900001525878906,924800.0,38.2041015625
2013-03-27,45.380001068115234,44.31999969482422,44.65999984741211,45.290000915527344,849300.0,38.53593444824219
2013-03-28,46.58000183105469,45.0099983215332,45.349998474121094,46.34000015258789,1314800.0,39.429359436035156
2013-04-01,46.290000915527344,45.75,46.290000915527344,46.040000915527344,1050100.0,39.174095153808594
2013-04-02,46.5,45.93000030517578,46.36000061035156,46.25,778200.0,39.352783203125
2013-04-03,46.65999984741211,45.59000015258789,46.31999969482422,45.79999923706055,773500.0,38.969886779785156
2013-04-04,45.790000915527344,45.099998474121094,45.63999938964844,45.27000045776367,597400.0,38.51893615722656
2013-04-05,44.880001068115234,44.369998931884766,44.7599983215332,44.52000045776367,616100.0,37.88077163696289
2013-04-08,44.7400016784668,44.33000183105469,44.66999816894531,44.7400016784668,508700.0,38.06797409057617
2013-04-09,45.380001068115234,44.47999954223633,44.66999816894531,44.95000076293945,802500.0,38.246646881103516
2013-04-10,45.849998474121094,45.08000183105469,45.150001525878906,45.810001373291016,705100.0,38.9783935546875
2013-04-11,46.58000183105469,45.560001373291016,45.68000030517578,46.560001373291016,1024300.0,39.616546630859375
2013-04-12,45.75,43.849998474121094,44.79999923706055,44.060001373291016,2521800.0,37.489376068115234
2013-04-15,43.93000030517578,42.560001373291016,43.779998779296875,42.79999923706055,2146800.0,36.41728210449219
2013-04-16,43.099998474121094,42.150001525878906,42.970001220703125,42.36000061035156,1827900.0,36.04289245605469
2013-04-17,42.45000076293945,41.290000915527344,42.209999084472656,41.709999084472656,1755100.0,35.48982238769531
2013-04-18,41.83000183105469,41.08000183105469,41.630001068115234,41.65999984741211,1269300.0,35.44728469848633
2013-04-19,42.08000183105469,41.619998931884766,41.75,41.97999954223633,933100.0,35.71955871582031
2013-04-22,43.040000915527344,41.79999923706055,42.040000915527344,42.7400016784668,1221000.0,36.36623001098633
2013-04-23,43.220001220703125,42.720001220703125,42.9900016784668,43.099998474121094,1234700.0,36.67253112792969
2013-04-24,43.7599983215332,42.91999816894531,43.119998931884766,43.58000183105469,792100.0,37.08095932006836
2013-04-25,44.33000183105469,43.63999938964844,43.779998779296875,44.2599983215332,841500.0,37.659542083740234
2013-04-26,44.29999923706055,43.720001220703125,44.18000030517578,43.93000030517578,872700.0,37.37875747680664
2013-04-29,44.619998931884766,43.95000076293945,44.18000030517578,44.59000015258789,804400.0,37.94033432006836
2013-04-30,46.5099983215332,43.95000076293945,44.9900016784668,46.20000076293945,1602600.0,39.31023406982422
2013-05-01,45.91999816894531,45.20000076293945,45.91999816894531,45.220001220703125,984000.0,38.476383209228516
2013-05-02,46.06999969482422,45.29999923706055,45.40999984741211,45.900001525878906,900300.0,39.054969787597656
2013-05-03,46.650001525878906,46.2599983215332,46.38999938964844,46.470001220703125,690200.0,39.53997039794922
2013-05-06,46.790000915527344,46.18000030517578,46.41999816894531,46.599998474121094,603000.0,39.65056610107422
2013-05-07,47.310001373291016,46.4900016784668,46.68000030517578,47.20000076293945,644800.0,40.16110610961914
2013-05-08,48.45000076293945,47.0099983215332,47.060001373291016,48.290000915527344,962300.0,41.08855438232422
2013-05-09,48.959999084472656,48.11000061035156,48.2599983215332,48.52000045776367,963700.0,41.28425598144531
2013-05-10,48.97999954223633,48.31999969482422,48.56999969482422,48.790000915527344,715300.0,41.51399612426758
2013-05-13,49.369998931884766,48.58000183105469,49.040000915527344,48.9900016784668,884000.0,41.684173583984375
2013-05-14,49.689998626708984,48.869998931884766,48.869998931884766,49.290000915527344,986000.0,41.93942642211914
2013-05-15,49.84000015258789,49.15999984741211,49.27000045776367,49.81999969482422,696400.0,42.39038848876953
2013-05-16,50.4900016784668,49.369998931884766,49.709999084472656,49.43000030517578,1086700.0,42.05854034423828
2013-05-17,50.68000030517578,49.310001373291016,49.310001373291016,50.459999084472656,983700.0,42.9349365234375
2013-05-20,50.939998626708984,50.060001373291016,50.29999923706055,50.36000061035156,679800.0,42.849857330322266
2013-05-21,50.83000183105469,50.13999938964844,50.54999923706055,50.16999816894531,689700.0,42.68819046020508
2013-05-22,50.650001525878906,49.68000030517578,50.40999984741211,49.900001525878906,722500.0,42.45845031738281
2013-05-23,50.29999923706055,49.369998931884766,49.43000030517578,50.099998474121094,597700.0,42.62864685058594
2013-05-24,50.380001068115234,49.4900016784668,49.880001068115234,50.369998931884766,561400.0,42.858360290527344
2013-05-28,51.400001525878906,50.7400016784668,50.810001373291016,51.22999954223633,1001800.0,43.59011459350586
2013-05-29,51.459999084472656,50.36000061035156,50.56999969482422,51.15999984741211,1462100.0,43.84721755981445
2013-05-30,51.349998474121094,50.880001068115234,51.060001373291016,51.029998779296875,721000.0,43.735816955566406
2013-05-31,51.290000915527344,50.06999969482422,50.95000076293945,50.130001068115234,910700.0,42.9644660949707
2013-06-03,50.47999954223633,49.34000015258789,50.22999954223633,50.459999084472656,904800.0,43.24729919433594
2013-06-04,50.70000076293945,49.970001220703125,50.4900016784668,50.08000183105469,800600.0,42.92160415649414
2013-06-05,50.22999954223633,49.5,50.02000045776367,49.529998779296875,573500.0,42.45021438598633
2013-06-06,50.36000061035156,49.59000015258789,49.65999984741211,50.11000061035156,821500.0,42.94731521606445
2013-06-07,50.439998626708984,49.810001373291016,50.31999969482422,50.349998474121094,494400.0,43.15301513671875
2013-06-10,50.529998779296875,50.15999984741211,50.45000076293945,50.349998474121094,342100.0,43.15301513671875
2013-06-11,50.33000183105469,49.65999984741211,49.90999984741211,49.79999923706055,315700.0,42.681636810302734
2013-06-12,50.18000030517578,48.9900016784668,50.06999969482422,49.04999923706055,408800.0,42.03882598876953
2013-06-13,50.130001068115234,48.880001068115234,49.09000015258789,49.9900016784668,388800.0,42.8444709777832
2013-06-14,50.41999816894531,49.63999938964844,49.84000015258789,49.81999969482422,540000.0,42.69877243041992
2013-06-17,50.36000061035156,49.560001373291016,50.029998779296875,49.849998474121094,707300.0,42.724491119384766
2013-06-18,50.220001220703125,49.709999084472656,49.95000076293945,50.09000015258789,559600.0,42.93016815185547
2013-06-19,50.70000076293945,49.79999923706055,50.22999954223633,49.849998474121094,869000.0,42.724491119384766
2013-06-20,49.560001373291016,48.43000030517578,49.529998779296875,48.45000076293945,691400.0,41.52460479736328
2013-06-21,49.060001373291016,48.029998779296875,48.880001068115234,48.58000183105469,1305600.0,41.63601303100586
2013-06-24,48.65999984741211,47.689998626708984,48.20000076293945,47.81999969482422,548500.0,40.984657287597656
2013-06-25,48.400001525878906,47.75,48.279998779296875,48.119998931884766,511300.0,41.241756439208984
2013-06-26,49.0099983215332,48.06999969482422,48.470001220703125,48.849998474121094,721600.0,41.86742401123047
2013-06-27,49.66999816894531,49.04999923706055,49.08000183105469,49.459999084472656,432800.0,42.390228271484375
2013-06-28,49.439998626708984,48.88999938964844,49.31999969482422,49.25,1162200.0,42.21024703979492
2013-07-01,50.11000061035156,49.400001525878906,49.68000030517578,49.959999084472656,782800.0,42.818763732910156
2013-07-02,50.27000045776367,49.11000061035156,49.790000915527344,49.31999969482422,538100.0,42.27023696899414
2013-07-03,49.29999923706055,48.75,49.04999923706055,49.08000183105469,370400.0,42.064544677734375
2013-07-05,49.560001373291016,49.029998779296875,49.36000061035156,49.560001373291016,372200.0,42.47593307495117
2013-07-08,49.939998626708984,49.41999816894531,49.68000030517578,49.70000076293945,682900.0,42.59592056274414
2013-07-09,50.349998474121094,49.75,49.81999969482422,49.900001525878906,842800.0,42.76734161376953
2013-07-10,50.34000015258789,49.5,49.5,50.16999816894531,735900.0,42.998741149902344
2013-07-11,51.209999084472656,50.66999816894531,50.72999954223633,51.060001373291016,617600.0,43.76152038574219
2013-07-12,51.7599983215332,51.040000915527344,51.20000076293945,51.7599983215332,521500.0,44.3614616394043
2013-07-15,52.130001068115234,50.939998626708984,51.91999816894531,51.849998474121094,826300.0,44.438602447509766
2013-07-16,52.150001525878906,51.68000030517578,51.7400016784668,51.79999923706055,697400.0,44.395751953125
2013-07-17,52.22999954223633,51.619998931884766,52.0,51.83000183105469,379400.0,44.421470642089844
2013-07-18,52.470001220703125,51.41999816894531,51.86000061035156,52.45000076293945,629800.0,44.952850341796875
2013-07-19,52.86000061035156,52.029998779296875,52.459999084472656,52.70000076293945,509600.0,45.1671028137207
2013-07-22,52.90999984741211,52.38999938964844,52.619998931884766,52.65999984741211,302900.0,45.13282012939453
2013-07-23,52.849998474121094,52.08000183105469,52.7599983215332,52.41999816894531,516700.0,44.927127838134766
2013-07-24,52.86000061035156,52.4900016784668,52.59000015258789,52.79999923706055,419700.0,45.2528076171875
2013-07-25,53.290000915527344,52.630001068115234,52.75,53.15999984741211,628400.0,45.56135559082031
2013-07-26,52.95000076293945,52.40999984741211,52.86000061035156,52.7400016784668,512600.0,45.201393127441406
2013-07-29,53.20000076293945,52.33000183105469,52.630001068115234,52.83000183105469,917600.0,45.27853012084961
2013-07-30,57.45000076293945,53.63999938964844,53.88999938964844,56.970001220703125,2457800.0,48.826759338378906
2013-07-31,57.70000076293945,56.43000030517578,57.0099983215332,57.06999969482422,1069000.0,48.91246032714844
2013-08-01,57.68000030517578,56.959999084472656,57.36000061035156,57.4900016784668,946500.0,49.27243423461914
2013-08-02,57.869998931884766,56.630001068115234,56.75,57.119998931884766,962200.0,48.955318450927734
2013-08-05,57.9900016784668,56.709999084472656,57.0,57.75,927600.0,49.495269775390625
2013-08-06,57.90999984741211,56.7400016784668,57.75,57.290000915527344,815400.0,49.10101318359375
2013-08-07,57.36000061035156,56.43000030517578,57.130001068115234,57.0,845700.0,48.852474212646484
2013-08-08,57.90999984741211,56.90999984741211,57.369998931884766,57.630001068115234,516000.0,49.392425537109375
2013-08-09,57.95000076293945,57.400001525878906,57.56999969482422,57.650001525878906,601000.0,49.40956115722656
2013-08-12,58.099998474121094,57.279998779296875,57.279998779296875,57.66999816894531,608200.0,49.42669677734375
2013-08-13,58.5,57.56999969482422,57.86000061035156,58.27000045776367,477500.0,49.94093322753906
2013-08-14,58.4900016784668,58.0099983215332,58.25,58.220001220703125,392900.0,49.8980827331543
2013-08-15,57.58000183105469,56.70000076293945,57.439998626708984,56.93000030517578,621600.0,48.792476654052734
2013-08-16,57.88999938964844,56.709999084472656,56.79999923706055,57.290000915527344,539700.0,49.10101318359375
2013-08-19,57.439998626708984,56.439998626708984,57.349998474121094,56.439998626708984,649300.0,48.372520446777344
2013-08-20,56.88999938964844,56.150001525878906,56.63999938964844,56.36000061035156,904900.0,48.303951263427734
2013-08-21,56.630001068115234,56.0099983215332,56.06999969482422,56.09000015258789,568800.0,48.072540283203125
2013-08-22,56.81999969482422,56.18000030517578,56.34000015258789,56.54999923706055,436200.0,48.46678924560547
2013-08-23,57.08000183105469,56.47999954223633,56.75,56.970001220703125,465700.0,48.826759338378906
2013-08-26,57.68000030517578,56.9900016784668,56.9900016784668,57.02000045776367,579800.0,48.8696174621582
2013-08-27,56.68000030517578,55.59000015258789,56.38999938964844,55.65999984741211,521000.0,47.70400619506836
2013-08-28,56.459999084472656,55.459999084472656,55.65999984741211,56.220001220703125,646400.0,48.1839714050293
2013-08-29,56.779998779296875,55.849998474121094,56.02000045776367,56.5,513800.0,48.42394256591797
2013-08-30,56.849998474121094,56.029998779296875,56.439998626708984,56.630001068115234,722100.0,48.535362243652344
2013-09-03,58.13999938964844,57.13999938964844,57.31999969482422,57.560001373291016,943300.0,49.33243179321289
2013-09-04,58.279998779296875,57.38999938964844,57.75,58.220001220703125,917500.0,49.8980827331543
2013-09-05,58.560001373291016,57.84000015258789,58.119998931884766,58.43000030517578,656600.0,50.07807540893555
2013-09-06,58.220001220703125,56.93000030517578,58.0099983215332,57.279998779296875,724000.0,49.44789123535156
2013-09-09,57.9900016784668,57.41999816894531,57.43000030517578,57.7400016784668,364500.0,49.8449821472168
2013-09-10,58.09000015258789,57.540000915527344,57.90999984741211,58.06999969482422,437500.0,50.12986373901367
2013-09-11,58.599998474121094,57.81999969482422,58.119998931884766,58.310001373291016,672000.0,50.33705139160156
2013-09-12,58.720001220703125,57.849998474121094,58.15999984741211,58.209999084472656,766800.0,50.25072479248047
2013-09-13,58.38999938964844,57.70000076293945,58.369998931884766,57.93000030517578,564200.0,50.00900650024414
2013-09-16,58.56999969482422,57.81999969482422,58.43000030517578,58.380001068115234,550100.0,50.39746856689453
2013-09-17,59.09000015258789,58.36000061035156,58.380001068115234,58.9900016784668,532800.0,50.924072265625
2013-09-18,59.18000030517578,57.970001220703125,58.83000183105469,58.400001525878906,599500.0,50.41473388671875
2013-09-19,58.70000076293945,57.75,58.599998474121094,57.97999954223633,757800.0,50.05216598510742
2013-09-20,58.619998931884766,57.88999938964844,57.9900016784668,58.150001525878906,1088000.0,50.19892120361328
2013-09-23,58.18000030517578,56.5,58.0,57.970001220703125,436800.0,50.043540954589844
2013-09-24,58.52000045776367,57.650001525878906,58.0,58.02000045776367,724100.0,50.08669662475586
2013-09-25,59.720001220703125,58.20000076293945,58.38999938964844,59.459999084472656,830400.0,51.329803466796875
2013-09-26,59.75,59.0099983215332,59.36000061035156,59.16999816894531,397400.0,51.07945251464844
2013-09-27,59.630001068115234,58.40999984741211,58.790000915527344,59.22999954223633,532400.0,51.13125228881836
2013-09-30,59.36000061035156,58.34000015258789,58.7400016784668,59.29999923706055,740900.0,51.19167709350586
2013-10-01,59.779998779296875,58.970001220703125,59.040000915527344,59.77000045776367,676600.0,51.597412109375
2013-10-02,59.470001220703125,58.68000030517578,59.279998779296875,58.93000030517578,630300.0,50.87227249145508
2013-10-03,58.77000045776367,58.119998931884766,58.720001220703125,58.380001068115234,818200.0,50.39746856689453
2013-10-04,59.95000076293945,58.43000030517578,58.619998931884766,59.59000015258789,549600.0,51.44203186035156
2013-10-07,59.060001373291016,58.470001220703125,58.9900016784668,58.470001220703125,369300.0,50.47517776489258
2013-10-08,59.31999969482422,57.970001220703125,58.540000915527344,58.0,553100.0,50.069427490234375
2013-10-09,58.52000045776367,57.209999084472656,58.0,58.09000015258789,580600.0,50.14712905883789
2013-10-10,59.599998474121094,58.540000915527344,58.72999954223633,59.599998474121094,405500.0,51.45065689086914
2013-10-11,59.52000045776367,59.099998474121094,59.470001220703125,59.29999923706055,445200.0,51.19167709350586
2013-10-14,59.90999984741211,58.40999984741211,58.79999923706055,59.72999954223633,422000.0,51.56288146972656
2013-10-15,59.880001068115234,58.77000045776367,59.47999954223633,58.970001220703125,425700.0,50.906803131103516
2013-10-16,59.470001220703125,58.040000915527344,59.349998474121094,58.77000045776367,814100.0,50.734153747558594
2013-10-17,59.11000061035156,58.4900016784668,58.65999984741211,59.11000061035156,636300.0,51.02766036987305
2013-10-18,59.70000076293945,58.7400016784668,59.4900016784668,59.5,493300.0,51.36433029174805
2013-10-21,60.310001373291016,59.439998626708984,59.70000076293945,59.61000061035156,504500.0,51.45928955078125
2013-10-22,61.09000015258789,59.470001220703125,59.65999984741211,61.08000183105469,767300.0,52.728302001953125
2013-10-23,61.06999969482422,60.349998474121094,60.86000061035156,60.959999084472656,740400.0,52.62470626831055
2013-10-24,61.13999938964844,59.93000030517578,60.849998474121094,60.060001373291016,582900.0,51.84775924682617
2013-10-25,60.220001220703125,59.279998779296875,60.060001373291016,59.61000061035156,467000.0,51.45928955078125
2013-10-28,59.75,58.83000183105469,59.70000076293945,59.400001525878906,1111400.0,51.27800369262695
2013-10-29,62.810001373291016,59.79999923706055,59.84000015258789,62.7599983215332,1395100.0,54.17858123779297
2013-10-30,62.68000030517578,61.79999923706055,62.68000030517578,62.13999938964844,792400.0,53.64336395263672
2013-10-31,62.310001373291016,61.34000015258789,62.0,61.959999084472656,726400.0,53.48796081542969
2013-11-01,62.16999816894531,61.279998779296875,62.0,61.720001220703125,483500.0,53.280784606933594
2013-11-04,62.13999938964844,61.59000015258789,61.90999984741211,62.11000061035156,528500.0,53.617454528808594
2013-11-05,62.27000045776367,61.40999984741211,61.900001525878906,62.16999816894531,840800.0,53.66924285888672
2013-11-06,63.209999084472656,62.2599983215332,62.31999969482422,62.7400016784668,815800.0,54.16131591796875
2013-11-07,63.0,62.31999969482422,62.93000030517578,62.45000076293945,734600.0,53.910972595214844
2013-11-08,63.65999984741211,62.47999954223633,62.4900016784668,63.619998931884766,750600.0,54.92098617553711
2013-11-11,63.61000061035156,62.91999816894531,63.61000061035156,63.560001373291016,457600.0,54.86920166015625
2013-11-12,63.5099983215332,63.0099983215332,63.5099983215332,63.34000015258789,583000.0,54.679283142089844
2013-11-13,63.86000061035156,62.91999816894531,63.060001373291016,63.86000061035156,431600.0,55.128170013427734
2013-11-14,64.41000366210938,63.560001373291016,63.84000015258789,64.3499984741211,451900.0,55.551170349121094
2013-11-15,64.80000305175781,64.0199966430664,64.1500015258789,64.41999816894531,729100.0,55.611595153808594
2013-11-18,65.0,64.05999755859375,64.62999725341797,64.19000244140625,491300.0,55.41306686401367
2013-11-19,63.939998626708984,63.400001525878906,63.77000045776367,63.630001068115234,527400.0,55.29139709472656
2013-11-20,64.08000183105469,63.47999954223633,63.70000076293945,63.59000015258789,325600.0,55.25663757324219
2013-11-21,64.87000274658203,63.75,64.01000213623047,64.76000213623047,685100.0,56.273319244384766
2013-11-22,65.87000274658203,64.37000274658203,64.6500015258789,65.48999786376953,828200.0,56.90764236450195
2013-11-25,65.33000183105469,64.23999786376953,65.29000091552734,64.44000244140625,500300.0,55.99526596069336
2013-11-26,64.8499984741211,64.26000213623047,64.37999725341797,64.51000213623047,460600.0,56.05607223510742
2013-11-27,64.94999694824219,64.0999984741211,64.80000305175781,64.80999755859375,372600.0,56.31675720214844
2013-11-29,64.95999908447266,64.37999725341797,64.75,64.51000213623047,204100.0,56.05607223510742
2013-12-02,64.7300033569336,63.93000030517578,64.62000274658203,64.04000091552734,550000.0,55.64767074584961
2013-12-03,64.63999938964844,63.650001525878906,64.05000305175781,64.20999908447266,573100.0,55.79538345336914
2013-12-04,64.9800033569336,63.869998931884766,64.06999969482422,64.72000122070312,669600.0,56.23855972290039
2013-12-05,64.86000061035156,64.12000274658203,64.55999755859375,64.80999755859375,612100.0,56.31675720214844
2013-12-06,66.87999725341797,65.0199966430664,65.0199966430664,66.41999816894531,945200.0,57.71577835083008
2013-12-09,67.37999725341797,65.94000244140625,66.37000274658203,66.62999725341797,1135600.0,57.898250579833984
2013-12-10,66.41000366210938,65.2699966430664,66.27999877929688,65.61000061035156,577400.0,57.01192092895508
2013-12-11,66.30000305175781,65.33000183105469,65.62999725341797,65.5199966430664,894600.0,56.933712005615234
2013-12-12,65.95999908447266,65.16999816894531,65.45999908447266,65.31999969482422,436300.0,56.75993347167969
2013-12-13,65.7699966430664,65.30000305175781,65.58999633789062,65.55000305175781,390100.0,56.959781646728516
2013-12-16,66.5199966430664,65.44000244140625,65.68000030517578,66.4000015258789,448600.0,57.69839096069336
2013-12-17,66.75,66.08000183105469,66.30999755859375,66.51000213623047,631300.0,57.793983459472656
2013-12-18,67.58000183105469,65.94999694824219,66.61000061035156,67.5199966430664,766900.0,58.671627044677734
2013-12-19,68.33999633789062,67.16000366210938,67.36000061035156,67.95999908447266,716500.0,59.0539665222168
2013-12-20,68.80999755859375,67.69000244140625,67.9000015258789,68.73999786376953,1042000.0,59.73173141479492
2013-12-23,69.45999908447266,68.73999786376953,69.13999938964844,69.06999969482422,641300.0,60.01851272583008
2013-12-24,69.47000122070312,68.7699966430664,69.22000122070312,68.97000122070312,264100.0,59.93159103393555
2013-12-26,69.81999969482422,68.81999969482422,68.91999816894531,69.66999816894531,422900.0,60.53988265991211
2013-12-27,70.7300033569336,69.80999755859375,70.7300033569336,70.16000366210938,304400.0,60.96565628051758
2013-12-30,70.52999877929688,69.5,70.20999908447266,69.79000091552734,353900.0,60.644134521484375
2013-12-31,70.44999694824219,69.52999877929688,70.0,69.80999755859375,322300.0,60.66152572631836
2014-01-02,69.6500015258789,68.08000183105469,69.62999725341797,68.4800033569336,601700.0,59.50581741333008
2014-01-03,69.5,68.4000015258789,68.61000061035156,69.30000305175781,502200.0,60.21835708618164
2014-01-06,69.75,68.69999694824219,69.12999725341797,68.80000305175781,690400.0,59.783878326416016
2014-01-07,69.38999938964844,67.6500015258789,68.75,69.01000213623047,1118500.0,59.96635437011719
2014-01-08,68.91000366210938,67.01000213623047,68.7300033569336,67.91000366210938,2199500.0,59.01051330566406
2014-01-09,68.58999633789062,67.80999755859375,68.26000213623047,68.37000274658203,717000.0,59.41023254394531
2014-01-10,68.9800033569336,68.38999938964844,68.63999938964844,68.95999908447266,433400.0,59.92292022705078
2014-01-13,69.27999877929688,67.83000183105469,68.62999725341797,67.94999694824219,509100.0,59.045257568359375
2014-01-14,69.30000305175781,67.80999755859375,67.80999755859375,69.29000091552734,470800.0,60.20966339111328
2014-01-15,70.13999938964844,69.05999755859375,69.25,70.04000091552734,507700.0,60.86139678955078
2014-01-16,70.69999694824219,69.44999694824219,69.76000213623047,70.58999633789062,1320300.0,61.33930206298828
2014-01-17,70.8499984741211,70.08000183105469,70.6500015258789,70.54000091552734,568200.0,61.29586410522461
2014-01-21,71.4000015258789,70.19999694824219,71.0,70.5,689100.0,61.261085510253906
2014-01-22,70.91000366210938,69.93000030517578,70.5,70.83999633789062,397100.0,61.55653381347656
2014-01-23,70.7300033569336,69.37000274658203,70.33999633789062,69.76000213623047,631000.0,60.61807632446289
2014-01-24,69.5999984741211,68.02999877929688,69.44000244140625,68.05999755859375,494800.0,59.14085006713867
2014-01-27,69.19999694824219,68.06999969482422,68.30999755859375,68.69999694824219,959500.0,59.696983337402344
2014-01-28,72.33000183105469,69.62000274658203,72.25,70.44000244140625,1097500.0,61.20896911621094
2014-01-29,70.79000091552734,69.91999816894531,70.16999816894531,70.4800033569336,992800.0,61.24371337890625
2014-01-30,69.91999816894531,68.72000122070312,69.0,69.7699966430664,898000.0,60.626766204833984
2014-01-31,69.87999725341797,68.88999938964844,69.02999877929688,69.33999633789062,980800.0,60.25310134887695
2014-02-03,69.33999633789062,67.01000213623047,69.33999633789062,67.23999786376953,1220100.0,58.42831039428711
2014-02-04,67.5999984741211,66.38999938964844,67.45999908447266,67.33000183105469,1023600.0,58.50651168823242
2014-02-05,68.18000030517578,66.33999633789062,67.16999816894531,67.97000122070312,904000.0,59.062660217285156
2014-02-06,68.94000244140625,68.04000091552734,68.05000305175781,68.91000366210938,377100.0,59.87947463989258
2014-02-07,70.9800033569336,68.86000061035156,69.08000183105469,70.91999816894531,864200.0,61.62604904174805
2014-02-10,71.11000061035156,70.51000213623047,70.69999694824219,71.06999969482422,737600.0,61.75639724731445
2014-02-11,71.5,70.62999725341797,70.79000091552734,71.30000305175781,715800.0,61.956268310546875
2014-02-12,72.2300033569336,71.1500015258789,71.55999755859375,71.56999969482422,581400.0,62.19088363647461
2014-02-13,71.73999786376953,70.80000305175781,71.26000213623047,71.69000244140625,570900.0,62.295166015625
2014-02-14,72.12000274658203,71.6500015258789,71.69000244140625,72.0,531800.0,62.564510345458984
2014-02-18,74.22000122070312,72.0,72.0,73.95999908447266,1314100.0,64.26766967773438
2014-02-19,73.7699966430664,72.44000244140625,73.56999969482422,72.56999969482422,686900.0,63.05982971191406
2014-02-20,73.43000030517578,72.31999969482422,72.73999786376953,72.63999938964844,812700.0,63.12065887451172
2014-02-21,73.54000091552734,72.79000091552734,72.9000015258789,72.8499984741211,558100.0,63.30314636230469
2014-02-24,73.20999908447266,72.58000183105469,72.88999938964844,72.66999816894531,531600.0,63.14672088623047
2014-02-25,72.83000183105469,72.13999938964844,72.62999725341797,72.2699966430664,453300.0,62.79913330078125
2014-02-26,72.94999694824219,72.12000274658203,72.62999725341797,72.47000122070312,677300.0,62.97293472290039
2014-02-27,74.19000244140625,72.4800033569336,72.4800033569336,74.06999969482422,1277900.0,64.36326599121094
2014-02-28,74.2300033569336,73.27999877929688,74.05000305175781,73.81999969482422,615900.0,64.1460189819336
2014-03-03,73.80000305175781,72.61000061035156,73.02999877929688,73.79000091552734,481400.0,64.11992645263672
2014-03-04,75.30000305175781,74.33999633789062,74.70999908447266,74.69999694824219,531400.0,64.91068267822266
2014-03-05,75.06999969482422,74.30999755859375,74.75,74.55999755859375,334500.0,64.78905487060547
2014-03-06,75.08999633789062,74.48999786376953,74.69999694824219,74.80999755859375,703900.0,65.00626373291016
2014-03-07,75.13999938964844,74.37000274658203,74.5,74.72000122070312,477000.0,65.29463958740234
2014-03-10,75.19999694824219,74.0199966430664,74.51000213623047,75.02999877929688,525900.0,65.5655517578125
2014-03-11,75.33000183105469,74.41000366210938,75.02999877929688,74.62000274658203,475600.0,65.20726776123047
2014-03-12,74.26000213623047,73.61000061035156,73.9800033569336,74.13999938964844,742900.0,64.78782653808594
2014-03-13,74.66000366210938,73.01000213623047,74.37000274658203,73.23999786376953,760800.0,64.0013427734375
2014-03-14,73.58000183105469,72.51000213623047,73.05999755859375,72.55999755859375,690900.0,63.40711212158203
2014-03-17,73.81999969482422,72.19999694824219,72.27999877929688,73.58999633789062,515000.0,64.30718231201172
2014-03-18,74.23999786376953,73.31999969482422,73.56999969482422,73.91000366210938,329900.0,64.58683013916016
2014-03-19,74.9000015258789,73.54000091552734,73.87000274658203,74.05999755859375,472300.0,64.71790313720703
2014-03-20,74.48999786376953,73.63999938964844,73.93000030517578,74.30000305175781,495400.0,64.92765045166016
2014-03-21,75.19999694824219,73.45999908447266,75.11000061035156,73.55000305175781,1461800.0,64.27224731445312
2014-03-24,73.87000274658203,72.47000122070312,73.83999633789062,72.62999725341797,441600.0,63.468299865722656
2014-03-25,73.6500015258789,72.66999816894531,73.41999816894531,73.16999816894531,536300.0,63.940189361572266
2014-03-26,73.91999816894531,72.29000091552734,73.66000366210938,72.29000091552734,568900.0,63.171180725097656
2014-03-27,73.01000213623047,71.83999633789062,72.29000091552734,71.95999908447266,434400.0,62.8828010559082
2014-03-28,72.80000305175781,71.77999877929688,72.22000122070312,71.87999725341797,287900.0,62.81291198730469
2014-03-31,73.83000183105469,72.94000244140625,73.30000305175781,73.16000366210938,579000.0,63.93143844604492
2014-04-01,73.95999908447266,73.06999969482422,73.25,73.81999969482422,626300.0,64.5081787109375
2014-04-02,75.19999694824219,73.76000213623047,73.83000183105469,74.87000274658203,491700.0,65.42575073242188
2014-04-03,75.26000213623047,73.30000305175781,75.02999877929688,74.19000244140625,727000.0,64.83149719238281
2014-04-04,74.79000091552734,72.26000213623047,74.61000061035156,72.43000030517578,773000.0,63.293521881103516
2014-04-07,72.55000305175781,70.9000015258789,72.36000061035156,71.3499984741211,550800.0,62.34974670410156
2014-04-08,71.58000183105469,70.38999938964844,71.25,71.45999908447266,479900.0,62.44585418701172
2014-04-09,72.37999725341797,71.44999694824219,71.66999816894531,72.33999633789062,459400.0,63.21485900878906
2014-04-10,72.37999725341797,69.91000366210938,72.19999694824219,69.91000366210938,551500.0,61.09141540527344
2014-04-11,70.86000061035156,69.37000274658203,69.66999816894531,69.58000183105469,479600.0,60.80303192138672
2014-04-14,70.19999694824219,68.62999725341797,70.0,69.33999633789062,486700.0,60.593299865722656
2014-04-15,70.56999969482422,69.0199966430664,69.69000244140625,70.47000122070312,566000.0,61.58075714111328
2014-04-16,71.41999816894531,70.63999938964844,70.93000030517578,71.41000366210938,299000.0,62.40218734741211
2014-04-17,72.6500015258789,71.0199966430664,71.38999938964844,72.22000122070312,423800.0,63.110023498535156
2014-04-21,72.91999816894531,71.9000015258789,72.55000305175781,72.37000274658203,332500.0,63.24108123779297
2014-04-22,73.26000213623047,72.45999908447266,72.45999908447266,72.75,387900.0,63.57315444946289
2014-04-23,73.08000183105469,72.33999633789062,72.9000015258789,72.76000213623047,301400.0,63.58189010620117
2014-04-24,73.2699966430664,71.5999984741211,73.0199966430664,72.13999938964844,497900.0,63.04010009765625
2014-04-25,72.19000244140625,71.3499984741211,72.01000213623047,71.62000274658203,448300.0,62.5856819152832
2014-04-28,72.4800033569336,70.70999908447266,72.02999877929688,71.37999725341797,884800.0,62.375980377197266
2014-04-29,73.4800033569336,71.98999786376953,73.05999755859375,72.63999938964844,574800.0,63.47702407836914
2014-04-30,73.55999755859375,72.72000122070312,72.7699966430664,73.5199966430664,793200.0,64.24602508544922
2014-05-01,74.0999984741211,73.0199966430664,73.33999633789062,73.4800033569336,767400.0,64.2110595703125
2014-05-02,74.11000061035156,73.22000122070312,73.55000305175781,73.37000274658203,727000.0,64.11493682861328
2014-05-05,73.68000030517578,72.73999786376953,73.12999725341797,73.55000305175781,480900.0,64.27224731445312
2014-05-06,74.19000244140625,73.31999969482422,73.66999816894531,73.70999908447266,592600.0,64.41207122802734
2014-05-07,74.88999938964844,73.76000213623047,73.91000366210938,74.87000274658203,905900.0,65.42575073242188
2014-05-08,75.43000030517578,74.52999877929688,74.69999694824219,74.94000244140625,554900.0,65.48689270019531
2014-05-09,74.91999816894531,74.16999816894531,74.61000061035156,74.83999633789062,438100.0,65.39950561523438
2014-05-12,75.94999694824219,75.08000183105469,75.12999725341797,75.8499984741211,364300.0,66.28211975097656
2014-05-13,76.12999725341797,75.48999786376953,75.75,75.88999938964844,559400.0,66.31707000732422
2014-05-14,76.22000122070312,75.43000030517578,75.87999725341797,75.56999969482422,1402900.0,66.03743743896484
2014-05-15,75.37000274658203,74.31999969482422,75.16999816894531,74.88999938964844,554900.0,65.4432144165039
2014-05-16,75.27999877929688,74.41000366210938,74.77999877929688,75.23999786376953,562500.0,65.74906921386719
2014-05-19,75.52999877929688,74.7699966430664,74.91000366210938,75.41000366210938,288700.0,65.89761352539062
2014-05-20,75.5199966430664,75.02999877929688,75.19999694824219,75.23999786376953,606700.0,65.74906921386719
2014-05-21,76.05999755859375,75.43000030517578,75.44999694824219,75.72000122070312,338700.0,66.16851043701172
2014-05-22,76.16000366210938,75.7300033569336,76.0,76.02999877929688,254300.0,66.43942260742188
2014-05-23,76.80999755859375,75.91000366210938,76.01000213623047,76.75,413600.0,67.06859588623047
2014-05-27,79.31999969482422,77.01000213623047,79.30000305175781,77.44000244140625,505400.0,67.67155456542969
2014-05-28,77.3499984741211,76.5999984741211,77.08999633789062,76.95999908447266,518000.0,67.61882781982422
2014-05-29,77.58999633789062,76.68000030517578,77.27999877929688,77.0,373700.0,67.65398406982422
2014-05-30,77.41999816894531,76.91999816894531,77.11000061035156,77.25,520400.0,67.87362670898438
2014-06-02,77.48999786376953,76.7300033569336,77.25,77.18000030517578,540700.0,67.8121337890625
2014-06-03,77.13999938964844,74.94999694824219,76.81999969482422,75.55999755859375,1754700.0,66.38875579833984
2014-06-04,76.44999694824219,75.51000213623047,76.44999694824219,75.7300033569336,854500.0,66.53812408447266
2014-06-05,76.62999725341797,75.36000061035156,76.1500015258789,76.48999786376953,485000.0,67.20586395263672
2014-06-06,77.5199966430664,76.58999633789062,76.58999633789062,77.3499984741211,459700.0,67.96149444580078
2014-06-09,77.9000015258789,77.11000061035156,77.16999816894531,77.55000305175781,576100.0,68.13722229003906
2014-06-10,77.6500015258789,77.11000061035156,77.11000061035156,77.45999908447266,304600.0,68.05816650390625
2014-06-11,77.7699966430664,77.12999725341797,77.12999725341797,77.37999725341797,370800.0,67.98783874511719
2014-06-12,77.1500015258789,76.04000091552734,77.1500015258789,76.26000213623047,319200.0,67.0038070678711
2014-06-13,76.7699966430664,75.75,76.69000244140625,75.98999786376953,388600.0,66.76656341552734
2014-06-16,76.55999755859375,75.66999816894531,75.79000091552734,75.75,310600.0,66.55567932128906
2014-06-17,76.16999816894531,75.3499984741211,75.75,75.69999694824219,440000.0,66.51175689697266
2014-06-18,75.87000274658203,75.05000305175781,75.80999755859375,75.58000183105469,515100.0,66.40631866455078
2014-06-19,76.2300033569336,75.08000183105469,75.9000015258789,75.5,543300.0,66.3360366821289
2014-06-20,76.12999725341797,75.62999725341797,75.80000305175781,75.77999877929688,677600.0,66.58203125
2014-06-23,76.0,75.43000030517578,75.69999694824219,75.61000061035156,323700.0,66.43267059326172
2014-06-24,75.95999908447266,75.02999877929688,75.58000183105469,75.04000091552734,483200.0,65.93185424804688
2014-06-25,75.4800033569336,74.55000305175781,74.9000015258789,75.0199966430664,344800.0,65.91429138183594
2014-06-26,75.62999725341797,74.5999984741211,74.9000015258789,75.51000213623047,303500.0,66.34484100341797
2014-06-27,76.05999755859375,75.30000305175781,75.55000305175781,75.9800033569336,477300.0,66.75776672363281
2014-06-30,76.19999694824219,75.58999633789062,75.81999969482422,75.75,369500.0,66.55567932128906
2014-07-01,76.5,75.80000305175781,76.0,76.0,598200.0,66.77535247802734
2014-07-02,75.98999786376953,75.4800033569336,75.75,75.62999725341797,428800.0,66.45024871826172
2014-07-03,76.33999633789062,75.66999816894531,75.72000122070312,76.18000030517578,277600.0,66.93348693847656
2014-07-07,76.19000244140625,73.63999938964844,75.80999755859375,73.70999908447266,1024700.0,64.76329803466797
2014-07-08,73.88999938964844,73.22000122070312,73.75,73.4000015258789,1023200.0,64.49093627929688
2014-07-09,73.80999755859375,73.11000061035156,73.47000122070312,73.3499984741211,657000.0,64.44699096679688
2014-07-10,73.62999725341797,71.16999816894531,71.5199966430664,73.2300033569336,651400.0,64.34156036376953
2014-07-11,73.69999694824219,72.6500015258789,73.41000366210938,73.04000091552734,519100.0,64.17463684082031
2014-07-14,73.83000183105469,73.0999984741211,73.7699966430664,73.12999725341797,370700.0,64.25370025634766
2014-07-15,73.73999786376953,72.7699966430664,73.12999725341797,73.16000366210938,561700.0,64.28005981445312
2014-07-16,73.69000244140625,73.0999984741211,73.6500015258789,73.52999877929688,399300.0,64.60515594482422
2014-07-17,73.94000244140625,72.86000061035156,73.29000091552734,72.88999938964844,472900.0,64.0428466796875
2014-07-18,73.8499984741211,72.87000274658203,73.02999877929688,73.7300033569336,375500.0,64.78086853027344
2014-07-21,74.11000061035156,73.02999877929688,73.18000030517578,73.76000213623047,436000.0,64.80724334716797
2014-07-22,74.4000015258789,73.18000030517578,74.20999908447266,73.41000366210938,598200.0,64.49971771240234
2014-07-23,73.7699966430664,72.81999969482422,73.66999816894531,73.0999984741211,469600.0,64.22733306884766
2014-07-24,73.5199966430664,73.04000091552734,73.37000274658203,73.36000061035156,376700.0,64.45577239990234
2014-07-25,73.62999725341797,72.55000305175781,73.16000366210938,72.69000244140625,469500.0,63.86709213256836
2014-07-28,73.0,72.01000213623047,72.83999633789062,72.37000274658203,945300.0,63.585941314697266
2014-07-29,72.29000091552734,68.0,72.29000091552734,68.1500015258789,2305500.0,59.87815856933594
2014-07-30,69.94000244140625,66.8499984741211,67.19999694824219,69.44999694824219,1508500.0,61.020362854003906
2014-07-31,69.4000015258789,68.01000213623047,68.83999633789062,68.2699966430664,874800.0,59.983577728271484
2014-08-01,68.87999725341797,67.93000030517578,68.05000305175781,68.44000244140625,659600.0,60.13294219970703
2014-08-04,69.2699966430664,68.37000274658203,68.47000122070312,69.08000183105469,675200.0,60.695281982421875
2014-08-05,69.63999938964844,68.44999694824219,68.66000366210938,69.08999633789062,688300.0,60.70405197143555
2014-08-06,69.33999633789062,68.62000274658203,68.87999725341797,68.9800033569336,544100.0,60.607418060302734
2014-08-07,69.7699966430664,68.0999984741211,69.2300033569336,68.22000122070312,502700.0,59.93965148925781
2014-08-08,69.23999786376953,68.2300033569336,68.58000183105469,69.13999938964844,437500.0,60.74799728393555
2014-08-11,69.51000213623047,68.6500015258789,69.13999938964844,68.70999908447266,363300.0,60.370182037353516
2014-08-12,68.91999816894531,68.33000183105469,68.69000244140625,68.7300033569336,643400.0,60.387752532958984
2014-08-13,69.55999755859375,68.76000213623047,69.0,69.47000122070312,500100.0,61.03792953491211
2014-08-14,69.47000122070312,68.7699966430664,69.37000274658203,68.98999786376953,685300.0,60.61620330810547
2014-08-15,69.2300033569336,68.23999786376953,69.08000183105469,69.0199966430664,522100.0,60.64256286621094
2014-08-18,69.66000366210938,69.05999755859375,69.45999908447266,69.62999725341797,371500.0,61.178524017333984
2014-08-19,70.27999877929688,69.66000366210938,70.01000213623047,70.12000274658203,435600.0,61.60905838012695
2014-08-20,70.5999984741211,69.72000122070312,69.83999633789062,70.44999694824219,483100.0,61.89898681640625
2014-08-21,71.0999984741211,70.11000061035156,70.30000305175781,71.05000305175781,344900.0,62.426170349121094
2014-08-22,71.37000274658203,70.66999816894531,70.98999786376953,71.0199966430664,426300.0,62.39981460571289
2014-08-25,71.68000030517578,70.80999755859375,71.16999816894531,70.83000183105469,311000.0,62.23286437988281
2014-08-26,71.37000274658203,70.76000213623047,70.83000183105469,71.12999725341797,358700.0,62.4964485168457
2014-08-27,71.9000015258789,70.63999938964844,71.12999725341797,70.7300033569336,456400.0,62.1450080871582
2014-08-28,71.11000061035156,70.3499984741211,70.62999725341797,70.91999816894531,432900.0,62.31193923950195
2014-08-29,71.4800033569336,70.80000305175781,70.97000122070312,71.38999938964844,377300.0,62.724884033203125
2014-09-02,71.4000015258789,70.62999725341797,71.26000213623047,71.0,440100.0,62.382232666015625
2014-09-03,71.30999755859375,70.79000091552734,71.0,71.02999877929688,685000.0,62.408607482910156
2014-09-04,71.58000183105469,70.1500015258789,71.16999816894531,70.22000122070312,674500.0,61.696903228759766
2014-09-05,70.7300033569336,69.47000122070312,69.69999694824219,70.69000244140625,505400.0,62.528385162353516
2014-09-08,71.08999633789062,70.13999938964844,70.66000366210938,70.55000305175781,331100.0,62.404541015625
2014-09-09,70.73999786376953,69.62000274658203,70.55999755859375,69.73999786376953,405900.0,61.68806457519531
2014-09-10,70.37999725341797,69.6500015258789,69.86000061035156,69.83999633789062,540200.0,61.77650833129883
2014-09-11,70.61000061035156,69.33999633789062,69.66999816894531,70.44000244140625,394400.0,62.30724334716797
2014-09-12,70.44999694824219,69.30999755859375,70.4000015258789,69.7699966430664,620700.0,61.714603424072266
2014-09-15,70.02999877929688,68.87999725341797,69.93000030517578,68.94999694824219,441300.0,60.98927688598633
2014-09-16,69.80999755859375,69.13999938964844,69.38999938964844,69.68000030517578,304300.0,61.63499069213867
2014-09-17,70.05000305175781,69.47000122070312,69.6500015258789,69.73999786376953,351400.0,61.68806457519531
2014-09-18,70.5,69.83999633789062,69.83999633789062,70.25,246700.0,62.13917541503906
2014-09-19,70.83999633789062,69.54000091552734,70.75,69.87000274658203,927500.0,61.803062438964844
2014-09-22,69.66000366210938,68.25,69.66000366210938,68.30000305175781,534200.0,60.41432571411133
2014-09-23,68.5,67.79000091552734,68.02999877929688,67.87999725341797,459800.0,60.04281997680664
2014-09-24,68.37999725341797,67.7300033569336,67.9000015258789,68.23999786376953,314700.0,60.36125183105469
2014-09-25,68.11000061035156,67.2699966430664,68.0199966430664,67.27999877929688,428600.0,59.512081146240234
2014-09-26,67.76000213623047,67.08999633789062,67.37999725341797,67.72000122070312,373000.0,59.90129089355469
2014-09-29,67.44999694824219,66.91999816894531,67.05999755859375,67.16000366210938,450900.0,59.405941009521484
2014-09-30,67.36000061035156,66.4000015258789,67.33000183105469,66.4000015258789,548400.0,58.73369216918945
2014-10-01,66.70999908447266,66.04000091552734,66.33999633789062,66.4000015258789,834300.0,58.73369216918945
2014-10-02,66.88999938964844,64.93000030517578,66.5199966430664,66.05999755859375,561100.0,58.432945251464844
2014-10-03,66.43000030517578,65.41000366210938,66.27999877929688,65.55999755859375,692000.0,57.99066925048828
2014-10-06,66.20999908447266,65.51000213623047,65.98999786376953,65.80999755859375,603900.0,58.21180725097656
2014-10-07,66.1500015258789,64.5999984741211,65.55999755859375,64.69999694824219,942800.0,57.22996520996094
2014-10-08,65.5199966430664,63.470001220703125,64.5999984741211,65.44000244140625,636100.0,57.8845329284668
2014-10-09,65.48999786376953,63.58000183105469,65.2300033569336,63.61000061035156,423900.0,56.265811920166016
2014-10-10,63.41999816894531,61.869998931884766,63.310001373291016,61.900001525878906,787800.0,54.753238677978516
2014-10-13,62.83000183105469,61.5,62.029998779296875,61.52000045776367,588000.0,54.417118072509766
2014-10-14,62.56999969482422,61.529998779296875,61.72999954223633,61.81999969482422,476800.0,54.68247604370117
2014-10-15,62.95000076293945,60.779998779296875,61.04999923706055,62.779998779296875,858200.0,55.53163528442383
2014-10-16,63.36000061035156,61.70000076293945,61.70000076293945,62.9900016784668,551800.0,55.7173957824707
2014-10-17,64.5199966430664,63.380001068115234,63.619998931884766,64.2300033569336,698500.0,56.814231872558594
2014-10-20,64.94000244140625,63.97999954223633,64.0999984741211,64.73999786376953,624200.0,57.265342712402344
2014-10-21,66.68000030517578,65.2699966430664,65.2699966430664,66.61000061035156,503300.0,58.91944885253906
2014-10-22,67.25,65.98999786376953,66.80999755859375,66.01000213623047,760600.0,58.38872146606445
2014-10-23,67.22000122070312,66.38999938964844,66.87999725341797,66.7699966430664,320700.0,59.06095886230469
2014-10-24,67.37000274658203,66.27999877929688,66.68000030517578,67.33000183105469,318900.0,59.55630111694336
2014-10-27,68.05000305175781,66.5199966430664,67.41999816894531,67.98999786376953,807700.0,60.14011001586914
2014-10-28,68.98999786376953,67.63999938964844,68.4000015258789,68.3499984741211,762400.0,60.458553314208984
2014-10-29,68.94999694824219,67.86000061035156,68.58000183105469,68.55999755859375,698900.0,60.644290924072266
2014-10-30,69.25,67.6500015258789,68.06999969482422,68.9800033569336,645100.0,61.01582717895508
2014-10-31,70.05000305175781,69.4000015258789,69.9000015258789,69.5999984741211,660800.0,61.564208984375
2014-11-03,70.1500015258789,69.55000305175781,69.69999694824219,70.11000061035156,550700.0,62.01534652709961
2014-11-04,70.7699966430664,69.93000030517578,70.02999877929688,70.47000122070312,547000.0,62.33378601074219
2014-11-05,70.9000015258789,70.1500015258789,70.76000213623047,70.72000122070312,466900.0,62.554908752441406
2014-11-06,71.04000091552734,70.5199966430664,70.9000015258789,70.66000366210938,528200.0,62.5018424987793
2014-11-07,71.08000183105469,70.31999969482422,70.51000213623047,70.80000305175781,505000.0,62.62569046020508
2014-11-10,71.43000030517578,70.31999969482422,70.5999984741211,71.16000366210938,551500.0,62.9441032409668
2014-11-11,71.91999816894531,71.05000305175781,71.05000305175781,71.33000183105469,488000.0,63.094478607177734
2014-11-12,71.37000274658203,70.69000244140625,70.93000030517578,71.04000091552734,448600.0,62.837955474853516
2014-11-13,71.52999877929688,70.31999969482422,71.29000091552734,70.51000213623047,442400.0,62.36915969848633
2014-11-14,70.7300033569336,70.22000122070312,70.61000061035156,70.62000274658203,356300.0,62.466468811035156
2014-11-17,70.51000213623047,69.76000213623047,70.2699966430664,70.37999725341797,512000.0,62.25415802001953
2014-11-18,71.33999633789062,69.88999938964844,69.91000366210938,70.81999969482422,660600.0,63.064517974853516
2014-11-19,71.01000213623047,70.23999786376953,70.81999969482422,70.87999725341797,393600.0,63.11794662475586
2014-11-20,71.77999877929688,70.58000183105469,70.6500015258789,71.48999786376953,484000.0,63.6611442565918
2014-11-21,72.05999755859375,71.70999908447266,71.97000122070312,71.94999694824219,550000.0,64.07076263427734
2014-11-24,72.0,70.44999694824219,71.79000091552734,71.05000305175781,887100.0,63.26932907104492
2014-11-25,72.12999725341797,70.94000244140625,70.9800033569336,71.8499984741211,583700.0,63.98172378540039
2014-11-26,71.97000122070312,71.43000030517578,71.7300033569336,71.56999969482422,368900.0,63.73238754272461
2014-11-28,72.0,71.47000122070312,71.81999969482422,71.66999816894531,306400.0,63.8214225769043
2014-12-01,72.11000061035156,71.0,71.5999984741211,71.72000122070312,492700.0,63.865966796875
2014-12-02,71.61000061035156,70.20999908447266,71.48999786376953,70.56999969482422,791900.0,62.84189987182617
2014-12-03,71.08999633789062,68.44000244140625,70.43000030517578,70.36000061035156,3529000.0,62.65489959716797
2014-12-04,70.94999694824219,70.08000183105469,70.58999633789062,70.7300033569336,1488300.0,62.984378814697266
2014-12-05,71.41999816894531,70.77999877929688,70.93000030517578,71.30000305175781,804000.0,63.49195098876953
2014-12-08,72.19000244140625,70.98999786376953,71.37999725341797,71.26000213623047,953000.0,63.45632553100586
2014-12-09,70.91000366210938,70.16000366210938,70.36000061035156,70.87000274658203,897700.0,63.10903549194336
2014-12-10,71.23999786376953,69.63999938964844,70.8499984741211,69.66999816894531,814700.0,62.04045867919922
2014-12-11,71.41000366210938,69.83000183105469,69.83000183105469,70.61000061035156,561800.0,62.87751388549805
2014-12-12,70.37999725341797,69.11000061035156,70.22000122070312,69.12000274658203,454700.0,61.55067825317383
2014-12-15,69.79000091552734,68.41000366210938,69.69000244140625,68.76000213623047,513000.0,61.23011779785156
2014-12-16,70.05000305175781,68.30999755859375,68.63999938964844,68.33000183105469,653900.0,60.84720230102539
2014-12-17,70.01000213623047,68.37999725341797,68.70999908447266,69.94999694824219,562600.0,62.28978729248047
2014-12-18,71.52999877929688,70.6500015258789,70.72000122070312,71.48999786376953,748100.0,63.6611442565918
2014-12-19,72.94999694824219,70.5999984741211,72.05000305175781,72.8499984741211,993300.0,64.87220001220703
2014-12-22,73.9800033569336,72.73999786376953,73.12999725341797,73.69000244140625,476300.0,65.62022399902344
2014-12-23,74.2699966430664,73.44999694824219,73.5,73.56999969482422,351100.0,65.51335906982422
2014-12-24,73.93000030517578,73.47000122070312,73.77999877929688,73.58999633789062,122700.0,65.53116607666016
2014-12-26,73.94000244140625,73.54000091552734,73.8499984741211,73.77999877929688,147500.0,65.70037078857422
2014-12-29,73.81999969482422,73.23999786376953,73.69999694824219,73.33000183105469,214100.0,65.29965209960938
2014-12-30,73.19999694824219,72.37000274658203,73.04000091552734,72.79000091552734,459700.0,64.81877899169922
2014-12-31,72.97000122070312,71.7300033569336,72.80000305175781,71.81999969482422,369800.0,63.95500564575195
2015-01-02,72.56999969482422,71.05000305175781,72.3499984741211,71.62000274658203,407500.0,63.77690887451172
2015-01-05,71.08999633789062,69.5199966430664,71.0199966430664,69.69000244140625,664800.0,62.05825424194336
2015-01-06,69.9800033569336,68.25,69.69000244140625,68.29000091552734,1021300.0,60.811561584472656
2015-01-07,68.83999633789062,67.86000061035156,68.55000305175781,68.47000122070312,724800.0,60.97186279296875
2015-01-08,70.55999755859375,69.11000061035156,69.12000274658203,70.04000091552734,641800.0,62.36994171142578
2015-01-09,70.29000091552734,69.5,70.08999633789062,69.94000244140625,354600.0,62.28089141845703
2015-01-12,69.8499984741211,68.5999984741211,69.8499984741211,68.87999725341797,315900.0,61.33695983886719
2015-01-13,69.91000366210938,67.79000091552734,69.36000061035156,68.43000030517578,464100.0,60.93622970581055
2015-01-14,68.47000122070312,67.37999725341797,67.94999694824219,68.41999816894531,475800.0,60.927345275878906
2015-01-15,69.12999725341797,67.25,68.91000366210938,67.30999755859375,655900.0,59.93889617919922
2015-01-16,67.72000122070312,66.56999969482422,67.06999969482422,67.63999938964844,624500.0,60.232757568359375
2015-01-20,68.1500015258789,67.16000366210938,67.81999969482422,67.62999725341797,451500.0,60.22384262084961
2015-01-21,68.41999816894531,67.37999725341797,67.5999984741211,68.22000122070312,584100.0,60.74924087524414
2015-01-22,69.33000183105469,68.12000274658203,68.54000091552734,69.08999633789062,483700.0,61.523963928222656
2015-01-23,69.98999786376953,68.98999786376953,69.26000213623047,69.69999694824219,772200.0,62.067169189453125
2015-01-26,69.86000061035156,68.95999908447266,69.55999755859375,69.79000091552734,414300.0,62.14731216430664
2015-01-27,69.75,68.83000183105469,69.12999725341797,69.37999725341797,638900.0,61.78221130371094
2015-01-28,70.27999877929688,68.19000244140625,70.0,68.25,481900.0,60.775962829589844
2015-01-29,68.19999694824219,67.05999755859375,68.11000061035156,67.94999694824219,819800.0,60.50881576538086
2015-01-30,68.0999984741211,66.97000122070312,67.44999694824219,67.12999725341797,922100.0,59.778602600097656
2015-02-02,68.11000061035156,66.1500015258789,67.54000091552734,68.05999755859375,691700.0,60.60676574707031
2015-02-03,69.19999694824219,68.19000244140625,68.19000244140625,69.16999816894531,512500.0,61.595211029052734
2015-02-04,69.54000091552734,68.48999786376953,68.80000305175781,68.68000030517578,919300.0,61.158870697021484
2015-02-05,69.72000122070312,68.8499984741211,69.06999969482422,69.48999786376953,632600.0,61.88014602661133
2015-02-06,78.4800033569336,74.05000305175781,76.30000305175781,76.18000030517578,7253400.0,67.8375473022461
2015-02-09,77.47000122070312,75.55999755859375,76.05000305175781,75.63999938964844,3146200.0,67.35668182373047
2015-02-10,76.3499984741211,74.58999633789062,75.95999908447266,76.05999755859375,1663100.0,67.73068237304688
2015-02-11,76.76000213623047,75.58000183105469,75.87999725341797,76.58000183105469,1276300.0,68.19374084472656
2015-02-12,77.98999786376953,76.69999694824219,76.69999694824219,77.30999755859375,1074900.0,68.84381866455078
2015-02-13,77.98999786376953,76.86000061035156,77.4000015258789,77.7300033569336,1109900.0,69.21781158447266
2015-02-17,78.20999908447266,77.0199966430664,77.73999786376953,78.12000274658203,997100.0,69.56509399414062
2015-02-18,78.79000091552734,77.75,78.01000213623047,78.45999908447266,766400.0,69.86786651611328
2015-02-19,78.91000366210938,77.97000122070312,78.16999816894531,78.72000122070312,609700.0,70.0993881225586
2015-02-20,78.68000030517578,77.72000122070312,78.68000030517578,78.33999633789062,825500.0,69.76100158691406
2015-02-23,78.37000274658203,77.19999694824219,78.37000274658203,78.05000305175781,879300.0,69.50276947021484
2015-02-24,78.70999908447266,77.69000244140625,77.87999725341797,78.55000305175781,643600.0,69.94801330566406
2015-02-25,78.83000183105469,77.7300033569336,78.25,78.19000244140625,443700.0,69.62743377685547
2015-02-26,78.12999725341797,77.5999984741211,78.12999725341797,77.73999786376953,871300.0,69.22671508789062
2015-02-27,78.05999755859375,77.27999877929688,77.79000091552734,77.68000030517578,613600.0,69.17327880859375
2015-03-02,78.80000305175781,77.45999908447266,77.68000030517578,78.7699966430664,837700.0,70.14390563964844
2015-03-03,78.51000213623047,77.27999877929688,78.48999786376953,77.44000244140625,878900.0,68.95956420898438
2015-03-04,77.31999969482422,76.20999908447266,77.2300033569336,76.73999786376953,975400.0,68.3362045288086
2015-03-05,77.04000091552734,76.2300033569336,77.02999877929688,76.44000244140625,691100.0,68.0690689086914
2015-03-06,76.72000122070312,75.0199966430664,76.30000305175781,75.19999694824219,765500.0,67.379150390625
2015-03-09,75.55999755859375,74.8499984741211,75.37000274658203,75.08000183105469,665300.0,67.2716293334961
2015-03-10,74.33999633789062,72.83000183105469,74.0199966430664,72.87000274658203,1633100.0,65.2914810180664
2015-03-11,73.11000061035156,72.19999694824219,72.87000274658203,72.5,1195000.0,64.95995330810547
2015-03-12,72.97000122070312,72.0,72.45999908447266,72.5,852800.0,64.95995330810547
2015-03-13,72.3499984741211,71.5,72.25,71.88999938964844,961700.0,64.41339111328125
2015-03-16,72.75,72.12999725341797,72.26000213623047,72.7300033569336,837800.0,65.16605377197266
2015-03-17,72.44999694824219,72.04000091552734,72.23999786376953,72.0999984741211,830900.0,64.60155487060547
2015-03-18,72.55999755859375,71.13999938964844,71.97000122070312,72.33000183105469,1309500.0,64.80765533447266
2015-03-19,72.77999877929688,71.86000061035156,72.16000366210938,72.18000030517578,1008700.0,64.67324829101562
2015-03-20,73.12000274658203,71.63999938964844,72.19000244140625,72.75,1676700.0,65.18395233154297
2015-03-23,73.94999694824219,72.80999755859375,72.87999725341797,72.88999938964844,1153100.0,65.30939483642578
2015-03-24,72.97000122070312,71.66000366210938,72.73999786376953,71.87000274658203,1436900.0,64.3954849243164
2015-03-25,72.11000061035156,70.61000061035156,71.91000366210938,70.63999938964844,1054200.0,63.29338455200195
2015-03-26,73.31999969482422,69.83999633789062,70.44999694824219,73.27999877929688,2865100.0,65.6588363647461
2015-03-27,77.0999984741211,73.08999633789062,73.22000122070312,76.75,4094500.0,68.76795959472656
2015-03-30,78.20999908447266,76.66999816894531,77.08000183105469,77.62999725341797,2286900.0,69.55643463134766
2015-03-31,79.3499984741211,77.77999877929688,78.11000061035156,78.76000213623047,2668300.0,70.56891632080078
2015-04-01,78.5999984741211,77.7699966430664,78.5,78.58999633789062,1580000.0,70.41658020019531
2015-04-02,79.5199966430664,78.37000274658203,78.5,78.69999694824219,1580200.0,70.51513671875
2015-04-06,81.43000030517578,78.3499984741211,79.0199966430664,80.70999908447266,1710900.0,72.31611633300781
2015-04-07,80.58000183105469,79.27999877929688,80.08999633789062,79.77999877929688,1235500.0,71.48281860351562
2015-04-08,80.4800033569336,79.4000015258789,79.66000366210938,80.12999725341797,979700.0,71.79642486572266
2015-04-09,80.75,79.54000091552734,79.93000030517578,80.68000030517578,710300.0,72.28923797607422
2015-04-10,81.11000061035156,80.20999908447266,80.54000091552734,81.0,673500.0,72.57594299316406
2015-04-13,81.88999938964844,80.33000183105469,81.12999725341797,80.3499984741211,760400.0,71.99356079101562
2015-04-14,80.91999816894531,80.13999938964844,80.30999755859375,80.5,723300.0,72.1279296875
2015-04-15,81.3499984741211,80.4800033569336,80.58999633789062,81.11000061035156,904400.0,72.67450714111328
2015-04-16,81.0999984741211,80.08999633789062,80.98999786376953,80.3499984741211,720700.0,71.99356079101562
2015-04-17,79.77999877929688,78.16999816894531,79.77999877929688,78.55000305175781,1325400.0,70.3807601928711
2015-04-20,80.13999938964844,79.13999938964844,79.30000305175781,79.30000305175781,790000.0,71.05274963378906
2015-04-21,82.12000274658203,79.1500015258789,79.55999755859375,81.93000030517578,2230100.0,73.40923309326172
2015-04-22,82.79000091552734,81.69000244140625,82.7300033569336,82.45999908447266,1426600.0,73.88410186767578
2015-04-23,82.23999786376953,81.12000274658203,81.87999725341797,82.0,792300.0,73.47193145751953
2015-04-24,82.12000274658203,80.68000030517578,82.12000274658203,81.0999984741211,967800.0,72.66555786132812
2015-04-27,81.83999633789062,80.5,81.13999938964844,80.73999786376953,878400.0,72.34297943115234
2015-04-28,81.16999816894531,80.22000122070312,80.87000274658203,81.08999633789062,739100.0,72.65657806396484
2015-04-29,80.9000015258789,78.76000213623047,80.69000244140625,79.26000213623047,905500.0,71.01691436767578
2015-04-30,80.79000091552734,78.75,79.08999633789062,80.23999786376953,1359300.0,71.89498901367188
2015-05-01,81.43000030517578,80.16000366210938,80.7699966430664,80.44999694824219,838400.0,72.08314514160156
2015-05-04,80.97000122070312,80.30000305175781,80.66999816894531,80.47000122070312,695000.0,72.10107421875
2015-05-05,81.41999816894531,78.58999633789062,80.31999969482422,79.2699966430664,1035100.0,71.02588653564453
2015-05-06,80.05999755859375,78.27999877929688,79.18000030517578,78.5,746700.0,70.33595275878906
2015-05-07,79.11000061035156,77.58000183105469,78.4000015258789,78.19999694824219,1184800.0,70.06715393066406
2015-05-08,79.16999816894531,78.41000366210938,78.52999877929688,78.87000274658203,1131800.0,70.66747283935547
2015-05-11,79.05000305175781,77.97000122070312,79.04000091552734,78.26000213623047,747000.0,70.12091827392578
2015-05-12,78.19999694824219,77.16999816894531,77.93000030517578,77.7699966430664,699900.0,69.6818618774414
2015-05-13,78.30999755859375,77.19999694824219,77.80999755859375,77.3499984741211,1250800.0,69.3055648803711
2015-05-14,78.79000091552734,77.70999908447266,77.87000274658203,78.75,854000.0,70.55994415283203
2015-05-15,79.30000305175781,78.25,78.95999908447266,78.66999816894531,533000.0,70.48829650878906
2015-05-18,79.43000030517578,78.45999908447266,78.69000244140625,79.20999908447266,727300.0,70.97211456298828
2015-05-19,79.5,78.47000122070312,79.4000015258789,79.4000015258789,742500.0,71.14234161376953
2015-05-20,79.83999633789062,78.87999725341797,78.93000030517578,79.41000366210938,691200.0,71.57500457763672
2015-05-21,79.66999816894531,78.9800033569336,79.44000244140625,79.31999969482422,580300.0,71.4938735961914
2015-05-22,80.73999786376953,79.30999755859375,79.30999755859375,80.26000213623047,1323600.0,72.34112548828125
2015-05-26,80.2300033569336,78.47000122070312,79.94000244140625,79.08999633789062,1334400.0,71.28656768798828
2015-05-27,80.88999938964844,79.36000061035156,79.37999725341797,80.19000244140625,1478900.0,72.27804565429688
2015-05-28,80.47000122070312,79.0,80.02999877929688,79.25,5354600.0,71.4307861328125
2015-05-29,80.47000122070312,78.73999786376953,79.47000122070312,79.22000122070312,1635300.0,71.40373992919922
2015-06-01,79.98999786376953,78.0,79.91999816894531,79.69999694824219,1206300.0,71.83638763427734
2015-06-02,79.62999725341797,78.23999786376953,79.19999694824219,78.80999755859375,876100.0,71.0341796875
2015-06-03,78.98999786376953,78.12000274658203,78.80999755859375,78.55000305175781,940600.0,70.79985046386719
2015-06-04,78.7699966430664,77.41999816894531,78.44999694824219,77.80000305175781,909300.0,70.12386322021484
2015-06-05,78.66000366210938,77.80000305175781,77.91999816894531,78.48999786376953,854100.0,70.7457504272461
2015-06-08,78.72000122070312,77.87999725341797,78.55999755859375,78.0,1392400.0,70.30410766601562
2015-06-09,78.19000244140625,77.83000183105469,78.11000061035156,78.01000213623047,667400.0,70.31312561035156
2015-06-10,79.36000061035156,77.94000244140625,77.94000244140625,78.91000366210938,713700.0,71.12433624267578
2015-06-11,78.98999786376953,78.5199966430664,78.88999938964844,78.63999938964844,590100.0,70.8809585571289
2015-06-12,78.7300033569336,78.11000061035156,78.33000183105469,78.25,515600.0,70.52944946289062
2015-06-15,78.26000213623047,77.47000122070312,77.81999969482422,78.0199966430664,729000.0,70.32215118408203
2015-06-16,78.66000366210938,78.0,78.0199966430664,78.5999984741211,449500.0,70.84489440917969
2015-06-17,79.05999755859375,78.19000244140625,78.77999877929688,78.5999984741211,490200.0,70.84489440917969
2015-06-18,79.18000030517578,78.55000305175781,78.5999984741211,79.02999877929688,656400.0,71.23249053955078
2015-06-19,79.48999786376953,78.86000061035156,79.02999877929688,79.16999816894531,1103700.0,71.35865783691406
2015-06-22,80.66999816894531,79.55999755859375,80.0,80.18000030517578,657200.0,72.26903533935547
2015-06-23,80.44999694824219,79.33000183105469,80.18000030517578,79.6500015258789,469200.0,71.79130554199219
2015-06-24,79.58999633789062,78.76000213623047,79.5199966430664,78.97000122070312,770000.0,71.17841339111328
2015-06-25,79.5,78.30000305175781,79.08000183105469,78.4000015258789,592900.0,70.66465759277344
2015-06-26,78.4000015258789,77.75,78.36000061035156,78.2699966430664,1322800.0,70.5474624633789
2015-06-29,78.16000366210938,77.05000305175781,77.5999984741211,77.11000061035156,846500.0,69.5019302368164
2015-06-30,77.66999816894531,76.3499984741211,77.38999938964844,76.91000366210938,1616400.0,69.32164001464844
2015-07-01,77.77999877929688,77.19000244140625,77.52999877929688,77.37999725341797,830100.0,69.74530029296875
2015-07-02,77.83999633789062,77.5,77.73999786376953,77.73999786376953,661900.0,70.06976318359375
2015-07-06,77.12000274658203,76.48999786376953,76.97000122070312,76.66999816894531,883500.0,69.10533905029297
2015-07-07,77.4800033569336,75.66000366210938,76.69999694824219,77.41000366210938,1149100.0,69.77232360839844
2015-07-08,77.58999633789062,76.80000305175781,76.91999816894531,76.83999633789062,1329800.0,69.25855255126953
2015-07-09,78.93000030517578,78.08999633789062,78.1500015258789,78.48999786376953,1271500.0,70.7457504272461
2015-07-10,79.44000244140625,78.7699966430664,79.25,79.3499984741211,761600.0,71.5208969116211
2015-07-13,80.29000091552734,79.69999694824219,79.77999877929688,80.26000213623047,788500.0,72.34112548828125
2015-07-14,80.83000183105469,80.0999984741211,80.38999938964844,80.79000091552734,841100.0,72.81880950927734
2015-07-15,82.1500015258789,80.69999694824219,81.01000213623047,82.0999984741211,1250800.0,73.99958038330078
2015-07-16,82.41999816894531,81.63999938964844,82.37999725341797,82.31999969482422,943900.0,74.19786071777344
2015-07-17,82.52999877929688,81.58999633789062,82.06999969482422,82.16999816894531,594200.0,74.06267547607422
2015-07-20,82.41000366210938,81.4800033569336,82.11000061035156,81.55000305175781,616300.0,73.50385284423828
2015-07-21,82.19999694824219,80.93000030517578,81.7699966430664,81.29000091552734,552500.0,73.2695083618164
2015-07-22,81.75,80.76000213623047,81.1500015258789,81.61000061035156,670500.0,73.55792999267578
2015-07-23,82.43000030517578,81.33000183105469,81.62000274658203,82.08999633789062,711400.0,73.99057006835938
2015-07-24,82.41000366210938,80.5999984741211,82.0,81.04000091552734,562700.0,73.04415893554688
2015-07-27,80.93000030517578,79.76000213623047,80.79000091552734,79.91000366210938,486200.0,72.02566528320312
2015-07-28,80.54000091552734,79.37000274658203,79.93000030517578,80.5,760600.0,72.55743408203125
2015-07-29,81.83000183105469,80.16000366210938,80.66999816894531,81.77999877929688,662000.0,73.71115112304688
2015-07-30,82.48999786376953,81.37999725341797,81.69000244140625,82.33999633789062,620000.0,74.21591186523438
2015-07-31,83.33000183105469,82.25,82.48999786376953,82.94000244140625,908200.0,74.7567138671875
2015-08-03,82.75,81.54000091552734,82.75,82.29000091552734,575900.0,74.17082977294922
2015-08-04,82.76000213623047,82.0,82.18000030517578,82.27999877929688,414600.0,74.16181945800781
2015-08-05,83.81999969482422,82.16000366210938,82.61000061035156,83.05999755859375,564600.0,74.8648681640625
2015-08-06,83.22000122070312,82.27999877929688,83.04000091552734,82.94000244140625,820800.0,74.7567138671875
2015-08-07,82.87999725341797,78.61000061035156,82.87999725341797,81.56999969482422,2539200.0,73.52188873291016
2015-08-10,84.77999877929688,82.23999786376953,82.75,84.58999633789062,1857800.0,76.24390411376953
2015-08-11,84.19999694824219,82.37999725341797,84.05999755859375,82.93000030517578,1128100.0,74.74768829345703
2015-08-12,83.47000122070312,81.66999816894531,82.55000305175781,83.41000366210938,694000.0,75.18035125732422
2015-08-13,83.97000122070312,82.54000091552734,83.52999877929688,82.58000183105469,666600.0,74.43221282958984
2015-08-14,83.0199966430664,81.9800033569336,82.83999633789062,82.87000274658203,523800.0,74.6936264038086
2015-08-17,83.0999984741211,81.83000183105469,82.2699966430664,83.0199966430664,579900.0,74.82878875732422
2015-08-18,83.22000122070312,82.37000274658203,82.8499984741211,82.62999725341797,644900.0,74.47728729248047
2015-08-19,82.5199966430664,81.23999786376953,82.33999633789062,81.98999786376953,667200.0,73.90043640136719
2015-08-20,81.66000366210938,80.16000366210938,81.45999908447266,80.20999908447266,570700.0,72.29605102539062
2015-08-21,79.9000015258789,78.26000213623047,79.5999984741211,78.41999816894531,1273800.0,70.68267059326172
2015-08-24,77.76000213623047,72.48999786376953,74.02999877929688,75.18000030517578,1575600.0,67.76235961914062
2015-08-25,77.08000183105469,73.7300033569336,76.3499984741211,73.76000213623047,1754100.0,66.48246002197266
2015-08-26,75.93000030517578,73.51000213623047,75.5199966430664,75.83999633789062,1119400.0,68.35722351074219
2015-08-27,77.0999984741211,75.5199966430664,76.5,77.05999755859375,740300.0,69.45686340332031
2015-08-28,77.58000183105469,76.5,76.6500015258789,77.54000091552734,735000.0,69.88948059082031
2015-08-31,77.44999694824219,76.52999877929688,77.11000061035156,76.81999969482422,768300.0,69.24053192138672
2015-09-01,75.81999969482422,74.1500015258789,75.41999816894531,74.63999938964844,1504700.0,67.27562713623047
2015-09-02,75.69999694824219,74.44000244140625,75.18000030517578,75.33999633789062,768200.0,67.90653991699219
2015-09-03,76.58000183105469,75.30999755859375,75.41000366210938,75.75,898800.0,68.2761001586914
2015-09-04,75.02999877929688,73.68000030517578,74.56999969482422,73.95999908447266,794200.0,66.6627197265625
2015-09-08,77.23999786376953,74.41999816894531,75.77999877929688,76.9800033569336,2097700.0,69.38475036621094
2015-09-09,77.63999938964844,75.36000061035156,77.41999816894531,75.52999877929688,1213400.0,68.52288055419922
2015-09-10,75.87000274658203,74.83000183105469,75.43000030517578,75.06999969482422,726800.0,68.10555267333984
2015-09-11,74.80999755859375,73.5,74.33999633789062,74.08999633789062,794600.0,67.21646118164062
2015-09-14,74.4800033569336,73.52999877929688,74.02999877929688,73.9000015258789,652300.0,67.04409790039062
2015-09-15,74.41999816894531,70.25,70.25,73.93000030517578,696900.0,67.07131958007812
2015-09-16,74.66000366210938,73.6500015258789,73.87000274658203,74.54000091552734,675700.0,67.62472534179688
2015-09-17,75.55000305175781,74.19999694824219,74.58000183105469,74.6500015258789,1131900.0,67.7245101928711
2015-09-18,74.37000274658203,72.95999908447266,73.63999938964844,73.16999816894531,1174100.0,66.38182830810547
2015-09-21,74.23999786376953,73.20999908447266,73.44000244140625,73.48999786376953,808600.0,66.672119140625
2015-09-22,72.9000015258789,72.08000183105469,72.55999755859375,72.27999877929688,838300.0,65.57437896728516
2015-09-23,72.62000274658203,71.91000366210938,72.4800033569336,72.44999694824219,701300.0,65.7286148071289
2015-09-24,72.27999877929688,71.19999694824219,71.83999633789062,71.55000305175781,953400.0,64.9121322631836
2015-09-25,73.1500015258789,72.05999755859375,72.23999786376953,72.22000122070312,1633100.0,65.51997375488281
2015-09-28,72.0999984741211,70.19999694824219,71.66000366210938,70.27999877929688,667300.0,63.75992965698242
2015-09-29,71.22000122070312,70.0999984741211,70.25,71.06999969482422,1193900.0,64.47664642333984
2015-09-30,73.26000213623047,71.66000366210938,71.98999786376953,73.1500015258789,1030200.0,66.36368560791016
2015-10-01,73.62000274658203,72.68000030517578,72.98999786376953,73.23999786376953,1300200.0,66.44535064697266
2015-10-02,74.02999877929688,71.88999938964844,72.2699966430664,73.95999908447266,929500.0,67.09852600097656
2015-10-05,75.44000244140625,74.26000213623047,74.54000091552734,74.73999786376953,882700.0,67.8061752319336
2015-10-06,74.91999816894531,74.01000213623047,74.5,74.44000244140625,807600.0,67.53401184082031
2015-10-07,75.1500015258789,73.72000122070312,75.08000183105469,74.7300033569336,992900.0,67.79710388183594
2015-10-08,75.66000366210938,74.3499984741211,74.43000030517578,75.5,478100.0,68.49566650390625
2015-10-09,75.80000305175781,75.08000183105469,75.52999877929688,75.7300033569336,557500.0,68.70431518554688
2015-10-12,77.88999938964844,76.31999969482422,76.48999786376953,77.0,1366600.0,69.85651397705078
2015-10-13,76.81999969482422,75.5,76.37000274658203,75.56999969482422,1075000.0,68.55915069580078
2015-10-14,76.5,75.3499984741211,75.54000091552734,76.02999877929688,720700.0,68.97648620605469
2015-10-15,76.61000061035156,75.2699966430664,76.52999877929688,76.44000244140625,655100.0,69.34844970703125
2015-10-16,76.79000091552734,75.88999938964844,76.54000091552734,76.58000183105469,659400.0,69.47547149658203
2015-10-19,76.56999969482422,75.16999816894531,76.13999938964844,75.33000183105469,830300.0,68.34141540527344
2015-10-20,76.52999877929688,75.01000213623047,75.2300033569336,76.30000305175781,775000.0,69.22145080566406
2015-10-21,76.79000091552734,74.87999725341797,76.79000091552734,74.97000122070312,527300.0,68.01482391357422
2015-10-22,76.51000213623047,75.56999969482422,75.70999908447266,76.0,719200.0,68.94927978515625
2015-10-23,77.04000091552734,75.62999725341797,77.04000091552734,76.48999786376953,595600.0,69.39381408691406
2015-10-26,76.9800033569336,75.38999938964844,76.61000061035156,75.5,593000.0,68.49566650390625
2015-10-27,75.33999633789062,74.37000274658203,75.0,74.91000366210938,734800.0,67.96040344238281
2015-10-28,78.7300033569336,75.0,75.37999725341797,78.66999816894531,1121400.0,71.37158966064453
2015-10-29,79.80999755859375,77.87999725341797,78.23999786376953,79.37000274658203,1024100.0,72.00662994384766
2015-10-30,80.0999984741211,79.08999633789062,79.55999755859375,79.12999725341797,1195200.0,71.78890991210938
2015-11-02,80.0,78.69000244140625,79.30000305175781,79.70999908447266,889700.0,72.31507873535156
2015-11-03,82.2300033569336,77.0,78.38999938964844,81.0,1849300.0,73.48541259765625
2015-11-04,82.08999633789062,79.58000183105469,81.52999877929688,79.80999755859375,1116500.0,72.40581512451172
2015-11-05,80.22000122070312,78.93000030517578,79.77999877929688,79.48999786376953,1042800.0,72.11548614501953
2015-11-06,79.61000061035156,79.0199966430664,79.44999694824219,79.58000183105469,703400.0,72.1971664428711
2015-11-09,79.94999694824219,78.80000305175781,78.80000305175781,79.48999786376953,945900.0,72.11548614501953
2015-11-10,79.43000030517578,78.77999877929688,79.27999877929688,79.05000305175781,1288900.0,71.71631622314453
2015-11-11,79.77999877929688,79.06999969482422,79.5,79.44999694824219,668100.0,72.07921600341797
2015-11-12,79.30999755859375,78.68000030517578,78.87000274658203,78.70999908447266,767600.0,71.40786743164062
2015-11-13,78.80000305175781,77.75,78.47000122070312,78.2300033569336,693800.0,70.9723892211914
2015-11-16,80.70999908447266,77.94000244140625,78.19999694824219,80.61000061035156,1154500.0,73.13160705566406
2015-11-17,81.98999786376953,80.04000091552734,81.5,81.19000244140625,1461800.0,74.11750793457031
2015-11-18,82.12999725341797,81.1500015258789,81.48999786376953,82.08000183105469,684300.0,74.93000793457031
2015-11-19,83.26000213623047,82.0,82.16000366210938,83.20999908447266,605900.0,75.9615478515625
2015-11-20,83.94999694824219,82.5999984741211,83.66999816894531,82.77999877929688,782400.0,75.56900787353516
2015-11-23,83.66999816894531,82.43000030517578,82.93000030517578,82.7300033569336,523900.0,75.52336120605469
2015-11-24,83.05000305175781,82.0199966430664,82.33999633789062,82.44999694824219,803500.0,75.26774597167969
2015-11-25,83.45999908447266,82.19999694824219,82.45999908447266,82.91999816894531,605900.0,75.69682312011719
2015-11-27,83.27999877929688,82.68000030517578,82.81999969482422,83.0999984741211,247300.0,75.86114501953125
2015-11-30,83.7699966430664,82.87999725341797,83.37999725341797,83.12999725341797,1072700.0,75.88851928710938
2015-12-01,84.12000274658203,83.16999816894531,83.41000366210938,83.98999786376953,851600.0,76.67362213134766
2015-12-02,84.58000183105469,83.61000061035156,83.76000213623047,83.73999786376953,744200.0,76.44537353515625
2015-12-03,83.91999816894531,82.44999694824219,83.87999725341797,82.91999816894531,1060800.0,75.69682312011719
2015-12-04,84.91000366210938,82.58999633789062,82.69999694824219,84.2699966430664,815700.0,76.92920684814453
2015-12-07,84.45999908447266,83.41999816894531,83.97000122070312,83.83999633789062,501200.0,76.53666687011719
2015-12-08,84.55000305175781,83.1500015258789,83.69999694824219,84.2699966430664,1493900.0,76.92920684814453
2015-12-09,84.38999938964844,82.87999725341797,83.87999725341797,83.33999633789062,1067700.0,76.08023834228516
2015-12-10,84.0,82.54000091552734,82.9000015258789,83.19000244140625,1307900.0,75.94330596923828
2015-12-11,82.7699966430664,81.63999938964844,82.16000366210938,82.38999938964844,724700.0,75.21298217773438
2015-12-14,83.0199966430664,81.6500015258789,82.56999969482422,81.91000366210938,1208300.0,74.7748031616211
2015-12-15,83.70999908447266,82.44999694824219,82.44999694824219,82.9000015258789,953700.0,75.67855834960938
2015-12-16,84.05000305175781,82.37999725341797,83.36000061035156,83.55999755859375,838800.0,76.28106689453125
2015-12-17,84.5999984741211,82.87000274658203,84.25,83.12000274658203,823200.0,75.87939453125
2015-12-18,83.19999694824219,82.47000122070312,83.0,82.70999908447266,1624200.0,75.5051040649414
2015-12-21,84.41000366210938,83.06999969482422,83.29000091552734,84.3499984741211,1044800.0,77.00224304199219
2015-12-22,86.87999725341797,84.55999755859375,85.0199966430664,86.6500015258789,1201800.0,79.1019058227539
2015-12-23,88.16000366210938,86.83999633789062,86.97000122070312,87.81999969482422,1006100.0,80.16996765136719
2015-12-24,89.77999877929688,87.81999969482422,87.81999969482422,89.4800033569336,728900.0,81.68539428710938
2015-12-28,89.0,86.51000213623047,88.94999694824219,87.08999633789062,1190600.0,79.5035629272461
2015-12-29,88.68000030517578,87.5199966430664,87.7699966430664,88.30000305175781,577500.0,80.60816955566406
2015-12-30,88.19999694824219,87.2300033569336,88.05999755859375,87.43000030517578,482900.0,79.81393432617188
2015-12-31,87.66000366210938,86.69000244140625,87.20999908447266,86.9000015258789,593600.0,79.33012390136719
2016-01-04,87.69000244140625,85.95999908447266,86.4000015258789,87.6500015258789,1327100.0,80.01477813720703
2016-01-05,89.25,87.20999908447266,87.87999725341797,88.16999816894531,1175500.0,80.48948669433594
2016-01-06,88.58000183105469,86.9800033569336,87.25,87.37000274658203,1971200.0,79.7591781616211
2016-01-07,87.62000274658203,85.5199966430664,85.8499984741211,86.23999786376953,2098300.0,78.72760009765625
2016-01-08,87.72000122070312,85.80000305175781,86.5,85.83999633789062,2067100.0,78.36245727539062
2016-01-11,87.45999908447266,85.38999938964844,86.5999984741211,86.94000244140625,1273900.0,79.36664581298828
2016-01-12,89.16999816894531,86.45999908447266,87.31999969482422,88.91000366210938,1948300.0,81.16503143310547
2016-01-13,89.3499984741211,85.25,88.87999725341797,85.4000015258789,1444400.0,77.96077728271484
2016-01-14,85.54000091552734,84.25,85.52999877929688,84.48999786376953,1532800.0,77.13005828857422
2016-01-15,84.33999633789062,82.25,82.72000122070312,84.25,1660300.0,76.91097259521484
2016-01-19,85.45999908447266,83.19999694824219,84.98999786376953,84.33999633789062,1170000.0,76.99311828613281
2016-01-20,84.13999938964844,81.56999969482422,83.2699966430664,83.58000183105469,1272000.0,76.29932403564453
2016-01-21,84.55999755859375,82.43000030517578,83.69000244140625,82.8499984741211,1081300.0,75.63290405273438
2016-01-22,84.12000274658203,82.69999694824219,84.01000213623047,84.05999755859375,2094600.0,76.73750305175781
2016-01-25,84.76000213623047,83.41000366210938,83.9000015258789,84.12999725341797,1610400.0,76.80139923095703
2016-01-26,85.72000122070312,84.16999816894531,84.29000091552734,85.62000274658203,985700.0,78.16161346435547
2016-01-27,87.0199966430664,84.55999755859375,85.2300033569336,84.83999633789062,1186700.0,77.44955444335938
2016-01-28,85.48999786376953,83.94999694824219,85.04000091552734,84.79000091552734,890300.0,77.40391540527344
2016-01-29,87.11000061035156,84.97000122070312,85.27999877929688,86.97000122070312,1338800.0,79.39404296875
2016-02-01,87.13999938964844,85.77999877929688,86.08000183105469,86.72000122070312,1395100.0,79.16581726074219
2016-02-02,84.08999633789062,77.02999877929688,84.01000213623047,78.23999786376953,6299600.0,71.42448425292969
2016-02-03,78.86000061035156,77.25,77.52999877929688,77.88999938964844,3180100.0,71.10498046875
2016-02-04,79.81999969482422,77.58000183105469,77.72000122070312,78.83999633789062,1455500.0,71.97222900390625
2016-02-05,78.83999633789062,74.91999816894531,78.83999633789062,75.68000030517578,1792900.0,69.0875015258789
2016-02-08,75.2699966430664,71.76000213623047,74.80000305175781,73.0199966430664,2037700.0,66.6592025756836
2016-02-09,73.72000122070312,72.08000183105469,72.19999694824219,72.7300033569336,1301400.0,66.39447784423828
2016-02-10,73.66999816894531,72.4000015258789,73.26000213623047,72.72000122070312,1298300.0,66.3853530883789
2016-02-11,72.4000015258789,70.97000122070312,71.72000122070312,71.70999908447266,1066300.0,65.46332550048828
2016-02-12,72.5199966430664,71.22000122070312,72.5,72.05999755859375,948300.0,65.78282928466797
2016-02-16,73.55000305175781,72.52999877929688,73.05000305175781,73.45999908447266,1077700.0,67.06087493896484
2016-02-17,74.62999725341797,73.66000366210938,73.80000305175781,74.26000213623047,808800.0,67.79119110107422
2016-02-18,76.0999984741211,74.22000122070312,74.3499984741211,74.3499984741211,724800.0,67.87333679199219
2016-02-19,75.38999938964844,73.73999786376953,74.51000213623047,75.18000030517578,1123300.0,68.63105010986328
2016-02-22,76.83000183105469,75.80999755859375,75.80999755859375,76.44000244140625,1130200.0,69.78128814697266
2016-02-23,76.36000061035156,75.31999969482422,76.0,75.4000015258789,797100.0,68.83189392089844
2016-02-24,75.66000366210938,74.4800033569336,74.94000244140625,75.45999908447266,790800.0,68.88665008544922
2016-02-25,76.36000061035156,75.20999908447266,75.93000030517578,76.13999938964844,751600.0,69.5074234008789
2016-02-26,76.97000122070312,76.18000030517578,76.52999877929688,76.54000091552734,850200.0,69.8725814819336
2016-02-29,79.75,77.43000030517578,77.45999908447266,78.0199966430664,1677900.0,71.2236557006836
2016-03-01,80.2300033569336,77.7300033569336,78.7699966430664,79.4000015258789,1531700.0,72.48343658447266
2016-03-02,81.22000122070312,79.0,79.13999938964844,80.1500015258789,911200.0,73.16810607910156
2016-03-03,80.68000030517578,79.56999969482422,79.75,80.47000122070312,848900.0,73.46023559570312
2016-03-04,81.88999938964844,80.54000091552734,80.55999755859375,81.1500015258789,943800.0,74.08101654052734
2016-03-07,80.6500015258789,78.88999938964844,80.55000305175781,79.33000183105469,1187400.0,72.41954040527344
2016-03-08,79.43000030517578,77.18000030517578,78.75,78.16999816894531,1480500.0,71.8132095336914
2016-03-09,80.19000244140625,78.30999755859375,78.7699966430664,79.76000213623047,1090500.0,73.27391052246094
2016-03-10,81.12999725341797,78.79000091552734,79.9000015258789,79.63999938964844,852200.0,73.16368865966797
2016-03-11,80.62999725341797,78.94999694824219,80.12999725341797,80.41999816894531,956600.0,73.8802490234375
2016-03-14,80.54000091552734,79.52999877929688,80.0,79.58999633789062,867600.0,73.11772918701172
2016-03-15,79.52999877929688,76.7300033569336,78.62999725341797,77.66000366210938,1468000.0,71.34466552734375
2016-03-16,78.52999877929688,77.2699966430664,77.5999984741211,78.36000061035156,922100.0,71.9877700805664
2016-03-17,79.19000244140625,77.93000030517578,78.30000305175781,78.5199966430664,1003400.0,72.1347427368164
2016-03-18,79.56999969482422,78.5199966430664,78.88999938964844,78.9000015258789,1222500.0,72.48385620117188
2016-03-21,78.93000030517578,77.93000030517578,78.52999877929688,78.55999755859375,951200.0,72.1715087890625
2016-03-22,80.31999969482422,78.18000030517578,78.23999786376953,79.62000274658203,1162400.0,73.14529418945312
2016-03-23,79.5,78.5,79.4800033569336,79.04000091552734,935900.0,72.61246490478516
2016-03-24,79.3499984741211,77.80000305175781,78.5999984741211,78.16000366210938,780800.0,71.80403900146484
2016-03-28,78.54000091552734,77.5999984741211,78.41000366210938,77.83999633789062,715100.0,71.51004791259766
2016-03-29,78.66000366210938,77.11000061035156,77.86000061035156,78.4800033569336,650900.0,72.09800720214844
2016-03-30,79.0999984741211,77.80000305175781,78.83999633789062,78.70999908447266,921700.0,72.3093032836914
2016-03-31,79.0999984741211,77.33999633789062,78.62999725341797,77.86000061035156,1351600.0,71.52842712402344
2016-04-01,78.0,75.56999969482422,77.38999938964844,77.80000305175781,1886000.0,71.47330474853516
2016-04-04,77.93000030517578,76.94000244140625,77.81999969482422,76.98999786376953,939400.0,70.72916412353516
2016-04-05,76.38999938964844,75.01000213623047,76.33999633789062,75.05999755859375,1464000.0,68.95611572265625
2016-04-06,76.56999969482422,74.6500015258789,75.1500015258789,76.48999786376953,1459100.0,70.26982116699219
2016-04-07,76.80999755859375,75.72000122070312,76.20999908447266,76.33000183105469,1481700.0,70.12284088134766
2016-04-08,77.70999908447266,76.55000305175781,76.70999908447266,76.70999908447266,1033600.0,70.4719467163086
2016-04-11,77.54000091552734,76.43000030517578,77.04000091552734,76.44999694824219,854200.0,70.23307800292969
2016-04-12,76.93000030517578,75.80000305175781,76.41999816894531,76.72000122070312,1039000.0,70.48111724853516
2016-04-13,78.41999816894531,77.16000366210938,77.16000366210938,78.33999633789062,730500.0,71.96937561035156
2016-04-14,78.45999908447266,77.5199966430664,78.18000030517578,77.6500015258789,940100.0,71.33550262451172
2016-04-15,77.66999816894531,76.7300033569336,77.37000274658203,77.38999938964844,833300.0,71.09663391113281
2016-04-18,77.80000305175781,77.05000305175781,77.33000183105469,77.69000244140625,961900.0,71.37223815917969
2016-04-19,78.80999755859375,77.51000213623047,77.69999694824219,78.79000091552734,997600.0,72.38279724121094
2016-04-20,79.51000213623047,78.05000305175781,78.66000366210938,79.30000305175781,942000.0,72.85133361816406
2016-04-21,79.87999725341797,78.69000244140625,79.44999694824219,78.94999694824219,733200.0,72.52976989746094
2016-04-22,80.3499984741211,78.83999633789062,78.83999633789062,79.83000183105469,782800.0,73.33822631835938
2016-04-25,79.52999877929688,78.30000305175781,79.5,78.7699966430664,547800.0,72.3644027709961
2016-04-26,79.6500015258789,78.83999633789062,79.01000213623047,79.47000122070312,641600.0,73.00751495361328
2016-04-27,80.87000274658203,79.23999786376953,79.23999786376953,80.76000213623047,650100.0,74.19259643554688
2016-04-28,80.72000122070312,79.80999755859375,80.2300033569336,80.05000305175781,690800.0,73.54032897949219
2016-04-29,80.25,79.0999984741211,79.83000183105469,80.01000213623047,1009500.0,73.50360870361328
2016-05-02,80.94999694824219,79.51000213623047,80.12999725341797,80.86000061035156,1643400.0,74.28446960449219
2016-05-03,78.36000061035156,76.1500015258789,77.19000244140625,76.43000030517578,2250800.0,70.21471405029297
2016-05-04,76.0999984741211,73.31999969482422,75.69999694824219,74.4000015258789,2138800.0,68.34979248046875
2016-05-05,74.86000061035156,73.88999938964844,74.48999786376953,74.77999877929688,1038000.0,68.69889068603516
2016-05-06,74.81999969482422,73.72000122070312,74.58999633789062,74.58999633789062,932200.0,68.52435302734375
2016-05-09,76.19000244140625,74.66000366210938,74.66000366210938,75.66999816894531,1351600.0,69.51651000976562
2016-05-10,76.5999984741211,75.33000183105469,75.83000183105469,76.5999984741211,790100.0,70.37088012695312
2016-05-11,76.55000305175781,75.66999816894531,76.5,76.05000305175781,1026200.0,69.86561584472656
2016-05-12,76.55999755859375,75.61000061035156,76.27999877929688,76.11000061035156,633900.0,69.92073059082031
2016-05-13,76.41999816894531,75.41999816894531,75.9000015258789,75.91999816894531,729900.0,69.74616241455078
2016-05-16,77.41000366210938,75.70999908447266,75.9000015258789,77.06999969482422,711200.0,70.80267333984375
2016-05-17,77.86000061035156,76.75,76.93000030517578,77.48999786376953,1078000.0,71.18851470947266
2016-05-18,78.12999725341797,76.91000366210938,77.31999969482422,77.4800033569336,1042100.0,71.17930603027344
2016-05-19,77.56999969482422,76.55000305175781,76.86000061035156,77.51000213623047,848600.0,71.20687866210938
2016-05-20,78.83999633789062,77.62000274658203,78.05999755859375,78.73999786376953,692100.0,72.33683776855469
2016-05-23,78.80000305175781,78.1500015258789,78.73999786376953,78.33000183105469,490200.0,71.96022033691406
2016-05-24,79.1500015258789,78.2699966430664,78.54000091552734,78.9800033569336,541300.0,72.5573501586914
2016-05-25,79.79000091552734,78.69000244140625,79.04000091552734,79.36000061035156,592900.0,72.90642547607422
2016-05-26,80.22000122070312,79.5,79.5,79.76000213623047,736400.0,73.27391052246094
2016-05-27,79.69000244140625,79.0999984741211,79.16999816894531,79.43000030517578,738100.0,73.43107604980469
2016-05-31,79.30999755859375,77.55999755859375,79.30999755859375,78.7699966430664,1208100.0,72.82090759277344
2016-06-01,79.72000122070312,78.26000213623047,78.3499984741211,79.55999755859375,494500.0,73.55125427246094
2016-06-02,79.8499984741211,79.16999816894531,79.55999755859375,79.7699966430664,473900.0,73.74539184570312
2016-06-03,80.19999694824219,79.06999969482422,79.69999694824219,79.98999786376953,555200.0,73.94877624511719
2016-06-06,81.45999908447266,79.44000244140625,80.0,80.93000030517578,932500.0,74.81778717041016
2016-06-07,81.87999725341797,81.06999969482422,81.06999969482422,81.3499984741211,741700.0,75.2060546875
2016-06-08,82.16000366210938,81.25,81.4000015258789,81.87000274658203,840000.0,75.6867904663086
2016-06-09,81.93000030517578,81.04000091552734,81.48999786376953,81.22000122070312,543400.0,75.08589172363281
2016-06-10,82.0,80.76000213623047,81.26000213623047,81.0,929100.0,74.88250732421875
2016-06-13,81.62000274658203,80.5199966430664,80.69999694824219,80.61000061035156,1031100.0,74.52197265625
2016-06-14,81.23999786376953,80.30999755859375,80.4800033569336,80.9800033569336,1264400.0,74.86400604248047
2016-06-15,81.61000061035156,80.83999633789062,81.19000244140625,81.20999908447266,1198200.0,75.07665252685547
2016-06-16,82.08000183105469,80.25,80.6500015258789,81.98999786376953,1254400.0,75.79772186279297
2016-06-17,83.0,81.41000366210938,82.04000091552734,81.91000366210938,1627300.0,75.72377014160156
2016-06-20,83.54000091552734,82.76000213623047,83.0,83.16999816894531,1398100.0,76.88862609863281
2016-06-21,83.97000122070312,83.05000305175781,83.05000305175781,83.5,1239900.0,77.19369506835938
2016-06-22,84.27999877929688,83.2300033569336,83.7300033569336,83.38999938964844,898300.0,77.09200286865234
2016-06-23,84.75,83.6500015258789,84.37999725341797,84.13999938964844,766600.0,77.78534698486328
2016-06-24,82.62000274658203,80.93000030517578,82.04000091552734,80.9800033569336,1460800.0,74.86400604248047
2016-06-27,80.19000244140625,78.41999816894531,80.0199966430664,78.48999786376953,1426200.0,72.56206512451172
2016-06-28,80.33999633789062,78.66999816894531,79.55999755859375,80.30000305175781,1282000.0,74.2353744506836
2016-06-29,82.20999908447266,80.79000091552734,80.93000030517578,82.08999633789062,729900.0,75.89018249511719
2016-06-30,83.44999694824219,81.62000274658203,82.47000122070312,83.44000244140625,1025300.0,77.13821411132812
2016-07-01,83.91999816894531,82.29000091552734,83.5,82.58999633789062,710100.0,76.35240936279297
2016-07-05,82.06999969482422,81.23999786376953,82.01000213623047,81.54000091552734,794800.0,75.38172149658203
2016-07-06,82.58999633789062,80.77999877929688,81.37999725341797,82.44000244140625,822100.0,76.21373748779297
2016-07-07,83.12999725341797,82.0999984741211,82.75,82.2699966430664,515800.0,76.05656433105469
2016-07-08,84.47000122070312,82.73999786376953,83.22000122070312,84.19999694824219,829600.0,77.84082794189453
2016-07-11,84.69999694824219,83.56999969482422,84.31999969482422,84.41000366210938,440600.0,78.03495788574219
2016-07-12,85.44000244140625,84.69999694824219,84.91000366210938,84.95999908447266,471500.0,78.54342651367188
2016-07-13,85.47000122070312,84.91999816894531,85.1500015258789,85.33000183105469,406500.0,78.88548278808594
2016-07-14,86.22000122070312,85.5,86.0,85.55999755859375,558000.0,79.09811401367188
2016-07-15,85.93000030517578,85.12999725341797,85.83000183105469,85.2699966430664,617700.0,78.83000183105469
2016-07-18,85.4800033569336,84.98999786376953,85.16000366210938,85.05000305175781,497700.0,78.62662506103516
2016-07-19,85.41000366210938,84.69999694824219,84.81999969482422,85.31999969482422,444500.0,78.876220703125
2016-07-20,86.2300033569336,85.37999725341797,85.63999938964844,86.02999877929688,646500.0,79.53260803222656
2016-07-21,86.36000061035156,85.63999938964844,86.0199966430664,85.93000030517578,451500.0,79.44017028808594
2016-07-22,86.66000366210938,85.83999633789062,85.94000244140625,86.55999755859375,391200.0,80.02257537841797
2016-07-25,86.5,85.29000091552734,86.2699966430664,85.5,693000.0,79.04264068603516
2016-07-26,86.47000122070312,85.31999969482422,85.41999816894531,86.31999969482422,673400.0,79.80070495605469
2016-07-27,86.5,85.7699966430664,86.44999694824219,86.02999877929688,651900.0,79.53260803222656
2016-07-28,86.66000366210938,85.58999633789062,85.79000091552734,86.52999877929688,423600.0,79.9948501586914
2016-07-29,86.7699966430664,86.05999755859375,86.41999816894531,86.62000274658203,452900.0,80.07806396484375
2016-08-01,86.58000183105469,85.41000366210938,86.4800033569336,85.6500015258789,1263100.0,79.18131256103516
2016-08-02,88.0199966430664,85.55000305175781,85.6500015258789,87.97000122070312,1686900.0,81.32608795166016
2016-08-03,88.19000244140625,86.87000274658203,87.91000366210938,88.06999969482422,1347400.0,81.41854858398438
2016-08-04,88.48999786376953,87.75,88.05999755859375,88.25,842200.0,81.58494567871094
2016-08-05,89.30999755859375,88.2300033569336,88.4000015258789,88.73999786376953,694900.0,82.0379409790039
2016-08-08,89.41000366210938,88.2699966430664,88.87000274658203,88.97000122070312,957800.0,82.25057983398438
2016-08-09,90.41999816894531,88.81999969482422,89.04000091552734,89.79000091552734,701100.0,83.00865173339844
2016-08-10,90.55000305175781,89.6500015258789,89.70999908447266,89.9800033569336,755800.0,83.1843032836914
2016-08-11,90.0,89.23999786376953,89.9800033569336,89.87999725341797,583200.0,83.09182739257812
2016-08-12,89.9800033569336,89.55000305175781,89.8499984741211,89.83000183105469,417600.0,83.04562377929688
2016-08-15,91.4000015258789,90.0,90.0,90.75,754000.0,83.8961410522461
2016-08-16,90.76000213623047,89.97000122070312,90.68000030517578,90.0,775000.0,83.2027816772461
2016-08-17,90.56999969482422,89.44999694824219,90.19999694824219,89.91999816894531,554900.0,83.12883758544922
2016-08-18,90.75,89.88999938964844,89.91999816894531,90.63999938964844,375500.0,83.79444122314453
2016-08-19,91.12000274658203,90.18000030517578,90.3499984741211,90.94000244140625,368100.0,84.07177734375
2016-08-22,91.5199966430664,90.5199966430664,90.68000030517578,91.23999786376953,627800.0,84.34913635253906
2016-08-23,91.88999938964844,91.33000183105469,91.5,91.33999633789062,572300.0,84.44158935546875
2016-08-24,91.98999786376953,90.91000366210938,91.3499984741211,91.0199966430664,638600.0,84.14574432373047
2016-08-25,91.52999877929688,90.80999755859375,91.19999694824219,91.2699966430664,661200.0,84.37684631347656
2016-08-26,91.62000274658203,90.44000244140625,91.3499984741211,90.83999633789062,618200.0,83.97933197021484
2016-08-29,92.69000244140625,90.83999633789062,90.94000244140625,92.62000274658203,810400.0,85.62490844726562
2016-08-30,92.91000366210938,92.02999877929688,92.91000366210938,92.7300033569336,660400.0,85.72659301757812
2016-08-31,93.05999755859375,91.94999694824219,92.62999725341797,92.9800033569336,574600.0,85.95771789550781
2016-09-01,93.61000061035156,92.33999633789062,93.22000122070312,92.8499984741211,826000.0,85.83753204345703
2016-09-02,93.72000122070312,93.0199966430664,93.36000061035156,93.69000244140625,425800.0,86.61408233642578
2016-09-06,94.08999633789062,93.02999877929688,93.75,93.80000305175781,708000.0,86.7157974243164
2016-09-07,93.93000030517578,92.97000122070312,93.30999755859375,93.30000305175781,749600.0,86.7436752319336
2016-09-08,93.29000091552734,92.52999877929688,93.18000030517578,92.80000305175781,486100.0,86.27880859375
2016-09-09,92.12999725341797,90.86000061035156,91.97000122070312,90.86000061035156,532100.0,84.47515869140625
2016-09-12,92.02999877929688,89.94999694824219,90.30000305175781,91.91999816894531,637900.0,85.46063232421875
2016-09-13,91.83999633789062,89.5,91.18000030517578,89.8499984741211,2894000.0,83.5361099243164
2016-09-14,90.94999694824219,89.26000213623047,89.80000305175781,89.55000305175781,756200.0,83.25719451904297
2016-09-15,90.44999694824219,89.12000274658203,89.33000183105469,90.33000183105469,729800.0,83.98237609863281
2016-09-16,90.30000305175781,89.2300033569336,89.91999816894531,89.36000061035156,719400.0,83.08053588867188
2016-09-19,90.45999908447266,89.36000061035156,89.94999694824219,89.5199966430664,469200.0,83.22929382324219
2016-09-20,90.12999725341797,88.91000366210938,89.86000061035156,89.30999755859375,570200.0,83.03406524658203
2016-09-21,90.08000183105469,89.08000183105469,89.41000366210938,89.9000015258789,596100.0,83.58259582519531
2016-09-22,91.0,90.19999694824219,90.69000244140625,90.80999755859375,417400.0,84.42864990234375
2016-09-23,91.2300033569336,90.5,90.80999755859375,90.87999725341797,503200.0,84.49372863769531
2016-09-26,91.0,90.0,90.1500015258789,90.12999725341797,480400.0,83.79642486572266
2016-09-27,91.62999725341797,89.75,90.08999633789062,91.58000183105469,579500.0,85.1445541381836
2016-09-28,92.12000274658203,91.27999877929688,91.58999633789062,91.94999694824219,651800.0,85.4885482788086
2016-09-29,92.41000366210938,90.23999786376953,91.91999816894531,90.61000061035156,544300.0,84.2426986694336
2016-09-30,91.93000030517578,90.37999725341797,91.0199966430664,91.61000061035156,701200.0,85.17242431640625
2016-10-03,91.75,91.04000091552734,91.30999755859375,91.5,696000.0,85.07015228271484
2016-10-04,92.0199966430664,90.52999877929688,91.58000183105469,91.26000213623047,704300.0,84.84703826904297
2016-10-05,92.1500015258789,91.27999877929688,91.75,91.79000091552734,536400.0,85.33979034423828
2016-10-06,92.3499984741211,91.1500015258789,91.47000122070312,92.27999877929688,400900.0,85.79534912109375
2016-10-07,92.9000015258789,91.9000015258789,92.4800033569336,92.62000274658203,515700.0,86.11146545410156
2016-10-10,93.38999938964844,92.38999938964844,92.94000244140625,92.44999694824219,396700.0,85.95339965820312
2016-10-11,92.23999786376953,90.73999786376953,92.19000244140625,91.16999816894531,367200.0,84.76335144042969
2016-10-12,91.80999755859375,90.83999633789062,91.02999877929688,91.05999755859375,543700.0,84.66109466552734
2016-10-13,90.83000183105469,89.37999725341797,90.30000305175781,89.77999877929688,644600.0,83.47102355957031
2016-10-14,90.80999755859375,89.66999816894531,90.41999816894531,89.66999816894531,524300.0,83.36875915527344
2016-10-17,89.91000366210938,89.4000015258789,89.66000366210938,89.58000183105469,600300.0,83.28509521484375
2016-10-18,90.48999786376953,89.51000213623047,90.4000015258789,90.38999938964844,817900.0,84.03817749023438
2016-10-19,91.81999969482422,89.81999969482422,89.81999969482422,91.63999938964844,529300.0,85.20033264160156
2016-10-20,91.69999694824219,90.87999725341797,91.6500015258789,91.05000305175781,287200.0,84.65179443359375
2016-10-21,90.81999969482422,89.87999725341797,90.33000183105469,90.54000091552734,299700.0,84.17761993408203
2016-10-24,91.54000091552734,90.9800033569336,91.23999786376953,91.27999877929688,351700.0,84.86563110351562
2016-10-25,91.5,90.30999755859375,91.27999877929688,90.70999908447266,525100.0,84.33568572998047
2016-10-26,91.56999969482422,90.20999908447266,90.4000015258789,91.37999725341797,749700.0,84.95860290527344
2016-10-27,91.66000366210938,88.88999938964844,91.61000061035156,88.9800033569336,685800.0,82.72724151611328
2016-10-28,90.19000244140625,89.0199966430664,89.58999633789062,89.38999938964844,557000.0,83.10844421386719
2016-10-31,90.0,89.01000213623047,89.88999938964844,89.20999908447266,844300.0,82.94108581542969
2016-11-01,93.4000015258789,90.94999694824219,92.27999877929688,92.7300033569336,1484700.0,86.21372985839844
2016-11-02,93.88999938964844,92.51000213623047,93.02999877929688,93.16000366210938,1422300.0,86.61354064941406
2016-11-03,93.41999816894531,92.4000015258789,92.98999786376953,92.80000305175781,563600.0,86.27880859375
2016-11-04,94.66000366210938,92.3499984741211,92.77999877929688,94.25,1133900.0,87.62694549560547
2016-11-07,97.22000122070312,95.5199966430664,96.0,96.9800033569336,1056400.0,90.16507720947266
2016-11-08,97.94999694824219,96.66999816894531,96.97000122070312,97.45999908447266,778200.0,90.61135864257812
2016-11-09,101.47000122070312,96.81999969482422,97.16999816894531,101.19999694824219,1530700.0,94.08853149414062
2016-11-10,103.0199966430664,100.88999938964844,101.81999969482422,102.80999755859375,1214800.0,95.58538818359375
2016-11-11,103.98999786376953,102.06999969482422,102.18000030517578,103.41999816894531,866600.0,96.15252685546875
2016-11-14,105.9000015258789,103.61000061035156,103.97000122070312,105.06999969482422,1229500.0,97.68658447265625
2016-11-15,105.93000030517578,104.33000183105469,105.26000213623047,104.87000274658203,805100.0,97.50065612792969
2016-11-16,104.54000091552734,103.69999694824219,104.27999877929688,104.0,784700.0,97.18292236328125
2016-11-17,104.19999694824219,103.08000183105469,103.87000274658203,103.79000091552734,1140100.0,96.98670196533203
2016-11-18,104.0,102.7300033569336,103.87999725341797,103.56999969482422,827300.0,96.78111267089844
2016-11-21,104.6500015258789,102.9800033569336,103.91999816894531,103.9000015258789,603000.0,97.0894775390625
2016-11-22,104.41000366210938,103.33999633789062,104.11000061035156,104.05000305175781,1088300.0,97.22965240478516
2016-11-23,104.52999877929688,103.37000274658203,104.06999969482422,104.16999816894531,678000.0,97.34178161621094
2016-11-25,105.06999969482422,104.1500015258789,104.5199966430664,104.79000091552734,170000.0,97.92113494873047
2016-11-28,104.72000122070312,103.66999816894531,104.38999938964844,104.01000213623047,956100.0,97.1922836303711
2016-11-29,105.5199966430664,104.04000091552734,104.26000213623047,104.68000030517578,743000.0,97.81835174560547
2016-11-30,105.77999877929688,103.54000091552734,105.16999816894531,103.55999755859375,776700.0,96.77176666259766
2016-12-01,104.81999969482422,103.54000091552734,104.05999755859375,104.33999633789062,833500.0,97.5006332397461
2016-12-02,105.70999908447266,104.06999969482422,104.30000305175781,104.95999908447266,696500.0,98.08001708984375
2016-12-05,106.16999816894531,105.38999938964844,105.66000366210938,105.94000244140625,785500.0,98.99575805664062
2016-12-06,106.5199966430664,105.05999755859375,105.77999877929688,106.4800033569336,692800.0,99.5003662109375
2016-12-07,107.54000091552734,106.43000030517578,106.6500015258789,107.12999725341797,784500.0,100.10774993896484
2016-12-08,107.44000244140625,105.37999725341797,107.04000091552734,105.91000366210938,983900.0,98.96772003173828
2016-12-09,106.31999969482422,104.51000213623047,106.31999969482422,105.51000213623047,671100.0,98.59394073486328
2016-12-12,105.19999694824219,104.13999938964844,105.05999755859375,105.0199966430664,839800.0,98.13606262207031
2016-12-13,106.0199966430664,104.63999938964844,105.55000305175781,105.44999694824219,759600.0,98.53787231445312
2016-12-14,105.94999694824219,104.81999969482422,105.37999725341797,105.1500015258789,682200.0,98.2575454711914
2016-12-15,105.91999816894531,104.80999755859375,105.33999633789062,105.0,550700.0,98.11737823486328
2016-12-16,105.44000244140625,103.87000274658203,105.08000183105469,104.0,1295200.0,97.18292236328125
2016-12-19,105.0,103.58999633789062,104.27999877929688,104.3499984741211,569200.0,97.5099868774414
2016-12-20,104.62999725341797,103.88999938964844,104.55000305175781,104.20999908447266,515600.0,97.37915802001953
2016-12-21,104.44000244140625,103.73999786376953,104.31999969482422,103.79000091552734,465400.0,96.98670196533203
2016-12-22,104.4000015258789,102.95999908447266,104.12999725341797,103.69999694824219,362900.0,96.902587890625
2016-12-23,103.80999755859375,103.25,103.6500015258789,103.72000122070312,212000.0,96.92127227783203
2016-12-27,104.16000366210938,103.12000274658203,103.72000122070312,103.43000030517578,326200.0,96.65028381347656
2016-12-28,103.94000244140625,103.23999786376953,103.5,103.33999633789062,474100.0,96.5661849975586
2016-12-29,103.5,102.62999725341797,103.19000244140625,103.11000061035156,429800.0,96.35126495361328
2016-12-30,103.55999755859375,102.08999633789062,103.55999755859375,102.47000122070312,521000.0,95.75321197509766
2017-01-03,103.8499984741211,102.44999694824219,103.37999725341797,102.72000122070312,698100.0,95.98681640625
2017-01-04,103.58999633789062,102.48999786376953,103.0,103.27999877929688,660300.0,96.51011657714844
2017-01-05,103.93000030517578,102.69000244140625,103.11000061035156,103.41000366210938,638900.0,96.63159942626953
2017-01-06,104.70999908447266,103.47000122070312,103.51000213623047,104.55000305175781,683700.0,97.69686889648438
2017-01-09,104.37999725341797,102.12000274658203,104.19000244140625,102.13999938964844,602500.0,95.44483184814453
2017-01-10,102.26000213623047,101.16000366210938,102.23999786376953,101.70999908447266,477900.0,95.04302978515625
2017-01-11,101.94999694824219,101.05000305175781,101.41999816894531,101.79000091552734,427400.0,95.11778259277344
2017-01-12,102.06999969482422,101.01000213623047,101.7699966430664,101.79000091552734,383200.0,95.11778259277344
2017-01-13,102.0,101.19000244140625,101.87000274658203,101.76000213623047,377400.0,95.08975219726562
2017-01-17,101.37999725341797,99.88999938964844,101.19999694824219,100.18000030517578,527000.0,93.61333465576172
2017-01-18,101.4000015258789,100.08999633789062,100.29000091552734,100.8499984741211,698400.0,94.2394027709961
2017-01-19,101.70999908447266,99.80000305175781,101.05999755859375,99.98999786376953,579000.0,93.43576049804688
2017-01-20,100.69999694824219,99.88999938964844,100.44999694824219,100.19000244140625,478300.0,93.62266540527344
2017-01-23,100.94000244140625,99.12999725341797,100.0999984741211,100.70999908447266,548800.0,94.10859680175781
2017-01-24,102.41000366210938,100.58000183105469,100.7300033569336,102.06999969482422,436000.0,95.37942504882812
2017-01-25,102.37000274658203,100.83000183105469,102.37000274658203,101.12000274658203,463000.0,94.49170684814453
2017-01-26,101.6500015258789,100.98999786376953,101.01000213623047,101.2300033569336,377700.0,94.5945053100586
2017-01-27,103.61000061035156,101.02999877929688,101.45999908447266,102.52999877929688,720400.0,95.80928039550781
2017-01-30,104.29000091552734,101.87999725341797,104.29000091552734,102.37999725341797,555400.0,95.66909790039062
2017-01-31,102.7300033569336,100.61000061035156,102.16999816894531,102.70999908447266,658100.0,95.97748565673828
2017-02-01,103.33999633789062,101.5,102.81999969482422,101.83000183105469,748700.0,95.15515899658203
2017-02-02,105.31999969482422,100.79000091552734,100.80999755859375,104.9800033569336,1395700.0,98.09869384765625
2017-02-03,105.47000122070312,104.23999786376953,105.20999908447266,104.30000305175781,1023600.0,97.46327209472656
2017-02-06,105.9000015258789,104.0199966430664,104.1500015258789,105.12999725341797,1410800.0,98.23886108398438
2017-02-07,105.47000122070312,104.04000091552734,104.93000030517578,105.33999633789062,864000.0,98.43509674072266
2017-02-08,105.61000061035156,104.58000183105469,104.9800033569336,104.91000366210938,2214300.0,98.03326416015625
2017-02-09,105.80999755859375,104.47000122070312,105.33000183105469,104.48999786376953,878000.0,97.64080810546875
2017-02-10,105.93000030517578,104.16000366210938,105.01000213623047,105.73999786376953,708400.0,98.80887603759766
2017-02-13,107.02999877929688,105.80000305175781,106.01000213623047,107.01000213623047,676800.0,99.99564361572266
2017-02-14,107.97000122070312,106.0,106.36000061035156,107.94000244140625,708800.0,100.86466217041016
2017-02-15,108.08999633789062,107.11000061035156,107.47000122070312,107.31999969482422,1004500.0,100.2853012084961
2017-02-16,108.81999969482422,107.5199966430664,107.56999969482422,108.6500015258789,1107200.0,101.52812194824219
2017-02-17,109.47000122070312,108.0,108.56999969482422,109.45999908447266,609400.0,102.28502655029297
2017-02-21,111.19999694824219,109.54000091552734,109.54000091552734,111.0199966430664,727400.0,103.74276733398438
2017-02-22,110.69999694824219,109.62999725341797,110.51000213623047,110.44000244140625,714600.0,103.2007827758789
2017-02-23,110.73999786376953,109.58999633789062,110.44999694824219,109.83999633789062,1252900.0,102.64010620117188
2017-02-24,111.0999984741211,109.5,109.58999633789062,111.0999984741211,742800.0,103.81754302978516
2017-02-27,111.66999816894531,110.94000244140625,111.12000274658203,111.37000274658203,1609700.0,104.06983947753906
2017-02-28,111.62000274658203,109.51000213623047,110.95999908447266,109.9000015258789,882100.0,102.69618225097656
2017-03-01,111.26000213623047,110.37999725341797,110.80000305175781,110.91000366210938,859600.0,103.6399917602539
2017-03-02,111.2699966430664,110.05000305175781,110.80999755859375,110.30000305175781,754400.0,103.0699691772461
2017-03-03,110.58999633789062,109.9800033569336,110.5,110.45999908447266,822200.0,103.219482421875
2017-03-06,110.19000244140625,109.31999969482422,109.68000030517578,109.9000015258789,718800.0,102.69618225097656
2017-03-07,110.5199966430664,109.5199966430664,109.62999725341797,109.7300033569336,556800.0,102.53733825683594
2017-03-08,110.1500015258789,109.30000305175781,109.7300033569336,110.02999877929688,759800.0,102.81767272949219
2017-03-09,110.80999755859375,109.62000274658203,109.91000366210938,109.98999786376953,1056400.0,102.78028869628906
2017-03-10,110.63999938964844,109.19999694824219,109.45999908447266,110.62000274658203,765700.0,103.86949920654297
2017-03-13,111.22000122070312,109.7699966430664,110.33999633789062,110.79000091552734,757900.0,104.02912902832031
2017-03-14,110.69999694824219,109.87999725341797,110.0,110.55999755859375,547800.0,103.81315612792969
2017-03-15,111.91999816894531,110.56999969482422,110.8499984741211,111.75,802200.0,104.93052673339844
2017-03-16,112.33999633789062,111.44999694824219,111.91999816894531,111.6500015258789,543500.0,104.8366470336914
2017-03-17,112.69000244140625,111.56999969482422,111.9800033569336,112.30999755859375,1487500.0,105.45636749267578
2017-03-20,112.81999969482422,112.13999938964844,112.41000366210938,112.55000305175781,448400.0,105.6817398071289
2017-03-21,113.0,110.76000213623047,112.58999633789062,110.9000015258789,1125600.0,104.13240814208984
2017-03-22,111.2300033569336,110.26000213623047,110.91000366210938,110.98999786376953,460800.0,104.21692657470703
2017-03-23,111.95999908447266,110.7300033569336,110.83999633789062,111.41999816894531,569900.0,104.62068176269531
2017-03-24,112.16000366210938,110.44999694824219,111.20999908447266,110.88999938964844,514300.0,104.1230239868164
2017-03-27,110.97000122070312,109.43000030517578,110.05000305175781,110.79000091552734,1134400.0,104.02912902832031
2017-03-28,111.98999786376953,110.5,110.73999786376953,111.69000244140625,440800.0,104.87420654296875
2017-03-29,111.76000213623047,110.4000015258789,111.54000091552734,111.12999725341797,552700.0,104.34835815429688
2017-03-30,112.05000305175781,110.87999725341797,111.19999694824219,111.79000091552734,680400.0,104.96810150146484
2017-03-31,111.5999984741211,110.73999786376953,111.5999984741211,111.2699966430664,812800.0,104.4798355102539
2017-04-03,111.69000244140625,109.79000091552734,111.37999725341797,110.2699966430664,1366900.0,103.54084777832031
2017-04-04,110.94999694824219,109.69000244140625,110.2300033569336,110.11000061035156,601900.0,103.39063262939453
2017-04-05,110.6500015258789,109.01000213623047,110.55000305175781,109.05000305175781,800900.0,102.39531707763672
2017-04-06,110.06999969482422,109.0199966430664,109.29000091552734,109.48999786376953,687100.0,102.8084487915039
2017-04-07,110.76000213623047,109.56999969482422,109.88999938964844,110.16999816894531,777000.0,103.44696044921875
2017-04-10,110.83000183105469,109.7699966430664,110.4000015258789,110.05999755859375,589400.0,103.34368896484375
2017-04-11,109.94000244140625,109.25,109.70999908447266,109.94000244140625,426300.0,103.23099517822266
2017-04-12,111.36000061035156,109.93000030517578,110.55000305175781,110.29000091552734,439300.0,103.55963897705078
2017-04-13,110.7699966430664,109.97000122070312,110.13999938964844,110.0199966430664,654800.0,103.30610656738281
2017-04-17,110.58000183105469,109.79000091552734,110.54000091552734,110.20999908447266,1068000.0,103.48452758789062
2017-04-18,110.33000183105469,109.31999969482422,109.72000122070312,109.55999755859375,906100.0,102.87419128417969
2017-04-19,110.25,109.37000274658203,110.06999969482422,109.41999816894531,868400.0,102.74272918701172
2017-04-20,110.51000213623047,109.48999786376953,109.73999786376953,109.94999694824219,1374600.0,103.2403793334961
2017-04-21,111.30999755859375,110.01000213623047,110.16999816894531,110.2699966430664,828700.0,103.54084777832031
2017-04-24,112.08000183105469,111.2699966430664,111.52999877929688,111.69000244140625,646700.0,104.87420654296875
2017-04-25,112.19000244140625,111.20999908447266,112.0199966430664,111.20999908447266,894200.0,104.42349243164062
2017-04-26,111.81999969482422,110.87000274658203,111.33000183105469,111.12999725341797,976900.0,104.34835815429688
2017-04-27,113.33000183105469,111.44000244140625,111.55999755859375,113.29000091552734,731100.0,106.37655639648438
2017-04-28,113.58000183105469,111.72000122070312,112.98999786376953,111.88999938964844,1340500.0,105.06199645996094
2017-05-01,111.55999755859375,109.19999694824219,111.55999755859375,109.70999908447266,1082200.0,103.01502990722656
2017-05-02,109.94000244140625,109.12000274658203,109.56999969482422,109.54000091552734,1061700.0,102.85540008544922
2017-05-03,110.41999816894531,108.3499984741211,109.29000091552734,109.25,953400.0,102.5831069946289
2017-05-04,110.48999786376953,109.5,109.7300033569336,110.0,847000.0,103.2873306274414
2017-05-05,111.80000305175781,110.2300033569336,110.27999877929688,110.72000122070312,970600.0,103.96339416503906
2017-05-08,111.0999984741211,107.8499984741211,110.81999969482422,108.0,1382000.0,101.40939331054688
2017-05-09,108.52999877929688,107.22000122070312,107.79000091552734,108.5,1279800.0,101.87887573242188
2017-05-10,108.95999908447266,108.16999816894531,108.48999786376953,108.95999908447266,716400.0,102.31079864501953
2017-05-11,109.05000305175781,108.04000091552734,108.51000213623047,108.97000122070312,571800.0,102.3201904296875
2017-05-12,109.1500015258789,107.5999984741211,109.1500015258789,107.76000213623047,551500.0,101.18403625488281
2017-05-15,108.81999969482422,107.7300033569336,107.88999938964844,108.62999725341797,623200.0,102.00094604492188
2017-05-16,108.98999786376953,108.37999725341797,108.79000091552734,108.63999938964844,637200.0,102.01030731201172
2017-05-17,108.63999938964844,107.05999755859375,108.63999938964844,107.18000030517578,1216600.0,100.6394271850586
2017-05-18,107.63999938964844,106.18000030517578,107.08999633789062,107.44000244140625,912000.0,100.8835678100586
2017-05-19,108.45999908447266,107.45999908447266,107.94999694824219,107.80999755859375,2390800.0,101.2309799194336
2017-05-22,109.29000091552734,108.06999969482422,108.33000183105469,108.55000305175781,788100.0,101.92582702636719
2017-05-23,109.20999908447266,107.91000366210938,108.66000366210938,108.94000244140625,515000.0,102.29203033447266
2017-05-24,110.0,108.63999938964844,108.69999694824219,109.87999725341797,775100.0,103.17465209960938
2017-05-25,111.3499984741211,109.62000274658203,110.0,111.05000305175781,602300.0,104.27326202392578
2017-05-26,111.16000366210938,110.1500015258789,110.93000030517578,110.55999755859375,801200.0,103.81315612792969
2017-05-30,111.27999877929688,109.86000061035156,110.55999755859375,110.52999877929688,912700.0,103.78499603271484
2017-05-31,112.2300033569336,109.95999908447266,110.4000015258789,112.16000366210938,1276500.0,105.82295989990234
2017-06-01,113.36000061035156,112.01000213623047,112.26000213623047,113.36000061035156,668300.0,106.95515441894531
2017-06-02,114.31999969482422,113.44000244140625,113.55999755859375,113.81999969482422,661700.0,107.38916015625
2017-06-05,113.68000030517578,112.69000244140625,113.44000244140625,112.73999786376953,811500.0,106.37017059326172
2017-06-06,112.5199966430664,110.68000030517578,112.5199966430664,110.88999938964844,1400700.0,104.62470245361328
2017-06-07,111.80000305175781,110.22000122070312,110.72000122070312,110.44999694824219,1314200.0,104.2095718383789
2017-06-08,111.29000091552734,110.0,110.44999694824219,111.20999908447266,649200.0,104.92662048339844
2017-06-09,111.54000091552734,108.76000213623047,111.29000091552734,109.05999755859375,1908100.0,102.89808654785156
2017-06-12,109.27999877929688,107.77999877929688,109.18000030517578,108.52999877929688,1090000.0,102.39804077148438
2017-06-13,109.54000091552734,108.73999786376953,109.0199966430664,109.30999755859375,831900.0,103.13397979736328
2017-06-14,109.97000122070312,108.79000091552734,109.31999969482422,109.37000274658203,739400.0,103.19058227539062
2017-06-15,109.88999938964844,108.26000213623047,108.8499984741211,109.5,906300.0,103.31324768066406
2017-06-16,110.5999984741211,109.12999725341797,109.7699966430664,110.54000091552734,2234200.0,104.29447937011719
2017-06-19,112.30000305175781,110.38999938964844,110.7300033569336,112.27999877929688,713300.0,105.93617248535156
2017-06-20,112.69000244140625,111.83999633789062,112.01000213623047,111.87000274658203,544100.0,105.54934692382812
2017-06-21,112.33000183105469,111.48999786376953,111.80999755859375,111.70999908447266,424200.0,105.39836883544922
2017-06-22,112.25,110.98999786376953,111.62000274658203,110.98999786376953,407900.0,104.71906280517578
2017-06-23,111.5999984741211,110.66000366210938,111.0199966430664,111.38999938964844,1451900.0,105.09646606445312
2017-06-26,112.43000030517578,110.70999908447266,111.5199966430664,110.91000366210938,582900.0,104.64358520507812
2017-06-27,111.0999984741211,109.30999755859375,110.80000305175781,109.3499984741211,478600.0,103.17171478271484
2017-06-28,110.83000183105469,109.52999877929688,110.0199966430664,110.41999816894531,514900.0,104.1812515258789
2017-06-29,110.30000305175781,108.29000091552734,110.30000305175781,108.98999786376953,949600.0,102.83206176757812
2017-06-30,110.20999908447266,108.69999694824219,109.20999908447266,109.08000183105469,467200.0,102.9169921875
2017-07-03,110.20999908447266,109.08000183105469,109.80000305175781,109.66999816894531,466400.0,103.4736328125
2017-07-05,110.94999694824219,109.55999755859375,109.66000366210938,110.83000183105469,713500.0,104.5680923461914
2017-07-06,111.0199966430664,110.19999694824219,110.37999725341797,110.27999877929688,647200.0,104.0491714477539
2017-07-07,113.02999877929688,110.66000366210938,111.16000366210938,112.80999755859375,1010100.0,106.43621826171875
2017-07-10,114.22000122070312,112.4000015258789,112.81999969482422,113.9000015258789,1608700.0,107.46465301513672
2017-07-11,114.97000122070312,113.63999938964844,113.9000015258789,114.72000122070312,795700.0,108.23831176757812
2017-07-12,116.08999633789062,115.0,115.44000244140625,115.58999633789062,555200.0,109.05915832519531
2017-07-13,115.79000091552734,114.79000091552734,115.66000366210938,115.13999938964844,664500.0,108.63459014892578
2017-07-14,115.43000030517578,114.06999969482422,115.22000122070312,115.18000030517578,1047900.0,108.67231750488281
2017-07-17,115.1500015258789,113.38999938964844,115.0,113.48999786376953,1057900.0,107.07781219482422
2017-07-18,113.80000305175781,112.93000030517578,113.08999633789062,113.77999877929688,599100.0,107.3514175415039
2017-07-19,114.6500015258789,114.13999938964844,114.13999938964844,114.43000030517578,523300.0,107.96469116210938
2017-07-20,114.76000213623047,113.94999694824219,114.58999633789062,114.2300033569336,519100.0,107.7760009765625
2017-07-21,114.5199966430664,113.6500015258789,113.91999816894531,113.94000244140625,1050500.0,107.50238037109375
2017-07-24,114.41000366210938,113.66999816894531,114.08000183105469,113.94000244140625,674800.0,107.50238037109375
2017-07-25,115.0999984741211,114.05000305175781,114.41999816894531,114.97000122070312,351000.0,108.47420501708984
2017-07-26,115.52999877929688,114.56999969482422,115.2699966430664,115.2300033569336,419500.0,108.7195053100586
2017-07-27,115.63999938964844,113.27999877929688,115.63999938964844,113.87999725341797,715400.0,107.44576263427734
2017-07-28,114.47000122070312,113.69999694824219,113.81999969482422,114.41000366210938,374600.0,107.9458236694336
2017-07-31,114.97000122070312,113.97000122070312,114.80000305175781,114.47000122070312,786000.0,108.00243377685547
2017-08-01,116.48999786376953,111.72000122070312,113.62000274658203,115.8499984741211,1085000.0,109.30447387695312
2017-08-02,116.93000030517578,115.97000122070312,116.05000305175781,116.25,1008900.0,109.68186950683594
2017-08-03,116.94999694824219,115.94999694824219,115.95999908447266,116.91000366210938,592400.0,110.30457305908203
2017-08-04,117.70999908447266,116.37999725341797,117.26000213623047,116.69000244140625,390600.0,110.09701538085938
2017-08-07,117.41999816894531,116.62000274658203,116.69000244140625,117.37999725341797,575000.0,110.7480239868164
2017-08-08,117.80999755859375,116.7300033569336,117.26000213623047,116.88999938964844,646900.0,110.28569793701172
2017-08-09,118.58999633789062,116.7300033569336,116.75,118.55000305175781,602300.0,111.85191345214844
2017-08-10,118.98999786376953,117.86000061035156,117.86000061035156,118.2300033569336,949800.0,111.55001831054688
2017-08-11,119.06999969482422,118.18000030517578,118.2699966430664,118.37000274658203,532000.0,111.68209838867188
2017-08-14,120.29000091552734,118.98999786376953,119.0,119.83999633789062,822700.0,113.06903839111328
2017-08-15,120.54000091552734,119.69000244140625,120.02999877929688,119.79000091552734,587600.0,113.0218734741211
2017-08-16,121.2699966430664,119.9800033569336,119.98999786376953,120.25,510200.0,113.45586395263672
2017-08-17,120.6500015258789,119.11000061035156,119.3499984741211,119.11000061035156,565400.0,112.3802719116211
2017-08-18,119.33999633789062,118.66000366210938,118.97000122070312,118.70999908447266,527900.0,112.00288391113281
2017-08-21,119.06999969482422,117.45999908447266,118.69999694824219,118.55999755859375,462100.0,111.86134338378906
2017-08-22,120.33999633789062,118.62000274658203,118.86000061035156,119.98999786376953,477700.0,113.2105484008789
2017-08-23,119.98999786376953,118.94000244140625,119.68000030517578,119.08000183105469,501900.0,112.35197448730469
2017-08-24,119.52999877929688,118.73999786376953,119.31999969482422,118.83999633789062,339600.0,112.12552642822266
2017-08-25,120.06999969482422,119.05999755859375,119.30000305175781,119.66000366210938,333500.0,112.8991928100586
2017-08-28,122.37000274658203,120.27999877929688,120.27999877929688,121.33000183105469,1433500.0,114.47483825683594
2017-08-29,121.69999694824219,120.56999969482422,120.76000213623047,121.51000213623047,779600.0,114.64466857910156
2017-08-30,122.38999938964844,121.16000366210938,121.55999755859375,122.33999633789062,938600.0,115.42778778076172
2017-08-31,123.26000213623047,122.33999633789062,122.44999694824219,122.9000015258789,881100.0,115.9561538696289
2017-09-01,123.56999969482422,122.55000305175781,123.5199966430664,123.1500015258789,453100.0,116.1920166015625
2017-09-05,123.30999755859375,122.02999877929688,123.0,122.88999938964844,670800.0,115.94670104980469
2017-09-06,123.37999725341797,122.0999984741211,123.37999725341797,122.72000122070312,795700.0,115.78631591796875
2017-09-07,122.76000213623047,121.61000061035156,122.63999938964844,122.44999694824219,598600.0,116.07067108154297
2017-09-08,123.02999877929688,121.37999725341797,122.13999938964844,122.51000213623047,516800.0,116.12754821777344
2017-09-11,123.47000122070312,122.9000015258789,123.08000183105469,123.2699966430664,655900.0,116.84796905517578
2017-09-12,123.75,123.01000213623047,123.5,123.66999816894531,411900.0,117.22711181640625
2017-09-13,123.76000213623047,122.80999755859375,123.37999725341797,123.29000091552734,583500.0,116.86690521240234
2017-09-14,124.3499984741211,122.61000061035156,123.0,124.25,911700.0,117.77690124511719
2017-09-15,126.9800033569336,124.75,124.75,126.87000274658203,1501000.0,120.26041412353516
2017-09-18,128.97999572753906,126.97000122070312,127.33000183105469,128.97999572753906,1007100.0,122.26048278808594
2017-09-19,130.97000122070312,128.6199951171875,129.1999969482422,130.91000366210938,1066000.0,124.08995056152344
2017-09-20,131.6300048828125,130.63999938964844,131.1199951171875,131.60000610351562,751200.0,124.7439956665039
2017-09-21,131.89999389648438,130.72000122070312,131.42999267578125,131.05999755859375,648300.0,124.23210906982422
2017-09-22,131.88999938964844,131.05999755859375,131.41000366210938,131.8000030517578,553800.0,124.93358612060547
2017-09-25,131.7100067138672,129.86000061035156,131.52000427246094,130.75,753900.0,123.93826293945312
2017-09-26,131.6999969482422,130.75,131.0,131.52000427246094,358100.0,124.66815948486328
2017-09-27,132.0,130.7899932861328,131.61000061035156,131.36000061035156,609500.0,124.5164794921875
2017-09-28,131.50999450683594,130.1699981689453,131.1300048828125,130.9499969482422,522500.0,124.12783813476562
2017-09-29,131.74000549316406,130.3800048828125,130.8699951171875,131.67999267578125,455300.0,124.81980895996094
2017-10-02,132.8300018310547,131.52000427246094,131.82000732421875,132.80999755859375,499200.0,125.89096069335938
2017-10-03,133.8000030517578,132.25,133.0,133.30999755859375,491200.0,126.36492156982422
2017-10-04,134.00999450683594,132.58999633789062,133.00999450683594,134.0,412900.0,127.01896667480469
2017-10-05,135.0,134.0,134.13999938964844,134.7899932861328,411200.0,127.7677993774414
2017-10-06,135.75,134.19000244140625,134.4600067138672,135.66000366210938,419700.0,128.5924835205078
2017-10-09,136.2100067138672,135.5500030517578,136.0,135.8800048828125,425000.0,128.801025390625
2017-10-10,136.6300048828125,135.5399932861328,136.41000366210938,136.07000732421875,491100.0,128.98110961914062
2017-10-11,136.4499969482422,135.63999938964844,136.1199951171875,136.0,466400.0,128.91477966308594
2017-10-12,136.8300018310547,135.80999755859375,135.80999755859375,136.6199951171875,414100.0,129.50245666503906
2017-10-13,137.16000366210938,136.44000244140625,136.94000244140625,136.55999755859375,397200.0,129.44557189941406
2017-10-16,136.85000610351562,135.8300018310547,136.75999450683594,135.89999389648438,400800.0,128.81997680664062
2017-10-17,136.97000122070312,135.9499969482422,135.9499969482422,136.08999633789062,468500.0,129.00006103515625
2017-10-18,136.4499969482422,134.33999633789062,136.3000030517578,134.83999633789062,522900.0,127.815185546875
2017-10-19,135.74000549316406,133.66000366210938,134.69000244140625,135.61000061035156,470500.0,128.54505920410156
2017-10-20,137.1699981689453,135.49000549316406,136.1999969482422,136.72999572753906,437300.0,129.60671997070312
2017-10-23,137.63999938964844,136.60000610351562,137.2100067138672,136.82000732421875,535800.0,129.69204711914062
2017-10-24,137.38999938964844,136.47999572753906,137.1699981689453,136.9600067138672,405600.0,129.82473754882812
2017-10-25,137.44000244140625,136.0800018310547,137.0,136.55999755859375,444100.0,129.44557189941406
2017-10-26,137.38999938964844,135.52999877929688,136.8800048828125,135.86000061035156,400700.0,128.78204345703125
2017-10-27,137.05999755859375,136.11000061035156,136.4600067138672,136.52999877929688,296300.0,129.41714477539062
2017-10-30,136.83999633789062,135.16000366210938,136.6999969482422,135.63999938964844,705600.0,128.57350158691406
2017-10-31,139.52999877929688,135.2100067138672,135.64999389648438,139.32000732421875,830000.0,132.06178283691406
2017-11-01,141.97000122070312,136.7899932861328,140.86000061035156,137.14999389648438,1037200.0,130.0048370361328
2017-11-02,137.27000427246094,135.9499969482422,137.16000366210938,137.10000610351562,609900.0,129.9574432373047
2017-11-03,139.75,137.25999450683594,137.8699951171875,139.41000366210938,994000.0,132.14712524414062
2017-11-06,139.55999755859375,138.35000610351562,139.55999755859375,138.99000549316406,844800.0,131.74900817871094
2017-11-07,139.72000122070312,138.33999633789062,139.02999877929688,139.3699951171875,511400.0,132.1092071533203
2017-11-08,141.5399932861328,139.0,139.2899932861328,141.2899932861328,601000.0,133.92913818359375
2017-11-09,140.80999755859375,136.77000427246094,140.4600067138672,137.55999755859375,672100.0,130.3934783935547
2017-11-10,138.8800048828125,136.92999267578125,136.92999267578125,138.75999450683594,591800.0,131.53097534179688
2017-11-13,139.47999572753906,137.86000061035156,138.22000122070312,138.97000122070312,392200.0,131.73001098632812
2017-11-14,139.3699951171875,137.25,138.5500030517578,139.33999633789062,462500.0,132.0807647705078
2017-11-15,139.1999969482422,137.82000732421875,139.1300048828125,138.97000122070312,413600.0,131.73001098632812
2017-11-16,140.47999572753906,139.25999450683594,139.27000427246094,140.35000610351562,502500.0,133.5860595703125
2017-11-17,141.1199951171875,139.72999572753906,140.08999633789062,139.83999633789062,610700.0,133.10060119628906
2017-11-20,142.0399932861328,140.25,140.3699951171875,141.9199981689453,571300.0,135.0803985595703
2017-11-21,144.75,142.50999450683594,142.97999572753906,144.0,1053500.0,137.0601348876953
2017-11-22,144.0,142.52000427246094,144.0,142.52000427246094,596300.0,135.65147399902344
2017-11-24,144.24000549316406,142.35000610351562,142.77000427246094,143.94000244140625,310700.0,137.00303649902344
2017-11-27,144.24000549316406,143.10000610351562,144.02999877929688,143.5,502100.0,136.58425903320312
2017-11-28,144.47000122070312,143.52000427246094,143.88999938964844,144.1999969482422,601600.0,137.25048828125
2017-11-29,144.6300048828125,142.0,144.1999969482422,143.22000122070312,658600.0,136.3177490234375
2017-11-30,144.94000244140625,142.58999633789062,143.97999572753906,144.5,2345000.0,137.5360565185547
2017-12-01,144.41000366210938,140.97999572753906,144.1999969482422,142.86000061035156,784900.0,135.97506713867188
2017-12-04,144.0399932861328,141.11000061035156,144.0399932861328,141.69000244140625,688300.0,134.86146545410156
2017-12-05,143.7899932861328,141.17999267578125,142.05999755859375,142.5800018310547,704900.0,135.7086181640625
2017-12-06,143.22000122070312,141.7899932861328,142.41000366210938,142.52000427246094,428100.0,135.65147399902344
2017-12-07,143.58999633789062,142.22999572753906,142.22999572753906,143.1999969482422,312800.0,136.29872131347656
2017-12-08,144.10000610351562,142.85000610351562,143.9600067138672,143.25,462200.0,136.34629821777344
2017-12-11,143.91000366210938,138.0800018310547,138.0800018310547,142.63999938964844,492200.0,135.76568603515625
2017-12-12,142.7899932861328,140.88999938964844,142.36000061035156,141.4199981689453,662200.0,134.6044921875
2017-12-13,143.55999755859375,141.17999267578125,141.3300018310547,141.94000244140625,657600.0,135.09942626953125
2017-12-14,142.57000732421875,141.24000549316406,142.57000732421875,141.27000427246094,562200.0,134.46170043945312
2017-12-15,144.60000610351562,141.7100067138672,142.25999450683594,144.08999633789062,2392400.0,137.1458282470703
2017-12-18,144.6999969482422,142.5500030517578,144.6999969482422,142.6699981689453,687000.0,135.79425048828125
2017-12-19,143.83999633789062,142.05999755859375,142.7100067138672,142.57000732421875,469200.0,135.69903564453125
2017-12-20,143.19000244140625,141.91000366210938,142.88999938964844,142.33999633789062,524200.0,135.4801483154297
2017-12-21,143.11000061035156,141.72999572753906,142.86000061035156,142.7899932861328,387600.0,135.90847778320312
2017-12-22,143.10000610351562,141.97000122070312,143.0399932861328,142.77999877929688,350200.0,135.89895629882812
2017-12-26,143.19000244140625,141.83999633789062,142.67999267578125,142.1999969482422,323000.0,135.34689331054688
2017-12-27,143.35000610351562,142.0500030517578,142.3000030517578,143.22000122070312,285700.0,136.3177490234375
2017-12-28,143.86000061035156,141.89999389648438,143.86000061035156,143.22000122070312,540500.0,136.3177490234375
2017-12-29,143.2899932861328,141.6199951171875,143.2899932861328,141.64999389648438,616500.0,134.82337951660156
2018-01-02,142.77999877929688,141.30999755859375,142.0399932861328,142.07000732421875,932400.0,135.22317504882812
2018-01-03,143.25999450683594,140.83999633789062,142.47000122070312,142.82000732421875,766300.0,135.93702697753906
2018-01-04,143.55999755859375,142.00999450683594,142.92999267578125,142.42999267578125,651000.0,135.56578063964844
2018-01-05,143.85000610351562,142.00999450683594,142.69000244140625,143.74000549316406,686800.0,136.81268310546875
2018-01-08,146.6300048828125,143.6199951171875,143.80999755859375,146.39999389648438,590300.0,139.34446716308594
2018-01-09,146.9600067138672,145.25,146.75,145.6199951171875,763300.0,138.60208129882812
2018-01-10,145.38999938964844,143.92999267578125,145.3300018310547,145.14999389648438,422900.0,138.15472412109375
2018-01-11,145.91000366210938,144.8699951171875,145.16000366210938,145.3000030517578,449300.0,138.2974853515625
2018-01-12,147.3300018310547,145.11000061035156,145.25,147.2100067138672,565500.0,140.1154327392578
2018-01-16,148.72999572753906,145.66000366210938,148.55999755859375,145.77000427246094,570300.0,138.7448272705078
2018-01-17,147.77000427246094,145.64999389648438,146.1300048828125,147.61000061035156,620700.0,140.4961700439453
2018-01-18,148.49000549316406,145.7100067138672,147.6999969482422,145.74000549316406,598300.0,138.71630859375
2018-01-19,146.44000244140625,145.52999877929688,146.4199981689453,145.88999938964844,522200.0,138.8590850830078
2018-01-22,145.75999450683594,142.63999938964844,145.75999450683594,143.19000244140625,880600.0,136.28919982910156
2018-01-23,143.44000244140625,142.1999969482422,143.44000244140625,142.41000366210938,657000.0,135.5467987060547
2018-01-24,144.11000061035156,142.55999755859375,142.6199951171875,143.10000610351562,604500.0,136.2035369873047
2018-01-25,144.6999969482422,143.10000610351562,143.60000610351562,144.47000122070312,449500.0,137.5074920654297
2018-01-26,146.1699981689453,143.27000427246094,145.0,146.14999389648438,1033000.0,139.10650634765625
2018-01-29,147.86000061035156,146.32000732421875,146.3699951171875,147.19000244140625,812300.0,140.09642028808594
2018-01-30,157.6999969482422,148.3300018310547,148.9499969482422,156.30999755859375,1633300.0,148.77688598632812
2018-01-31,160.22999572753906,157.02000427246094,157.36000061035156,159.3800048828125,1198100.0,151.69894409179688
2018-02-01,160.6699981689453,157.07000732421875,158.8699951171875,157.67999267578125,1022300.0,150.08087158203125
2018-02-02,158.74000549316406,155.77000427246094,157.17999267578125,155.89999389648438,788600.0,148.3866729736328
2018-02-05,156.14999389648438,146.24000549316406,154.27000427246094,148.1999969482422,1237900.0,141.0577392578125
2018-02-06,149.3000030517578,143.02999877929688,144.67999267578125,148.63999938964844,1217700.0,141.47653198242188
2018-02-07,153.8800048828125,147.3699951171875,148.44000244140625,152.7899932861328,1165600.0,145.426513671875
2018-02-08,155.3000030517578,149.8000030517578,154.44000244140625,149.83999633789062,1432400.0,142.61865234375
2018-02-09,154.72000122070312,148.82000732421875,151.00999450683594,153.02000427246094,1290100.0,145.6454315185547
2018-02-12,154.5,150.61000061035156,153.77999877929688,152.7899932861328,828700.0,145.426513671875
2018-02-13,153.27999877929688,151.07000732421875,151.8800048828125,153.02000427246094,928600.0,145.6454315185547
2018-02-14,155.27999877929688,151.72999572753906,152.25999450683594,154.97000122070312,651300.0,147.50146484375
2018-02-15,156.92999267578125,153.89999389648438,155.97999572753906,156.22999572753906,706500.0,148.7007293701172
2018-02-16,157.22999572753906,154.50999450683594,155.7899932861328,156.66000366210938,633900.0,149.1100311279297
2018-02-20,158.5,155.75,156.30999755859375,157.00999450683594,582300.0,149.44314575195312
2018-02-21,161.0399932861328,156.61000061035156,157.2100067138672,158.1699981689453,901400.0,150.54722595214844
2018-02-22,159.9199981689453,157.63999938964844,158.38999938964844,157.99000549316406,534400.0,150.3759002685547
2018-02-23,158.80999755859375,157.1699981689453,158.36000061035156,158.8000030517578,422700.0,151.14686584472656
2018-02-26,160.8300018310547,158.6199951171875,159.4600067138672,159.5399932861328,494400.0,151.85121154785156
2018-02-27,161.0,159.0,159.27000427246094,159.02000427246094,571200.0,151.35630798339844
2018-02-28,159.91000366210938,156.11000061035156,159.8800048828125,156.14999389648438,794100.0,148.6245880126953
2018-03-01,156.39999389648438,150.74000549316406,156.39999389648438,152.8699951171875,1140600.0,145.502685546875
2018-03-02,154.36000061035156,150.0500030517578,151.58999633789062,153.86000061035156,629400.0,146.4449462890625
2018-03-05,154.33999633789062,151.1999969482422,153.0,154.25999450683594,748700.0,146.82568359375
2018-03-06,154.9600067138672,153.77999877929688,154.63999938964844,154.6699981689453,527600.0,147.21592712402344
2018-03-07,156.25999450683594,152.50999450683594,152.97000122070312,155.75999450683594,765400.0,148.8017578125
2018-03-08,156.2899932861328,153.74000549316406,156.2100067138672,155.74000549316406,569900.0,148.7826690673828
2018-03-09,157.77999877929688,155.57000732421875,156.5,157.72000122070312,483400.0,150.67422485351562
2018-03-12,159.5800018310547,157.5500030517578,158.13999938964844,158.02000427246094,876000.0,150.96080017089844
2018-03-13,159.5,157.60000610351562,158.52000427246094,158.10000610351562,724500.0,151.03726196289062
2018-03-14,159.67999267578125,156.6199951171875,159.05999755859375,157.5800018310547,650300.0,150.54043579101562
2018-03-15,158.4600067138672,156.7899932861328,157.75,158.17999267578125,609400.0,151.1136474609375
2018-03-16,158.41000366210938,155.24000549316406,158.1300048828125,156.50999450683594,2300100.0,149.5182647705078
2018-03-19,156.66000366210938,154.75999450683594,156.0500030517578,156.42999267578125,955600.0,149.4418182373047
2018-03-20,158.89999389648438,156.3800048828125,156.9499969482422,158.82000732421875,775000.0,151.72508239746094
2018-03-21,161.0399932861328,158.72999572753906,159.13999938964844,159.80999755859375,610200.0,152.67083740234375
2018-03-22,160.88999938964844,154.25999450683594,158.4199981689453,154.57000732421875,750300.0,147.66493225097656
2018-03-23,159.7100067138672,154.6300048828125,154.6300048828125,157.19000244140625,892900.0,150.16787719726562
2018-03-26,162.3699951171875,158.8300018310547,158.8300018310547,162.07000732421875,1035700.0,154.82989501953125
2018-03-27,164.5800018310547,159.44000244140625,162.8800048828125,160.35000610351562,1218300.0,153.1867218017578
2018-03-28,161.3000030517578,158.75,160.4199981689453,159.77999877929688,1299600.0,152.6421661376953
2018-03-29,162.4199981689453,158.7100067138672,159.9600067138672,161.27999877929688,1367600.0,154.07516479492188
2018-04-02,161.8699951171875,157.67999267578125,160.97999572753906,159.6300048828125,1018100.0,152.49888610839844
2018-04-03,161.0,157.47999572753906,160.3000030517578,159.6999969482422,903800.0,152.5657501220703
2018-04-04,162.30999755859375,157.4600067138672,157.7100067138672,162.2899932861328,650300.0,155.0400390625
2018-04-05,164.69000244140625,161.88999938964844,162.86000061035156,164.3300018310547,793800.0,156.98890686035156
2018-04-06,164.39999389648438,159.82000732421875,163.2899932861328,161.0399932861328,584300.0,153.8458709716797
2018-04-09,164.63999938964844,161.9600067138672,162.22999572753906,162.8300018310547,757800.0,155.55593872070312
2018-04-10,164.6199951171875,161.1999969482422,164.32000732421875,162.38999938964844,870100.0,155.13558959960938
2018-04-11,163.17999267578125,160.8300018310547,161.52999877929688,161.86000061035156,665100.0,154.6292724609375
2018-04-12,163.92999267578125,161.97999572753906,162.13999938964844,162.75999450683594,569700.0,155.48904418945312
2018-04-13,163.50999450683594,161.13999938964844,162.8699951171875,161.69000244140625,425700.0,154.46688842773438
2018-04-16,165.42999267578125,162.33999633789062,163.3000030517578,165.17999267578125,590600.0,157.80093383789062
2018-04-17,167.60000610351562,165.35000610351562,165.92999267578125,166.9600067138672,449600.0,159.50144958496094
2018-04-18,168.55999755859375,166.69000244140625,167.52000427246094,168.27999877929688,495600.0,160.76246643066406
2018-04-19,169.27999877929688,167.08999633789062,168.2100067138672,168.86000061035156,468100.0,161.3165740966797
2018-04-20,169.52999877929688,167.61000061035156,168.6300048828125,168.0,480900.0,160.49497985839844
2018-04-23,169.13999938964844,168.0,168.64999389648438,169.0,357200.0,161.45030212402344
2018-04-24,170.5399932861328,162.38999938964844,169.64999389648438,164.82000732421875,765300.0,157.45701599121094
2018-04-25,164.9600067138672,158.64999389648438,164.47999572753906,161.16000366210938,1082400.0,153.96051025390625
2018-04-26,161.75,159.30999755859375,161.07000732421875,159.75,1272800.0,152.61351013183594
2018-04-27,161.1300048828125,157.60000610351562,159.75,158.14999389648438,659900.0,151.08502197265625
2018-04-30,158.8300018310547,156.0800018310547,158.33999633789062,156.4199981689453,750000.0,149.43231201171875
2018-05-01,157.5399932861328,151.02000427246094,157.16000366210938,151.77999877929688,1228200.0,144.9995574951172
2018-05-02,157.33999633789062,146.32000732421875,153.3000030517578,146.75999450683594,1298300.0,140.2038116455078
2018-05-03,148.22999572753906,143.25999450683594,145.94000244140625,147.3000030517578,1109000.0,140.71971130371094
2018-05-04,149.9199981689453,146.08999633789062,146.64999389648438,149.83999633789062,825500.0,143.14620971679688
2018-05-07,150.72000122070312,148.49000549316406,149.83999633789062,149.8800048828125,878200.0,143.18441772460938
2018-05-08,154.3800048828125,151.00999450683594,151.3800048828125,153.94000244140625,1612500.0,147.06307983398438
2018-05-09,155.74000549316406,153.27999877929688,154.30999755859375,155.38999938964844,726600.0,148.4482879638672
2018-05-10,156.8000030517578,155.2100067138672,156.02999877929688,156.7100067138672,500900.0,149.70932006835938
2018-05-11,157.3699951171875,155.86000061035156,156.24000549316406,156.64999389648438,465600.0,149.65200805664062
2018-05-14,156.77999877929688,154.41000366210938,156.77999877929688,155.1699981689453,500000.0,148.23812866210938
2018-05-15,155.00999450683594,153.80999755859375,154.27999877929688,154.8800048828125,526200.0,147.96109008789062
2018-05-16,155.8000030517578,153.6199951171875,155.10000610351562,153.6999969482422,616800.0,146.83380126953125
2018-05-17,153.4499969482422,151.97000122070312,153.08999633789062,152.83999633789062,942700.0,146.01223754882812
2018-05-18,154.1300048828125,152.27999877929688,152.75,153.89999389648438,674400.0,147.0248565673828
2018-05-21,155.27000427246094,153.1699981689453,154.63999938964844,154.47000122070312,558800.0,147.56939697265625
2018-05-22,154.52000427246094,150.67999267578125,154.0800018310547,150.72999572753906,614200.0,143.99649047851562
2018-05-23,154.11000061035156,149.83999633789062,150.13999938964844,153.92999267578125,622300.0,147.05352783203125
2018-05-24,154.3800048828125,152.1699981689453,153.41000366210938,153.91000366210938,618800.0,147.03439331054688
2018-05-25,154.25999450683594,152.47000122070312,153.89999389648438,152.89999389648438,394400.0,146.06951904296875
2018-05-29,152.39999389648438,150.35000610351562,152.25,150.86000061035156,655700.0,144.1206817626953
2018-05-30,154.2100067138672,150.60000610351562,151.57000732421875,152.75,616000.0,145.92625427246094
2018-05-31,151.99000549316406,150.14999389648438,151.8800048828125,150.47000122070312,759100.0,144.28652954101562
2018-06-01,153.25999450683594,150.92999267578125,151.2899932861328,152.69000244140625,502400.0,146.41526794433594
2018-06-04,154.1199951171875,152.2899932861328,153.4199981689453,152.89999389648438,419500.0,146.61663818359375
2018-06-05,153.19000244140625,151.2899932861328,152.44000244140625,152.9499969482422,1039800.0,146.6645965576172
2018-06-06,153.89999389648438,152.7899932861328,153.13999938964844,153.47999572753906,852000.0,147.17282104492188
2018-06-07,154.38999938964844,152.33999633789062,153.4199981689453,152.97999572753906,434100.0,146.693359375
2018-06-08,154.75,152.64999389648438,153.0,154.64999389648438,457700.0,148.29473876953125
2018-06-11,156.1999969482422,153.8699951171875,154.4199981689453,154.22999572753906,907100.0,147.8919677734375
2018-06-12,154.9600067138672,151.86000061035156,154.9600067138672,152.36000061035156,455200.0,146.09884643554688
2018-06-13,153.14999389648438,151.99000549316406,152.0399932861328,152.24000549316406,682600.0,145.9837646484375
2018-06-14,153.5,149.7899932861328,152.60000610351562,149.9499969482422,523000.0,143.7878875732422
2018-06-15,149.33999633789062,147.24000549316406,149.33999633789062,149.22999572753906,1513800.0,143.0974578857422
2018-06-18,149.6999969482422,147.97999572753906,148.57000732421875,149.27000427246094,742800.0,143.1358184814453
2018-06-19,148.16000366210938,145.0,147.92999267578125,145.4499969482422,802900.0,139.47279357910156
2018-06-20,146.19000244140625,144.83999633789062,145.38999938964844,145.22999572753906,562400.0,139.26182556152344
2018-06-21,145.27000427246094,142.60000610351562,144.3699951171875,143.14999389648438,802100.0,137.26731872558594
2018-06-22,144.13999938964844,142.5,143.6699981689453,143.6999969482422,1387400.0,137.79470825195312
2018-06-25,145.0399932861328,142.6999969482422,143.38999938964844,144.1199951171875,542300.0,138.1974334716797
2018-06-26,145.3000030517578,143.66000366210938,144.33999633789062,144.2899932861328,598700.0,138.3604736328125
2018-06-27,146.9499969482422,143.72999572753906,144.5800018310547,143.82000732421875,686400.0,137.9097900390625
2018-06-28,145.25,143.0,143.50999450683594,144.75999450683594,431700.0,138.8111572265625
2018-06-29,146.19000244140625,144.3800048828125,145.25999450683594,144.5399932861328,718400.0,138.6001739501953
2018-07-02,146.08999633789062,142.9600067138672,143.6999969482422,145.97000122070312,506300.0,139.971435546875
2018-07-03,147.02999877929688,145.36000061035156,146.27000427246094,145.75999450683594,378500.0,139.7700653076172
2018-07-05,146.17999267578125,143.38999938964844,145.64999389648438,143.97000122070312,932800.0,138.05361938476562
2018-07-06,145.02000427246094,142.9499969482422,143.9199981689453,144.3000030517578,506700.0,138.37005615234375
2018-07-09,146.61000061035156,144.72999572753906,145.0,145.9499969482422,934800.0,139.9522705078125
2018-07-10,146.9499969482422,145.52000427246094,146.3699951171875,146.44000244140625,638800.0,140.422119140625
2018-07-11,145.8800048828125,144.36000061035156,145.14999389648438,144.77000427246094,455200.0,138.82073974609375
2018-07-12,147.67999267578125,144.64999389648438,145.25999450683594,147.5399932861328,614200.0,141.4769287109375
2018-07-13,149.14999389648438,147.44000244140625,147.47999572753906,148.88999938964844,649600.0,142.77145385742188
2018-07-16,151.0800018310547,149.4600067138672,149.4600067138672,149.57000732421875,573100.0,143.4235076904297
2018-07-17,151.97999572753906,149.19000244140625,149.19000244140625,151.63999938964844,751600.0,145.40841674804688
2018-07-18,152.77999877929688,151.1699981689453,151.63999938964844,152.14999389648438,604300.0,145.8974609375
2018-07-19,152.17999267578125,150.4499969482422,151.6300048828125,150.52999877929688,580400.0,144.34402465820312
2018-07-20,151.52999877929688,150.0,150.11000061035156,150.89999389648438,430700.0,144.69883728027344
2018-07-23,151.24000549316406,149.8000030517578,150.8699951171875,150.17999267578125,423700.0,144.0084228515625
2018-07-24,152.05999755859375,149.1199951171875,150.9600067138672,150.97999572753906,630200.0,144.77552795410156
2018-07-25,151.5800018310547,148.75,150.47999572753906,151.36000061035156,513000.0,145.1399383544922
2018-07-26,153.72999572753906,150.22000122070312,151.41000366210938,153.25,814600.0,146.95225524902344
2018-07-27,154.91000366210938,152.97999572753906,153.32000732421875,153.8800048828125,524800.0,147.55638122558594
2018-07-30,154.60000610351562,149.77999877929688,153.75,150.38999938964844,784900.0,144.20980834960938
2018-07-31,165.83999633789062,151.1999969482422,151.1999969482422,164.9499969482422,1368000.0,158.17144775390625
2018-08-01,168.91000366210938,163.67999267578125,164.00999450683594,163.92999267578125,1505600.0,157.19338989257812
2018-08-02,164.41000366210938,161.1699981689453,163.19000244140625,163.44000244140625,917700.0,156.72354125976562
2018-08-03,163.63999938964844,160.63999938964844,163.0399932861328,162.3800048828125,690500.0,155.70709228515625
2018-08-06,162.85000610351562,160.39999389648438,162.0,162.63999938964844,537800.0,155.95639038085938
2018-08-07,164.75999450683594,162.10000610351562,162.94000244140625,164.1300048828125,431000.0,157.38516235351562
2018-08-08,165.1300048828125,162.57000732421875,164.4199981689453,164.47999572753906,708200.0,157.7207794189453
2018-08-09,165.63999938964844,163.88999938964844,164.0,164.57000732421875,439600.0,157.8070831298828
2018-08-10,164.63999938964844,163.0,164.0399932861328,163.25999450683594,543000.0,156.55091857910156
2018-08-13,163.5500030517578,161.91000366210938,162.8000030517578,162.5500030517578,1025000.0,155.87008666992188
2018-08-14,165.4600067138672,162.74000549316406,162.74000549316406,164.89999389648438,507100.0,158.12351989746094
2018-08-15,164.57000732421875,162.25,164.16000366210938,162.8000030517578,708900.0,156.10983276367188
2018-08-16,164.2899932861328,163.02999877929688,163.39999389648438,163.86000061035156,560500.0,157.1262664794922
2018-08-17,165.6199951171875,163.32000732421875,163.72999572753906,164.66000366210938,1260400.0,157.8933868408203
2018-08-20,166.22000122070312,164.3800048828125,165.66000366210938,165.2100067138672,502400.0,158.42079162597656
2018-08-21,166.83999633789062,164.6999969482422,165.5399932861328,166.14999389648438,708300.0,159.32215881347656
2018-08-22,165.83999633789062,163.38999938964844,165.3800048828125,163.6999969482422,847200.0,156.97283935546875
2018-08-23,163.58999633789062,161.7100067138672,163.52000427246094,162.0800018310547,671500.0,155.41940307617188
2018-08-24,163.3699951171875,161.67999267578125,162.64999389648438,163.22999572753906,273500.0,156.52210998535156
2018-08-27,164.69000244140625,163.60000610351562,164.19000244140625,164.47999572753906,516500.0,157.7207794189453
2018-08-28,165.99000549316406,163.9199981689453,165.30999755859375,164.66000366210938,443100.0,157.8933868408203
2018-08-29,165.27999877929688,164.2899932861328,164.77000427246094,164.66000366210938,338600.0,157.8933868408203
2018-08-30,165.11000061035156,162.08999633789062,164.58999633789062,162.47000122070312,597500.0,155.79336547851562
2018-08-31,162.83999633789062,161.49000549316406,161.86000061035156,162.50999450683594,589100.0,155.83172607421875
2018-09-04,162.6699981689453,161.0500030517578,162.50999450683594,162.3699951171875,537200.0,155.69747924804688
2018-09-05,163.86000061035156,161.97999572753906,162.35000610351562,162.67999267578125,621400.0,155.99476623535156
2018-09-06,163.72999572753906,161.4600067138672,162.4499969482422,161.52000427246094,1004200.0,155.53733825683594
2018-09-07,161.8000030517578,159.6999969482422,161.8000030517578,160.17999267578125,1033400.0,154.2469482421875
2018-09-10,161.9199981689453,160.0,160.57000732421875,161.17999267578125,682400.0,155.2099151611328
2018-09-11,162.10000610351562,160.1699981689453,160.8300018310547,161.32000732421875,362000.0,155.3447265625
2018-09-12,161.82000732421875,160.25,160.75,161.67999267578125,476600.0,155.69140625
2018-09-13,163.60000610351562,161.4600067138672,162.00999450683594,163.47000122070312,425700.0,157.41510009765625
2018-09-14,165.0800018310547,163.24000549316406,163.77999877929688,164.72000122070312,445700.0,158.61880493164062
2018-09-17,166.8300018310547,164.02000427246094,165.0500030517578,166.4499969482422,618300.0,160.2847137451172
2018-09-18,168.52000427246094,165.94000244140625,166.83999633789062,168.02999877929688,452600.0,161.80621337890625
2018-09-19,168.6999969482422,164.92999267578125,167.8699951171875,165.52000427246094,430800.0,159.38919067382812
2018-09-20,166.27000427246094,160.9600067138672,165.9499969482422,162.66000366210938,1067600.0,156.6350860595703
2018-09-21,165.52999877929688,163.0800018310547,163.14999389648438,164.27999877929688,963200.0,158.19508361816406
2018-09-24,163.63999938964844,161.35000610351562,163.3800048828125,162.25999450683594,478800.0,156.24990844726562
2018-09-25,165.7899932861328,162.0,162.64999389648438,164.80999755859375,512000.0,158.7054901123047
2018-09-26,166.7899932861328,164.67999267578125,165.1699981689453,165.25,467500.0,159.12918090820312
2018-09-27,167.85000610351562,165.1999969482422,165.47000122070312,167.1999969482422,704100.0,161.00692749023438
2018-09-28,169.97999572753906,167.11000061035156,167.33999633789062,169.2100067138672,674100.0,162.9425048828125
2018-10-01,170.32000732421875,167.88999938964844,170.0,168.57000732421875,326100.0,162.3262176513672
2018-10-02,169.6199951171875,168.25999450683594,168.99000549316406,168.5,505100.0,162.2587890625
2018-10-03,170.72000122070312,168.3000030517578,168.99000549316406,169.08999633789062,604000.0,162.8269500732422
2018-10-04,169.0500030517578,167.61000061035156,168.8699951171875,168.6199951171875,434600.0,162.37437438964844
2018-10-05,170.11000061035156,167.30999755859375,168.91000366210938,167.55999755859375,371100.0,161.35360717773438
2018-10-08,167.8800048828125,166.0,167.55999755859375,167.33999633789062,450100.0,161.1417694091797
2018-10-09,167.22000122070312,165.61000061035156,166.52999877929688,166.2899932861328,438700.0,160.13063049316406
2018-10-10,165.99000549316406,160.3300018310547,165.99000549316406,160.64999389648438,707200.0,154.6995391845703
2018-10-11,160.9499969482422,154.14999389648438,159.99000549316406,154.22000122070312,847600.0,148.50772094726562
2018-10-12,157.22000122070312,151.8800048828125,156.42999267578125,154.8699951171875,901000.0,149.13363647460938
2018-10-15,174.2899932861328,163.4199981689453,164.1699981689453,173.25,4727500.0,166.83285522460938
2018-10-16,175.5,170.57000732421875,174.27000427246094,173.52999877929688,2450800.0,167.10247802734375
2018-10-17,173.27999877929688,169.55999755859375,172.99000549316406,171.57000732421875,1759400.0,165.21511840820312
2018-10-18,172.75,169.32000732421875,171.0399932861328,170.6999969482422,1140600.0,164.3773193359375
2018-10-19,170.8000030517578,168.27000427246094,170.8000030517578,168.92999267578125,1143500.0,162.67286682128906
2018-10-22,172.07000732421875,168.08999633789062,169.77000427246094,171.69000244140625,1297100.0,165.33065795898438
2018-10-23,172.8699951171875,168.35000610351562,168.72999572753906,169.11000061035156,1396600.0,162.84619140625
2018-10-24,169.67999267578125,161.7100067138672,169.1300048828125,162.1999969482422,1222200.0,156.19216918945312
2018-10-25,163.86000061035156,159.39999389648438,162.77999877929688,161.02999877929688,1167500.0,155.06546020507812
2018-10-26,161.92999267578125,156.11000061035156,158.61000061035156,160.83999633789062,1338600.0,154.88250732421875
2018-10-29,163.02999877929688,145.1999969482422,162.75999450683594,146.69000244140625,1918100.0,141.25660705566406
2018-10-30,151.11000061035156,143.16000366210938,146.19000244140625,150.85000610351562,1855400.0,145.26255798339844
2018-10-31,155.00999450683594,148.61000061035156,152.3300018310547,148.7100067138672,1486300.0,143.2018280029297
2018-11-01,151.57000732421875,148.61000061035156,149.75,150.00999450683594,1355200.0,144.4536590576172
2018-11-02,151.3300018310547,146.80999755859375,150.57000732421875,147.02999877929688,1578600.0,141.5840606689453
2018-11-05,150.3000030517578,145.83999633789062,147.8300018310547,149.5500030517578,1979500.0,144.0106964111328
2018-11-06,152.97999572753906,149.22999572753906,149.47999572753906,150.55999755859375,1140500.0,144.98329162597656
2018-11-07,153.1199951171875,148.38999938964844,151.19000244140625,153.08999633789062,1282200.0,147.41957092285156
2018-11-08,153.10000610351562,150.1199951171875,152.9499969482422,151.50999450683594,684600.0,145.89808654785156
2018-11-09,153.77000427246094,150.4600067138672,151.0500030517578,153.13999938964844,638400.0,147.46771240234375
2018-11-12,153.27999877929688,148.50999450683594,153.27999877929688,148.6999969482422,723700.0,143.19216918945312
2018-11-13,152.47999572753906,149.07000732421875,150.27000427246094,150.42999267578125,1269600.0,144.85809326171875
2018-11-14,152.5,148.61000061035156,151.52999877929688,149.41000366210938,975100.0,143.87588500976562
2018-11-15,151.57000732421875,147.47000122070312,148.10000610351562,151.02999877929688,1130900.0,145.43588256835938
2018-11-16,152.4600067138672,149.80999755859375,150.19000244140625,150.91000366210938,790600.0,145.32032775878906
2018-11-19,151.10000610351562,147.14999389648438,150.77999877929688,148.10000610351562,1441200.0,142.61441040039062
2018-11-20,146.91000366210938,143.9600067138672,145.97000122070312,146.49000549316406,955100.0,141.0640411376953
2018-11-21,147.24000549316406,144.27999877929688,146.4499969482422,144.7899932861328,899800.0,140.08203125
2018-11-23,146.6699981689453,144.0500030517578,144.08999633789062,145.1699981689453,334900.0,140.44969177246094
2018-11-26,147.4600067138672,144.47999572753906,146.25999450683594,145.75999450683594,914400.0,141.02047729492188
2018-11-27,145.7100067138672,139.14999389648438,145.10000610351562,140.77999877929688,1538600.0,136.2024383544922
2018-11-28,143.75,140.4199981689453,141.33999633789062,143.60000610351562,1107900.0,138.93075561523438
2018-11-29,145.13999938964844,142.2899932861328,143.86000061035156,143.1300048828125,905000.0,138.47604370117188
2018-11-30,143.6999969482422,140.74000549316406,143.3000030517578,142.9499969482422,2183100.0,138.30186462402344
2018-12-03,146.00999450683594,141.6300048828125,145.3300018310547,142.8000030517578,1195800.0,138.15673828125
2018-12-04,143.30999755859375,137.94000244140625,142.1300048828125,139.0399932861328,1381000.0,134.5189971923828
2018-12-06,139.85000610351562,134.3000030517578,137.24000549316406,139.75,1353200.0,135.20591735839844
2018-12-07,140.39999389648438,138.8000030517578,138.9600067138672,139.39999389648438,1179600.0,134.8673095703125
2018-12-10,144.47999572753906,138.92999267578125,140.0,143.4499969482422,1637300.0,138.78562927246094
2018-12-11,146.27000427246094,143.63999938964844,145.16000366210938,144.97999572753906,1897500.0,140.265869140625
2018-12-12,148.2899932861328,145.5800018310547,146.80999755859375,147.02000427246094,1414400.0,142.23953247070312
2018-12-13,148.92999267578125,146.60000610351562,148.14999389648438,148.44000244140625,1274500.0,143.61337280273438
2018-12-14,148.5,146.64999389648438,147.02000427246094,148.47000122070312,1306500.0,143.64239501953125
2018-12-17,148.52999877929688,145.22999572753906,147.94000244140625,145.91000366210938,2473500.0,141.16563415527344
2018-12-18,146.89999389648438,141.77999877929688,146.63999938964844,142.9499969482422,1298400.0,138.30186462402344
2018-12-19,144.27999877929688,136.8300018310547,142.60000610351562,138.4600067138672,1053000.0,133.95790100097656
2018-12-20,138.52000427246094,132.32000732421875,137.9199981689453,134.5399932861328,1305700.0,130.1653289794922
2018-12-21,133.36000061035156,127.9800033569336,133.36000061035156,128.61000061035156,2142000.0,124.42813873291016
2018-12-24,129.22000122070312,125.70999908447266,128.1199951171875,127.26000213623047,1026400.0,123.1220474243164
2018-12-26,128.47000122070312,123.23999786376953,127.44000244140625,128.22999572753906,900100.0,124.06049346923828
2018-12-27,131.63999938964844,125.45999908447266,126.88999938964844,131.63999938964844,1014900.0,127.35961151123047
2018-12-28,133.11000061035156,130.30999755859375,132.47000122070312,131.17999267578125,827300.0,126.91458129882812
2018-12-31,134.64999389648438,131.80999755859375,132.07000732421875,134.64999389648438,696200.0,130.271728515625
2019-01-02,134.39999389648438,129.97000122070312,133.02999877929688,133.13999938964844,923800.0,128.8108367919922
2019-01-03,132.6999969482422,129.4600067138672,131.80999755859375,130.0500030517578,740600.0,125.82135009765625
2019-01-04,133.1999969482422,130.13999938964844,131.25999450683594,132.9199981689453,1041300.0,128.59800720214844
2019-01-07,133.94000244140625,130.57000732421875,132.72999572753906,133.7899932861328,1354100.0,129.43972778320312
2019-01-08,135.8000030517578,132.08999633789062,135.25999450683594,133.74000549316406,1225300.0,129.39134216308594
2019-01-09,134.75,132.8699951171875,133.6199951171875,133.36000061035156,563500.0,129.02369689941406
2019-01-10,135.0,133.1300048828125,133.1300048828125,134.88999938964844,751600.0,130.50393676757812
2019-01-11,137.19000244140625,133.25,134.22999572753906,136.91000366210938,1199500.0,132.45828247070312
2019-01-14,139.52000427246094,135.82000732421875,136.0,138.0399932861328,984600.0,133.55152893066406
2019-01-15,139.10000610351562,136.8699951171875,137.77000427246094,138.7899932861328,1284000.0,134.2771453857422
2019-01-16,138.80999755859375,135.77999877929688,138.72000122070312,136.57000732421875,833800.0,132.12933349609375
2019-01-17,139.33999633789062,136.25999450683594,136.25999450683594,138.64999389648438,813700.0,134.14169311523438
2019-01-18,143.30999755859375,139.27000427246094,139.55999755859375,142.77999877929688,1503500.0,138.1374053955078
2019-01-22,141.99000549316406,138.11000061035156,141.99000549316406,139.25,831300.0,134.72219848632812
2019-01-23,142.4600067138672,139.75999450683594,139.8300018310547,142.1199951171875,1362600.0,137.49887084960938
2019-01-24,142.16000366210938,139.4199981689453,142.16000366210938,141.92999267578125,907100.0,137.31504821777344
2019-01-25,144.42999267578125,143.02000427246094,143.5399932861328,143.47999572753906,946400.0,138.8146514892578
2019-01-28,143.4600067138672,140.8800048828125,141.5399932861328,142.69000244140625,1072300.0,138.0503387451172
2019-01-29,156.0800018310547,148.6300048828125,151.19000244140625,155.22000122070312,4115000.0,150.17291259765625
2019-01-30,156.27000427246094,148.3000030517578,155.82000732421875,154.89999389648438,2464900.0,149.86331176757812
2019-01-31,154.97999572753906,151.77000427246094,153.88999938964844,153.17999267578125,1462500.0,148.19921875
2019-02-01,154.72999572753906,152.60000610351562,153.35000610351562,153.77000427246094,901600.0,148.7700653076172
2019-02-04,157.3300018310547,153.19000244140625,153.80999755859375,157.22999572753906,867800.0,152.1175537109375
2019-02-05,157.8800048828125,154.99000549316406,157.39999389648438,157.8000030517578,1059300.0,152.6690216064453
2019-02-06,158.4499969482422,156.9199981689453,157.67999267578125,157.63999938964844,875600.0,152.5142059326172
2019-02-07,158.1300048828125,155.9199981689453,156.0800018310547,157.42999267578125,727000.0,152.31105041503906
2019-02-08,160.16000366210938,156.91000366210938,157.02000427246094,160.16000366210938,1489500.0,154.95230102539062
2019-02-11,161.5800018310547,159.55999755859375,160.19000244140625,160.66000366210938,1152400.0,155.43603515625
2019-02-12,162.69000244140625,160.22999572753906,162.0,162.0800018310547,725500.0,156.80982971191406
2019-02-13,164.52999877929688,161.36000061035156,162.3699951171875,161.9600067138672,1055700.0,156.69375610351562
2019-02-14,162.64999389648438,160.50999450683594,160.8800048828125,162.24000549316406,714200.0,156.9646453857422
2019-02-15,165.02999877929688,163.3699951171875,163.66000366210938,164.8000030517578,938000.0,159.44140625
2019-02-19,165.1300048828125,162.25999450683594,164.5,164.58999633789062,1066500.0,159.23822021484375
2019-02-20,165.5,163.4499969482422,164.58999633789062,165.1999969482422,594900.0,159.82839965820312
2019-02-21,165.22000122070312,163.42999267578125,165.16000366210938,164.57000732421875,546100.0,159.21890258789062
2019-02-22,166.07000732421875,163.97999572753906,165.38999938964844,165.8800048828125,471200.0,160.48629760742188
2019-02-25,167.08999633789062,163.6199951171875,166.97000122070312,163.8800048828125,1024300.0,158.55133056640625
2019-02-26,164.74000549316406,162.2899932861328,163.83999633789062,162.33999633789062,716400.0,157.0614013671875
2019-02-27,162.41000366210938,161.02000427246094,161.89999389648438,162.0500030517578,713700.0,156.7808380126953
2019-02-28,165.0500030517578,161.6999969482422,162.1999969482422,164.92999267578125,1001300.0,159.56716918945312
2019-03-01,165.5500030517578,163.6300048828125,165.47000122070312,164.7899932861328,915200.0,159.4317169189453
2019-03-04,166.6199951171875,162.57000732421875,165.0500030517578,163.3300018310547,774300.0,158.0192108154297
2019-03-05,164.77000427246094,162.3300018310547,163.6199951171875,162.4199981689453,757000.0,157.1387939453125
2019-03-06,163.41000366210938,160.52999877929688,162.74000549316406,160.6199951171875,636600.0,155.3972930908203
2019-03-07,161.33999633789062,156.89999389648438,160.11000061035156,161.22999572753906,850100.0,156.65557861328125
2019-03-08,161.91000366210938,159.77000427246094,160.3300018310547,161.77999877929688,902300.0,157.18997192382812
2019-03-11,164.02999877929688,160.61000061035156,160.74000549316406,163.22999572753906,1158700.0,158.59881591796875
2019-03-12,163.82000732421875,161.02999877929688,163.82000732421875,161.33999633789062,987600.0,156.76246643066406
2019-03-13,162.9499969482422,160.6999969482422,161.7899932861328,161.77000427246094,829100.0,157.1802520751953
2019-03-14,162.8800048828125,160.13999938964844,161.4199981689453,160.44000244140625,958000.0,155.8879852294922
2019-03-15,161.5399932861328,159.3699951171875,160.25999450683594,160.67999267578125,1379500.0,156.1211700439453
2019-03-18,163.7100067138672,160.02000427246094,160.02000427246094,163.3000030517578,680200.0,158.66685485839844
2019-03-19,165.3699951171875,162.24000549316406,164.0,162.9600067138672,838100.0,158.3365020751953
2019-03-20,163.13999938964844,160.85000610351562,162.8699951171875,160.99000549316406,683700.0,156.42237854003906
2019-03-21,162.57000732421875,160.5,160.6699981689453,162.1699981689453,680100.0,157.5688934326172
2019-03-22,161.57000732421875,158.72999572753906,161.1699981689453,159.27999877929688,649300.0,154.7609100341797
2019-03-25,160.38999938964844,158.94000244140625,159.5399932861328,159.74000549316406,415500.0,155.20787048339844
2019-03-26,161.1699981689453,158.36000061035156,160.24000549316406,159.72999572753906,493500.0,155.19813537597656
2019-03-27,161.42999267578125,158.4600067138672,160.0800018310547,158.91000366210938,549500.0,154.40139770507812
2019-03-28,160.25999450683594,158.0,159.47999572753906,159.92999267578125,656900.0,155.3924560546875
2019-03-29,161.2100067138672,158.97999572753906,161.00999450683594,159.7100067138672,966000.0,155.1787109375
2019-04-01,163.52000427246094,161.00999450683594,161.58999633789062,163.3000030517578,720100.0,158.66685485839844
2019-04-02,163.94000244140625,161.7899932861328,163.7100067138672,161.89999389648438,494100.0,157.3065643310547
2019-04-03,163.00999450683594,159.2899932861328,162.58999633789062,160.0,683100.0,155.46046447753906
2019-04-04,163.47999572753906,160.36000061035156,160.36000061035156,162.30999755859375,794700.0,157.70492553710938
2019-04-05,164.57000732421875,162.60000610351562,162.72999572753906,164.5,832500.0,159.83277893066406
2019-04-08,164.75999450683594,162.99000549316406,164.49000549316406,164.00999450683594,602100.0,159.35670471191406
2019-04-09,163.67999267578125,162.3699951171875,163.13999938964844,163.17999267578125,733500.0,158.5502471923828
2019-04-10,163.1699981689453,161.8699951171875,162.99000549316406,162.69000244140625,844900.0,158.07415771484375
2019-04-11,165.6300048828125,162.41000366210938,162.41000366210938,165.22000122070312,625000.0,160.53237915039062
2019-04-12,167.99000549316406,165.66000366210938,165.75,167.83999633789062,481700.0,163.07801818847656
2019-04-15,168.2899932861328,165.0399932861328,168.1300048828125,165.7100067138672,612800.0,161.0084686279297
2019-04-16,167.27000427246094,165.97000122070312,165.97000122070312,166.1199951171875,478500.0,161.40682983398438
2019-04-17,167.14999389648438,165.7899932861328,166.35000610351562,166.16000366210938,556100.0,161.44569396972656
2019-04-18,167.35000610351562,165.5399932861328,166.08999633789062,165.64999389648438,485900.0,160.9501495361328
2019-04-22,165.5,163.6199951171875,165.07000732421875,164.86000061035156,610900.0,160.18258666992188
2019-04-23,168.27999877929688,166.0,166.58999633789062,167.52000427246094,848500.0,162.76712036132812
2019-04-24,168.39999389648438,165.8300018310547,168.13999938964844,166.41000366210938,632900.0,161.68862915039062
2019-04-25,166.02000427246094,163.16000366210938,165.83999633789062,164.75,476400.0,160.07571411132812
2019-04-26,166.82000732421875,165.02000427246094,165.3699951171875,166.4499969482422,495900.0,161.7274627685547
2019-04-29,167.57000732421875,165.0800018310547,166.1999969482422,165.1699981689453,689100.0,160.48379516601562
2019-04-30,169.02999877929688,165.5,165.5,168.5,1256200.0,163.7193145751953
2019-05-01,181.47999572753906,172.25,173.8000030517578,179.6699981689453,2548400.0,174.57240295410156
2019-05-02,180.49000549316406,176.5800018310547,178.7100067138672,177.77999877929688,1502100.0,172.73602294921875
2019-05-03,180.1199951171875,176.8699951171875,178.47999572753906,177.88999938964844,1401700.0,172.84288024902344
2019-05-06,178.74000549316406,175.17999267578125,175.97999572753906,178.5,895100.0,173.4355926513672
2019-05-07,177.57000732421875,175.49000549316406,177.4499969482422,176.69000244140625,1171400.0,171.67694091796875
2019-05-08,179.99000549316406,176.52000427246094,177.0,179.3800048828125,1050300.0,174.29063415527344
2019-05-09,181.4499969482422,177.3000030517578,177.74000549316406,181.17999267578125,1232000.0,176.03953552246094
2019-05-10,183.1199951171875,179.66000366210938,180.44000244140625,181.6999969482422,1137700.0,176.54481506347656
2019-05-13,181.67999267578125,178.82000732421875,179.00999450683594,181.47000122070312,1213200.0,176.32131958007812
2019-05-14,183.0,181.0,181.36000061035156,182.1199951171875,907300.0,176.95286560058594
2019-05-15,185.17999267578125,179.67999267578125,181.0,183.52999877929688,1461700.0,178.32289123535156
2019-05-16,185.24000549316406,183.1199951171875,183.52000427246094,184.3800048828125,853700.0,179.81993103027344
2019-05-17,185.72999572753906,182.6699981689453,182.83999633789062,183.64999389648438,909600.0,179.1079559326172
2019-05-20,185.5800018310547,182.35000610351562,183.35000610351562,183.02000427246094,1017500.0,178.49356079101562
2019-05-21,188.00999450683594,184.24000549316406,184.4499969482422,187.77000427246094,1181400.0,183.12606811523438
2019-05-22,189.41000366210938,187.10000610351562,187.61000061035156,188.33999633789062,827600.0,183.68197631835938
2019-05-23,188.89999389648438,185.91000366210938,187.07000732421875,188.5399932861328,1335300.0,183.87701416015625
2019-05-24,189.49000549316406,186.94000244140625,189.32000732421875,187.0800018310547,928800.0,182.45314025878906
2019-05-28,187.92999267578125,186.0399932861328,187.0,186.47999572753906,990600.0,181.8679656982422
2019-05-29,187.57000732421875,184.52000427246094,186.60000610351562,186.0800018310547,1349400.0,181.47787475585938
2019-05-30,188.4600067138672,186.1999969482422,186.22999572753906,186.72999572753906,790700.0,182.11180114746094
2019-05-31,187.75999450683594,184.77999877929688,185.86000061035156,187.19000244140625,933300.0,182.56044006347656
2019-06-03,190.1699981689453,186.5,187.22000122070312,189.86000061035156,1039800.0,185.16436767578125
2019-06-04,194.58999633789062,190.57000732421875,191.16000366210938,192.10000610351562,1220700.0,187.3489990234375
2019-06-05,197.99000549316406,192.86000061035156,192.86000061035156,197.6999969482422,1184600.0,192.81048583984375
2019-06-06,198.44000244140625,195.9600067138672,197.66000366210938,197.69000244140625,1308000.0,192.80075073242188
2019-06-07,198.77999877929688,196.83999633789062,198.00999450683594,198.2100067138672,900600.0,193.30787658691406
2019-06-10,200.77000427246094,196.1199951171875,199.4199981689453,196.5800018310547,1375300.0,191.71820068359375
2019-06-11,197.5,187.4199981689453,196.5800018310547,188.1699981689453,1501400.0,183.5161895751953
2019-06-12,189.75,185.83999633789062,188.77000427246094,188.72999572753906,1217200.0,184.06234741210938
2019-06-13,190.57000732421875,187.16000366210938,189.02000427246094,189.8300018310547,710200.0,185.13514709472656
2019-06-14,191.64999389648438,189.55999755859375,189.83999633789062,190.60000610351562,896200.0,185.88609313964844
2019-06-17,192.86000061035156,189.02999877929688,191.33999633789062,192.07000732421875,760100.0,187.31971740722656
2019-06-18,196.4600067138672,192.14999389648438,192.16000366210938,196.3699951171875,1027300.0,191.51336669921875
2019-06-19,198.92999267578125,195.27000427246094,196.42999267578125,198.3800048828125,793700.0,193.4736785888672
2019-06-20,200.4199981689453,197.36000061035156,200.0500030517578,199.39999389648438,1057900.0,194.46844482421875
2019-06-21,200.72999572753906,197.14999389648438,199.75999450683594,197.22000122070312,1908300.0,192.34234619140625
2019-06-24,199.5399932861328,197.05999755859375,197.89999389648438,197.2899932861328,868000.0,192.41061401367188
2019-06-25,198.0800018310547,195.49000549316406,197.3800048828125,195.6699981689453,927500.0,190.8306884765625
2019-06-26,195.72999572753906,191.0500030517578,195.72999572753906,191.22000122070312,1306700.0,186.4907684326172
2019-06-27,191.83999633789062,189.2100067138672,191.0399932861328,189.4600067138672,1080100.0,184.7742919921875
2019-06-28,191.44000244140625,187.7100067138672,190.42999267578125,189.1300048828125,4782100.0,184.4524383544922
2019-07-01,191.0,176.16000366210938,189.75999450683594,178.14999389648438,6708000.0,173.74398803710938
2019-07-02,186.64999389648438,181.52999877929688,182.38999938964844,185.77000427246094,3959700.0,181.17555236816406
2019-07-03,185.3800048828125,180.5,185.0,184.3000030517578,1846900.0,179.74191284179688
2019-07-05,185.4600067138672,181.6999969482422,184.1999969482422,184.9600067138672,1072900.0,180.3855743408203
2019-07-08,185.27999877929688,183.05999755859375,184.4199981689453,184.67999267578125,1280300.0,180.11248779296875
2019-07-09,191.33999633789062,185.02000427246094,185.5,191.25999450683594,2445200.0,186.52976989746094
2019-07-10,192.9199981689453,190.7100067138672,191.52999877929688,192.61000061035156,1611400.0,187.84637451171875
2019-07-11,195.6999969482422,191.1999969482422,191.97000122070312,194.4499969482422,1573700.0,189.64088439941406
2019-07-12,197.38999938964844,194.75999450683594,195.22999572753906,195.72000122070312,1169000.0,190.87948608398438
2019-07-15,195.64999389648438,191.0399932861328,195.64999389648438,191.5500030517578,1441000.0,186.81260681152344
2019-07-16,193.19000244140625,190.55999755859375,191.5,192.57000732421875,984200.0,187.80738830566406
2019-07-17,194.47999572753906,192.7100067138672,192.8300018310547,193.97000122070312,1298000.0,189.17274475097656
2019-07-18,194.9499969482422,191.6300048828125,194.24000549316406,194.13999938964844,1223400.0,189.33853149414062
2019-07-19,195.14999389648438,190.83999633789062,194.83999633789062,193.47999572753906,1125900.0,188.69485473632812
2019-07-22,196.4499969482422,193.3300018310547,193.8300018310547,194.91000366210938,1004600.0,190.08950805664062
2019-07-23,196.25,190.94000244140625,196.08999633789062,194.5399932861328,1561900.0,189.7286376953125
2019-07-24,198.13999938964844,192.99000549316406,194.0,197.9499969482422,827900.0,193.05429077148438
2019-07-25,202.9600067138672,198.5399932861328,200.1199951171875,200.6699981689453,1403200.0,195.70704650878906
2019-07-26,201.75,198.16000366210938,201.4600067138672,199.8300018310547,1136700.0,194.88780212402344
2019-07-29,201.92999267578125,199.8300018310547,200.0,201.38999938964844,1542700.0,196.4092254638672
2019-07-30,201.32000732421875,199.4600067138672,201.00999450683594,200.0,1132200.0,195.05360412597656
2019-07-31,211.82000732421875,199.4600067138672,199.89999389648438,207.60000610351562,2582200.0,202.4656524658203
2019-08-01,209.16000366210938,199.4600067138672,202.22999572753906,204.85000610351562,1834200.0,199.78366088867188
2019-08-02,205.11000061035156,200.74000549316406,205.0,204.4199981689453,1228900.0,199.36431884765625
2019-08-05,204.3000030517578,199.1699981689453,203.36000061035156,201.38999938964844,2164100.0,196.4092254638672
2019-08-06,206.6999969482422,201.86000061035156,205.66000366210938,205.1199951171875,1661000.0,200.0469970703125
2019-08-07,209.30999755859375,203.1999969482422,203.85000610351562,207.4600067138672,2305300.0,202.32911682128906
2019-08-08,214.99000549316406,208.86000061035156,209.4499969482422,214.4499969482422,2213600.0,209.14622497558594
2019-08-09,214.99000549316406,210.27999877929688,213.55999755859375,211.61000061035156,1254100.0,206.37646484375
2019-08-12,211.9600067138672,209.1300048828125,211.38999938964844,209.32000732421875,1082800.0,204.14309692382812
2019-08-13,212.33999633789062,207.44000244140625,208.4499969482422,209.8300018310547,1161700.0,204.6405029296875
2019-08-14,209.72000122070312,205.50999450683594,208.1699981689453,207.72000122070312,1225900.0,202.58267211914062
2019-08-15,211.64999389648438,207.16000366210938,207.58999633789062,209.60000610351562,1744300.0,204.41619873046875
2019-08-16,211.89999389648438,209.10000610351562,211.35000610351562,210.8699951171875,1394100.0,205.65476989746094
2019-08-19,213.75,211.5800018310547,212.22999572753906,213.0500030517578,899300.0,207.7808837890625
2019-08-20,214.75,211.77999877929688,213.9199981689453,212.58999633789062,907900.0,207.3322296142578
2019-08-21,215.1999969482422,212.0,213.49000549316406,214.17999267578125,1254900.0,208.88290405273438
2019-08-22,215.36000061035156,210.83999633789062,214.72000122070312,213.30999755859375,934000.0,208.034423828125
2019-08-23,214.50999450683594,208.05999755859375,213.1699981689453,208.88999938964844,1295600.0,203.7237548828125
2019-08-26,212.3300018310547,207.25999450683594,209.5399932861328,211.6199951171875,1199700.0,206.38623046875
2019-08-27,213.0500030517578,210.1699981689453,212.25,210.47999572753906,1253700.0,205.27439880371094
2019-08-28,212.89999389648438,207.3000030517578,209.97999572753906,212.1199951171875,926100.0,206.8738555908203
2019-08-29,214.38999938964844,211.9499969482422,214.3000030517578,213.3000030517578,1038500.0,208.02467346191406
2019-08-30,214.66000366210938,211.1300048828125,214.36000061035156,211.41000366210938,1216500.0,206.18141174316406
2019-09-03,211.1199951171875,207.94000244140625,209.50999450683594,210.52999877929688,1437700.0,206.05418395996094
2019-09-04,214.11000061035156,210.38999938964844,210.38999938964844,213.64999389648438,1821200.0,209.1078338623047
2019-09-05,215.0,211.8300018310547,215.0,212.1300048828125,1449300.0,207.6201629638672
2019-09-06,216.64999389648438,213.16000366210938,213.6199951171875,214.6999969482422,1370300.0,210.13552856445312
2019-09-09,215.05999755859375,208.27999877929688,214.63999938964844,208.82000732421875,1300500.0,204.3805389404297
2019-09-10,208.63999938964844,197.50999450683594,207.02999877929688,208.6199951171875,2041400.0,204.18478393554688
2019-09-11,209.66000366210938,206.24000549316406,208.9199981689453,207.82000732421875,1334000.0,203.40182495117188
2019-09-12,210.33999633789062,207.27000427246094,210.0,209.42999267578125,1347600.0,204.97756958007812
2019-09-13,210.0800018310547,207.1999969482422,209.7100067138672,207.4499969482422,1238100.0,203.0396728515625
2019-09-16,215.05999755859375,209.50999450683594,212.41000366210938,214.0,2051200.0,209.45042419433594
2019-09-17,215.3000030517578,211.52000427246094,214.22999572753906,214.25999450683594,1319000.0,209.70486450195312
2019-09-18,215.9199981689453,211.10000610351562,213.47000122070312,214.6999969482422,1809600.0,210.13552856445312
2019-09-19,215.8699951171875,213.32000732421875,214.11000061035156,214.05999755859375,1750800.0,209.50912475585938
2019-09-20,215.1300048828125,210.49000549316406,214.1199951171875,211.97999572753906,3335000.0,207.47335815429688
2019-09-23,213.9199981689453,210.92999267578125,212.44000244140625,213.3000030517578,1834900.0,208.7653045654297
2019-09-24,217.30999755859375,211.5800018310547,213.82000732421875,211.91000366210938,2433400.0,207.40484619140625
2019-09-25,213.05999755859375,210.6300048828125,211.47000122070312,212.60000610351562,1157600.0,208.08018493652344
2019-09-26,214.6199951171875,212.6999969482422,213.57000732421875,213.22000122070312,1113100.0,208.68699645996094
2019-09-27,213.5500030517578,207.86000061035156,213.4499969482422,208.9199981689453,1232900.0,204.47840881347656
2019-09-30,211.6199951171875,208.30999755859375,209.74000549316406,208.63999938964844,894200.0,204.20436096191406
2019-10-01,210.64999389648438,203.27999877929688,209.6300048828125,203.69000244140625,1066800.0,199.35960388183594
2019-10-02,203.75,200.6699981689453,203.0,203.27000427246094,1373200.0,198.9485321044922
2019-10-03,206.3699951171875,202.97000122070312,203.61000061035156,206.2100067138672,1293700.0,201.82603454589844
2019-10-04,208.0399932861328,204.36000061035156,205.92999267578125,207.77000427246094,859000.0,203.35284423828125
2019-10-07,208.07000732421875,205.27000427246094,207.61000061035156,205.77000427246094,678300.0,201.39540100097656
2019-10-08,209.47999572753906,204.17999267578125,205.17999267578125,209.25,1733500.0,204.8013916015625
2019-10-09,210.3000030517578,206.44000244140625,210.1199951171875,208.94000244140625,1188700.0,204.49798583984375
2019-10-10,211.5500030517578,208.02000427246094,208.02000427246094,209.92999267578125,1354900.0,205.4669189453125
2019-10-11,212.42999267578125,207.6199951171875,212.42999267578125,208.94000244140625,1288300.0,204.49798583984375
2019-10-14,209.61000061035156,206.3800048828125,208.63999938964844,206.63999938964844,691500.0,202.24688720703125
2019-10-15,208.39999389648438,205.3800048828125,207.2899932861328,205.52000427246094,866600.0,201.15069580078125
2019-10-16,208.1999969482422,204.50999450683594,205.72999572753906,206.77999877929688,1197800.0,202.3839111328125
2019-10-17,208.57000732421875,200.75999450683594,208.22000122070312,200.94000244140625,1196200.0,196.66806030273438
2019-10-18,201.6699981689453,195.1300048828125,201.00999450683594,198.0800018310547,2050500.0,193.86886596679688
2019-10-21,202.19000244140625,198.72999572753906,199.25,199.66000366210938,1124000.0,195.415283203125
2019-10-22,202.50999450683594,197.0800018310547,198.5,200.6699981689453,1430100.0,196.40380859375
2019-10-23,201.8800048828125,198.74000549316406,201.24000549316406,200.3800048828125,1081500.0,196.11997985839844
2019-10-24,206.27000427246094,199.38999938964844,199.8699951171875,204.10000610351562,1292800.0,199.76089477539062
2019-10-25,204.49000549316406,199.17999267578125,204.49000549316406,200.9600067138672,1032100.0,196.68765258789062
2019-10-28,202.64999389648438,199.92999267578125,200.97000122070312,200.58999633789062,1032100.0,196.32550048828125
2019-10-29,204.00999450683594,200.27000427246094,201.24000549316406,202.99000549316406,1795200.0,198.6744842529297
2019-10-30,209.1199951171875,203.00999450683594,206.86000061035156,207.82000732421875,1672800.0,203.40182495117188
2019-10-31,209.35000610351562,204.58999633789062,207.3800048828125,206.30999755859375,1961500.0,201.92388916015625
2019-11-01,208.0,200.14999389648438,206.35000610351562,201.41000366210938,2306500.0,197.12808227539062
2019-11-04,201.6199951171875,193.77000427246094,201.0,194.92999267578125,2317800.0,190.7858123779297
2019-11-05,194.8699951171875,190.5500030517578,194.3699951171875,193.0399932861328,2632700.0,188.93600463867188
2019-11-06,196.3000030517578,192.05999755859375,192.05999755859375,195.9499969482422,1645900.0,191.78414916992188
2019-11-07,197.38999938964844,194.55999755859375,197.0,194.8800048828125,1472300.0,190.7368927001953
2019-11-08,197.75,194.30999755859375,194.3800048828125,196.02000427246094,1374000.0,191.8526611328125
2019-11-11,195.74000549316406,191.9499969482422,194.64999389648438,195.16000366210938,1449600.0,191.01095581054688
2019-11-12,198.64999389648438,194.02999877929688,194.72999572753906,198.19000244140625,1951400.0,193.97653198242188
2019-11-13,200.2899932861328,196.33999633789062,197.92999267578125,199.22999572753906,1190300.0,194.9944305419922
2019-11-14,201.49000549316406,198.6300048828125,199.27999877929688,199.75999450683594,858500.0,195.51316833496094
2019-11-15,202.97999572753906,200.9499969482422,201.6300048828125,202.52000427246094,1093000.0,198.2144775390625
2019-11-18,204.22000122070312,202.00999450683594,202.3800048828125,202.74000549316406,1172100.0,198.42979431152344
2019-11-19,204.99000549316406,202.27999877929688,203.94000244140625,203.14999389648438,1189100.0,198.83106994628906
2019-11-20,206.1999969482422,203.3300018310547,203.4199981689453,204.80999755859375,1112400.0,200.45578002929688
2019-11-21,205.08999633789062,198.6300048828125,204.0,199.05999755859375,1745500.0,195.54408264160156
2019-11-22,201.2100067138672,197.64999389648438,200.67999267578125,198.63999938964844,900500.0,195.1315155029297
2019-11-25,200.5500030517578,195.89999389648438,198.6699981689453,196.49000549316406,1709900.0,193.01950073242188
2019-11-26,200.27999877929688,196.5399932861328,197.5800018310547,199.7100067138672,1812000.0,196.18263244628906
2019-11-27,200.91000366210938,198.52999877929688,199.50999450683594,200.5,802000.0,196.95867919921875
2019-11-29,201.66000366210938,199.36000061035156,201.11000061035156,201.08999633789062,485900.0,197.53822326660156
2019-12-02,200.6699981689453,193.86000061035156,200.22000122070312,194.27000427246094,1364200.0,190.83871459960938
2019-12-03,195.55999755859375,193.32000732421875,194.0,194.94000244140625,1309300.0,191.4968719482422
2019-12-04,196.4499969482422,193.58999633789062,195.77999877929688,193.67999267578125,1062500.0,190.25912475585938
2019-12-05,194.67999267578125,193.14999389648438,193.67999267578125,193.38999938964844,909900.0,189.97425842285156
2019-12-06,195.38999938964844,192.24000549316406,193.5500030517578,192.49000549316406,1310800.0,189.09014892578125
2019-12-09,193.75999450683594,191.92999267578125,192.5,193.6199951171875,1239600.0,190.20018005371094
2019-12-10,199.47999572753906,196.5500030517578,198.07000732421875,196.9600067138672,1626500.0,193.481201171875
2019-12-11,198.63999938964844,196.16000366210938,196.16000366210938,198.47999572753906,1085400.0,194.97433471679688
2019-12-12,199.99000549316406,195.22999572753906,198.38999938964844,196.27999877929688,1102100.0,192.81320190429688
2019-12-13,200.35000610351562,195.77999877929688,195.77999877929688,200.17999267578125,1515900.0,196.64431762695312
2019-12-16,202.4499969482422,199.10000610351562,200.58999633789062,201.33999633789062,1322700.0,197.7838134765625
2019-12-17,201.97999572753906,196.27999877929688,200.97000122070312,199.0800018310547,1240100.0,195.56375122070312
2019-12-18,199.94000244140625,196.5500030517578,199.2100067138672,197.72000122070312,1306700.0,194.22776794433594
2019-12-19,198.97000122070312,196.14999389648438,198.22000122070312,197.41000366210938,1288700.0,193.92324829101562
2019-12-20,200.77000427246094,197.11000061035156,199.60000610351562,199.99000549316406,2304900.0,196.45767211914062
2019-12-23,203.19000244140625,199.05999755859375,200.77000427246094,201.72999572753906,1129400.0,198.1669464111328
2019-12-24,203.02000427246094,200.60000610351562,202.88999938964844,201.22000122070312,330600.0,197.6659393310547
2019-12-26,202.0,200.6199951171875,201.22999572753906,201.61000061035156,637700.0,198.04905700683594
2019-12-27,203.22999572753906,201.25,202.0800018310547,201.7100067138672,881500.0,198.1472930908203
2019-12-30,201.77999877929688,199.0,201.77000427246094,200.0800018310547,838100.0,196.54608154296875
2019-12-31,200.55999755859375,197.0399932861328,199.9199981689453,197.8699951171875,1010900.0,194.3751220703125
2020-01-02,203.3699951171875,198.05999755859375,198.42999267578125,203.30999755859375,1214700.0,199.7190399169922
2020-01-03,210.8300018310547,206.1699981689453,206.1699981689453,210.47000122070312,2182200.0,206.75257873535156
2020-01-06,214.0,209.13999938964844,212.22000122070312,211.72000122070312,1968100.0,207.98049926757812
2020-01-07,214.24000549316406,211.0,212.02000427246094,212.72999572753906,1538100.0,208.97265625
2020-01-08,214.88999938964844,210.41000366210938,212.75,211.2899932861328,1683300.0,207.55809020996094
2020-01-09,212.94000244140625,210.25999450683594,210.38999938964844,212.2899932861328,980000.0,208.54043579101562
2020-01-10,212.33999633789062,209.7100067138672,212.07000732421875,210.3699951171875,1186500.0,206.6543426513672
2020-01-13,212.75,208.72000122070312,211.44000244140625,212.60000610351562,1306900.0,208.84495544433594
2020-01-14,213.08999633789062,211.6199951171875,212.57000732421875,212.77999877929688,1265400.0,209.0217742919922
2020-01-15,215.6699981689453,211.85000610351562,212.39999389648438,213.16000366210938,882700.0,209.39505004882812
2020-01-16,214.99000549316406,213.1999969482422,214.02000427246094,214.35000610351562,876600.0,210.5640411376953
2020-01-17,219.47000122070312,214.00999450683594,215.3000030517578,219.3800048828125,1934500.0,215.50518798828125
2020-01-21,221.33999633789062,217.80999755859375,219.39999389648438,220.4600067138672,1527200.0,216.56613159179688
2020-01-22,223.0,219.32000732421875,221.0,219.91000366210938,1411400.0,216.0258331298828
2020-01-23,223.82000732421875,219.61000061035156,220.1300048828125,222.80999755859375,1211600.0,218.87460327148438
2020-01-24,224.5,222.0399932861328,223.22999572753906,222.97999572753906,1154200.0,219.0416259765625
2020-01-27,223.57000732421875,219.75999450683594,220.99000549316406,222.32000732421875,1231700.0,218.3932647705078
2020-01-28,224.25,220.6300048828125,223.1199951171875,223.13999938964844,1334800.0,219.19879150390625
2020-01-29,225.85000610351562,222.7899932861328,224.0,223.57000732421875,925000.0,219.62120056152344
2020-01-30,225.05999755859375,221.80999755859375,222.00999450683594,224.74000549316406,1038000.0,220.7705535888672
2020-01-31,224.69000244140625,219.41000366210938,223.74000549316406,221.3300018310547,1390100.0,217.42076110839844
2020-02-03,223.27000427246094,220.33999633789062,221.75,220.88999938964844,1244700.0,216.988525390625
2020-02-04,228.5,222.2899932861328,225.36000061035156,223.74000549316406,1802600.0,219.78819274902344
2020-02-05,225.88999938964844,221.91000366210938,224.61000061035156,223.47000122070312,1316400.0,219.52296447753906
2020-02-06,227.5800018310547,222.97999572753906,223.64999389648438,225.97999572753906,1458500.0,221.98861694335938
2020-02-07,230.5800018310547,226.0,227.22000122070312,229.86000061035156,1229800.0,225.8000946044922
2020-02-10,230.99000549316406,227.22999572753906,229.8699951171875,229.60000610351562,1053400.0,225.544677734375
2020-02-11,229.44000244140625,226.8300018310547,229.27000427246094,228.0,1283700.0,223.9729461669922
2020-02-12,230.22999572753906,224.75999450683594,228.49000549316406,230.0399932861328,1433500.0,225.97691345214844
2020-02-13,230.97999572753906,226.9600067138672,229.19000244140625,227.00999450683594,1187900.0,223.00042724609375
2020-02-14,229.47000122070312,226.47999572753906,227.16000366210938,228.5500030517578,1177100.0,224.51324462890625
2020-02-18,229.86000061035156,226.55999755859375,228.0,228.72999572753906,912300.0,224.6900634765625
2020-02-19,229.7100067138672,225.50999450683594,228.61000061035156,225.97999572753906,1450300.0,221.98861694335938
2020-02-20,227.22000122070312,221.49000549316406,226.42999267578125,223.8000030517578,957700.0,219.84713745117188
2020-02-21,224.22999572753906,221.55999755859375,222.99000549316406,222.8000030517578,1198700.0,218.8647918701172
2020-02-24,220.75,216.8300018310547,218.17999267578125,219.05999755859375,1185500.0,215.19085693359375
2020-02-25,220.77999877929688,208.89999389648438,219.3300018310547,209.75999450683594,1907300.0,206.0550994873047
2020-02-26,215.74000549316406,209.77999877929688,209.82000732421875,210.32000732421875,2240700.0,206.60523986816406
2020-02-27,210.02000427246094,201.41000366210938,208.52000427246094,201.94000244140625,2314500.0,198.37322998046875
2020-02-28,198.11000061035156,190.61000061035156,195.52000427246094,197.72999572753906,2997800.0,194.2375946044922
2020-03-02,202.99000549316406,194.7100067138672,197.89999389648438,202.0500030517578,2246600.0,198.48130798339844
2020-03-03,209.5,197.8800048828125,203.8699951171875,198.67999267578125,1772600.0,195.17080688476562
2020-03-04,212.0,200.2899932861328,202.35000610351562,211.63999938964844,1677300.0,207.9019012451172
2020-03-05,208.8699951171875,199.0,208.64999389648438,200.57000732421875,1761000.0,197.02743530273438
2020-03-06,201.58999633789062,192.39999389648438,195.0,199.92999267578125,1615100.0,196.3987274169922
2020-03-09,192.99000549316406,182.0,186.77000427246094,186.5800018310547,1918500.0,183.28453063964844
2020-03-10,196.3000030517578,186.30999755859375,193.5,196.1199951171875,1826200.0,192.656005859375
2020-03-11,193.55999755859375,184.36000061035156,190.8000030517578,188.36000061035156,2323600.0,185.03309631347656
2020-03-12,181.5500030517578,164.1199951171875,174.6199951171875,166.02000427246094,3092700.0,163.82696533203125
2020-03-13,178.63999938964844,164.47999572753906,174.6300048828125,177.6300048828125,2287300.0,175.28359985351562
2020-03-16,166.47000122070312,149.2100067138672,155.0,152.22999572753906,1992100.0,150.2191162109375
2020-03-17,170.67999267578125,151.39999389648438,155.32000732421875,168.9499969482422,2130400.0,166.71826171875
2020-03-18,175.10000610351562,152.1699981689453,154.94000244140625,167.99000549316406,2801800.0,165.7709503173828
2020-03-19,167.3699951171875,153.4499969482422,166.33999633789062,160.13999938964844,2507600.0,158.02462768554688
2020-03-20,160.47999572753906,150.8000030517578,160.47999572753906,154.0399932861328,2684600.0,152.0052032470703
2020-03-23,154.5399932861328,142.00999450683594,153.02999877929688,150.22000122070312,2303300.0,148.2356719970703
2020-03-24,162.55999755859375,152.9499969482422,153.47999572753906,162.07000732421875,1814200.0,159.9291534423828
2020-03-25,179.77000427246094,160.0,160.74000549316406,173.4600067138672,1775700.0,171.16868591308594
2020-03-26,191.19000244140625,174.8300018310547,175.6699981689453,190.5,2310900.0,187.9835968017578
2020-03-27,190.5399932861328,178.4600067138672,183.63999938964844,185.0,2163100.0,182.5562286376953
2020-03-30,187.49000549316406,179.24000549316406,186.91000366210938,181.9600067138672,1925000.0,179.55641174316406
2020-03-31,183.55999755859375,177.00999450683594,180.8300018310547,180.1199951171875,2767400.0,177.74070739746094
2020-04-01,177.91000366210938,170.22999572753906,171.99000549316406,177.1699981689453,1498700.0,174.82968139648438
2020-04-02,183.9600067138672,175.22000122070312,176.1300048828125,183.52000427246094,1898500.0,181.09579467773438
2020-04-03,184.75999450683594,177.35000610351562,183.42999267578125,178.5,1396000.0,176.14210510253906
2020-04-06,187.2100067138672,181.60000610351562,186.9600067138672,184.0,1918700.0,181.56944274902344
2020-04-07,190.63999938964844,178.6699981689453,190.6300048828125,179.89999389648438,2523200.0,177.5236053466797
2020-04-08,188.67999267578125,179.5500030517578,181.0,185.1999969482422,1285800.0,182.7535858154297
2020-04-09,194.25,186.02999877929688,186.3699951171875,190.7899932861328,1873500.0,188.26976013183594
2020-04-13,190.75999450683594,185.02999877929688,190.44000244140625,188.32000732421875,815600.0,185.83238220214844
2020-04-14,197.86000061035156,191.47999572753906,192.6699981689453,197.0,1230000.0,194.39773559570312
2020-04-15,198.4600067138672,190.75999450683594,198.4600067138672,195.0,1312500.0,192.4241485595703
2020-04-16,198.6300048828125,194.17999267578125,195.2100067138672,198.22000122070312,1550500.0,195.6016082763672
2020-04-17,204.1300048828125,200.82000732421875,202.39999389648438,203.5,1639300.0,200.81187438964844
2020-04-20,202.5800018310547,194.64999389648438,200.30999755859375,194.83999633789062,1130300.0,192.26626586914062
2020-04-21,194.6199951171875,186.07000732421875,192.27000427246094,187.77999877929688,1231400.0,185.2995147705078
2020-04-22,194.58999633789062,190.88999938964844,192.22999572753906,191.75999450683594,920600.0,189.2269287109375
2020-04-23,194.24000549316406,188.6999969482422,193.44000244140625,189.42999267578125,1329300.0,186.92770385742188
2020-04-24,190.47000122070312,186.4199981689453,190.0,189.85000610351562,1083200.0,187.34217834472656
2020-04-27,193.99000549316406,190.5399932861328,190.63999938964844,192.6999969482422,781200.0,190.15452575683594
2020-04-28,198.10000610351562,194.1699981689453,195.0,195.7899932861328,925100.0,193.20370483398438
2020-04-29,198.25,193.6199951171875,195.66000366210938,195.3000030517578,1046200.0,192.72018432617188
2020-04-30,194.49000549316406,191.75999450683594,193.24000549316406,193.6999969482422,1053000.0,191.1413116455078
2020-05-01,190.9600067138672,186.77000427246094,190.77999877929688,189.4600067138672,867900.0,186.95733642578125
2020-05-04,188.08999633789062,183.7899932861328,187.5399932861328,186.82000732421875,1101000.0,184.3522186279297
2020-05-05,192.9499969482422,184.0500030517578,185.5800018310547,189.0,1431900.0,186.50338745117188
2020-05-06,190.0,182.24000549316406,189.94000244140625,182.50999450683594,1039000.0,180.09913635253906
2020-05-07,185.75,182.00999450683594,185.0,182.49000549316406,1370700.0,180.0793914794922
2020-05-08,184.6199951171875,180.24000549316406,184.35000610351562,180.9499969482422,1845700.0,178.55972290039062
2020-05-11,181.33999633789062,178.02999877929688,180.0,179.39999389648438,1727200.0,177.0301971435547
2020-05-12,184.0500030517578,179.4499969482422,180.0,180.61000061035156,1766700.0,178.22422790527344
2020-05-13,180.8800048828125,175.55999755859375,180.1300048828125,177.5399932861328,1399100.0,175.1947784423828
2020-05-14,177.99000549316406,171.82000732421875,175.27999877929688,177.83999633789062,1731600.0,175.49081420898438
2020-05-15,177.47000122070312,174.67999267578125,175.80999755859375,176.77999877929688,1714100.0,174.44482421875
2020-05-18,182.67999267578125,179.3300018310547,182.67999267578125,180.9199981689453,1505300.0,178.53013610839844
2020-05-19,183.3000030517578,179.75999450683594,181.3300018310547,179.88999938964844,1192800.0,177.5137481689453
2020-05-20,182.8699951171875,178.82000732421875,182.08999633789062,179.17999267578125,1480500.0,176.8131103515625
2020-05-21,185.1199951171875,179.3300018310547,180.0,184.1199951171875,1550700.0,181.6878662109375
2020-05-22,184.89999389648438,179.85000610351562,184.89999389648438,180.4499969482422,1084700.0,178.06634521484375
2020-05-26,186.0800018310547,182.72000122070312,184.89999389648438,184.77000427246094,2811900.0,182.3292694091797
2020-05-27,193.0399932861328,186.02999877929688,188.0,192.9499969482422,2259800.0,190.40122985839844
2020-05-28,197.92999267578125,193.0,196.83999633789062,196.72999572753906,1579800.0,194.13128662109375
